 0.30050E+01
 0.27050E-01  0.00000E+00  0.00000E+00  0.00000E+00  0.40164E+02  0.00000E+00  0.29815E+03  0.00000E+00  0.00000E+00  0.00000E+00  0.00000E+00  0.00000E+00  0.00000E+00  0.00000E+00  0.33785E+03  0.00000E+00  0.00000E+00  0.00000E+00  0.00000E+00  0.00000E+00  0.00000E+00  0.00000E+00  0.00000E+00  0.00000E+00  0.00000E+00  0.00000E+00  0.00000E+00  0.00000E+00  0.00000E+00  0.00000E+00
 0.81150E-01  0.00000E+00  0.00000E+00  0.00000E+00  0.40164E+02  0.00000E+00  0.29815E+03  0.00000E+00  0.00000E+00  0.00000E+00  0.00000E+00  0.00000E+00  0.00000E+00  0.00000E+00  0.33785E+03  0.00000E+00  0.00000E+00  0.00000E+00  0.00000E+00  0.00000E+00  0.00000E+00  0.00000E+00  0.00000E+00  0.00000E+00  0.00000E+00  0.00000E+00  0.00000E+00  0.00000E+00  0.00000E+00  0.00000E+00
 0.81150E-01  0.00000E+00  0.00000E+00  0.00000E+00  0.40167E+02  0.00000E+00  0.29815E+03  0.00000E+00  0.00000E+00  0.00000E+00  0.00000E+00  0.00000E+00  0.00000E+00  0.00000E+00  0.33600E+03  0.00000E+00  0.00000E+00  0.00000E+00  0.00000E+00  0.00000E+00  0.00000E+00  0.00000E+00  0.00000E+00  0.00000E+00  0.00000E+00  0.00000E+00  0.00000E+00  0.00000E+00  0.00000E+00  0.00000E+00
 0.13525E+00  0.00000E+00  0.00000E+00  0.00000E+00  0.40167E+02  0.00000E+00  0.29815E+03  0.00000E+00  0.00000E+00  0.00000E+00  0.00000E+00  0.00000E+00  0.00000E+00  0.00000E+00  0.33600E+03  0.00000E+00  0.00000E+00  0.00000E+00  0.00000E+00  0.00000E+00  0.00000E+00  0.00000E+00  0.00000E+00  0.00000E+00  0.00000E+00  0.00000E+00  0.00000E+00  0.00000E+00  0.00000E+00  0.00000E+00
 0.13525E+00  0.00000E+00  0.00000E+00  0.00000E+00  0.40166E+02  0.00000E+00  0.29815E+03  0.00000E+00  0.00000E+00  0.00000E+00  0.00000E+00  0.00000E+00  0.00000E+00  0.00000E+00  0.33600E+03  0.00000E+00  0.00000E+00  0.00000E+00  0.00000E+00  0.00000E+00  0.00000E+00  0.00000E+00  0.00000E+00  0.00000E+00  0.00000E+00  0.00000E+00  0.00000E+00  0.00000E+00  0.00000E+00  0.00000E+00
 0.18935E+00  0.00000E+00  0.00000E+00  0.00000E+00  0.40166E+02  0.00000E+00  0.29815E+03  0.00000E+00  0.00000E+00  0.00000E+00  0.00000E+00  0.00000E+00  0.00000E+00  0.00000E+00  0.33600E+03  0.00000E+00  0.00000E+00  0.00000E+00  0.00000E+00  0.00000E+00  0.00000E+00  0.00000E+00  0.00000E+00  0.00000E+00  0.00000E+00  0.00000E+00  0.00000E+00  0.00000E+00  0.00000E+00  0.00000E+00
 0.18935E+00  0.00000E+00  0.00000E+00  0.00000E+00  0.40169E+02  0.00000E+00  0.29815E+03  0.00000E+00  0.00000E+00  0.00000E+00  0.00000E+00  0.00000E+00  0.00000E+00  0.00000E+00  0.33600E+03  0.00000E+00  0.00000E+00  0.00000E+00  0.00000E+00  0.00000E+00  0.00000E+00  0.00000E+00  0.00000E+00  0.00000E+00  0.00000E+00  0.00000E+00  0.00000E+00  0.00000E+00  0.00000E+00  0.00000E+00
 0.24345E+00  0.00000E+00  0.00000E+00  0.00000E+00  0.40169E+02  0.00000E+00  0.29815E+03  0.00000E+00  0.00000E+00  0.00000E+00  0.00000E+00  0.00000E+00  0.00000E+00  0.00000E+00  0.33600E+03  0.00000E+00  0.00000E+00  0.00000E+00  0.00000E+00  0.00000E+00  0.00000E+00  0.00000E+00  0.00000E+00  0.00000E+00  0.00000E+00  0.00000E+00  0.00000E+00  0.00000E+00  0.00000E+00  0.00000E+00
 0.24345E+00  0.00000E+00  0.00000E+00  0.00000E+00  0.40175E+02  0.00000E+00  0.29815E+03  0.00000E+00  0.00000E+00  0.00000E+00  0.00000E+00  0.00000E+00  0.00000E+00  0.00000E+00  0.33600E+03  0.00000E+00  0.00000E+00  0.00000E+00  0.00000E+00  0.00000E+00  0.00000E+00  0.00000E+00  0.00000E+00  0.00000E+00  0.00000E+00  0.00000E+00  0.00000E+00  0.00000E+00  0.00000E+00  0.00000E+00
 0.29755E+00  0.00000E+00  0.00000E+00  0.00000E+00  0.40175E+02  0.00000E+00  0.29815E+03  0.00000E+00  0.00000E+00  0.00000E+00  0.00000E+00  0.00000E+00  0.00000E+00  0.00000E+00  0.33600E+03  0.00000E+00  0.00000E+00  0.00000E+00  0.00000E+00  0.00000E+00  0.00000E+00  0.00000E+00  0.00000E+00  0.00000E+00  0.00000E+00  0.00000E+00  0.00000E+00  0.00000E+00  0.00000E+00  0.00000E+00
 0.29755E+00  0.00000E+00  0.00000E+00  0.00000E+00  0.40176E+02  0.00000E+00  0.29815E+03  0.00000E+00  0.00000E+00  0.00000E+00  0.00000E+00  0.00000E+00  0.00000E+00  0.00000E+00  0.33600E+03  0.00000E+00  0.00000E+00  0.00000E+00  0.00000E+00  0.00000E+00  0.00000E+00  0.00000E+00  0.00000E+00  0.00000E+00  0.00000E+00  0.00000E+00  0.00000E+00  0.00000E+00  0.00000E+00  0.00000E+00
 0.35165E+00  0.00000E+00  0.00000E+00  0.00000E+00  0.40176E+02  0.00000E+00  0.29815E+03  0.00000E+00  0.00000E+00  0.00000E+00  0.00000E+00  0.00000E+00  0.00000E+00  0.00000E+00  0.33600E+03  0.00000E+00  0.00000E+00  0.00000E+00  0.00000E+00  0.00000E+00  0.00000E+00  0.00000E+00  0.00000E+00  0.00000E+00  0.00000E+00  0.00000E+00  0.00000E+00  0.00000E+00  0.00000E+00  0.00000E+00
 0.35155E+00  0.00000E+00  0.00000E+00  0.00000E+00  0.40178E+02  0.00000E+00  0.29815E+03  0.00000E+00  0.00000E+00  0.00000E+00  0.00000E+00  0.00000E+00  0.00000E+00  0.00000E+00  0.33600E+03  0.00000E+00  0.00000E+00  0.00000E+00  0.00000E+00  0.00000E+00  0.00000E+00  0.00000E+00  0.00000E+00  0.00000E+00  0.00000E+00  0.00000E+00  0.00000E+00  0.00000E+00  0.00000E+00  0.00000E+00
 0.40565E+00  0.00000E+00  0.00000E+00  0.00000E+00  0.40178E+02  0.00000E+00  0.29815E+03  0.00000E+00  0.00000E+00  0.00000E+00  0.00000E+00  0.00000E+00  0.00000E+00  0.00000E+00  0.33600E+03  0.00000E+00  0.00000E+00  0.00000E+00  0.00000E+00  0.00000E+00  0.00000E+00  0.00000E+00  0.00000E+00  0.00000E+00  0.00000E+00  0.00000E+00  0.00000E+00  0.00000E+00  0.00000E+00  0.00000E+00
 0.40565E+00  0.00000E+00  0.00000E+00  0.00000E+00  0.40191E+02  0.00000E+00  0.29815E+03  0.00000E+00  0.00000E+00  0.00000E+00  0.00000E+00  0.00000E+00  0.00000E+00  0.00000E+00  0.33600E+03  0.00000E+00  0.00000E+00  0.00000E+00  0.00000E+00  0.00000E+00  0.00000E+00  0.00000E+00  0.00000E+00  0.00000E+00  0.00000E+00  0.00000E+00  0.00000E+00  0.00000E+00  0.00000E+00  0.00000E+00
 0.45975E+00  0.00000E+00  0.00000E+00  0.00000E+00  0.40191E+02  0.00000E+00  0.29815E+03  0.00000E+00  0.00000E+00  0.00000E+00  0.00000E+00  0.00000E+00  0.00000E+00  0.00000E+00  0.33600E+03  0.00000E+00  0.00000E+00  0.00000E+00  0.00000E+00  0.00000E+00  0.00000E+00  0.00000E+00  0.00000E+00  0.00000E+00  0.00000E+00  0.00000E+00  0.00000E+00  0.00000E+00  0.00000E+00  0.00000E+00
 0.45975E+00  0.00000E+00  0.00000E+00  0.00000E+00  0.40204E+02  0.00000E+00  0.29815E+03  0.00000E+00  0.00000E+00  0.00000E+00  0.00000E+00  0.00000E+00  0.00000E+00  0.00000E+00  0.33600E+03  0.00000E+00  0.00000E+00  0.00000E+00  0.00000E+00  0.00000E+00  0.00000E+00  0.00000E+00  0.00000E+00  0.00000E+00  0.00000E+00  0.00000E+00  0.00000E+00  0.00000E+00  0.00000E+00  0.00000E+00
 0.51385E+00  0.00000E+00  0.00000E+00  0.00000E+00  0.40204E+02  0.00000E+00  0.29815E+03  0.00000E+00  0.00000E+00  0.00000E+00  0.00000E+00  0.00000E+00  0.00000E+00  0.00000E+00  0.33600E+03  0.00000E+00  0.00000E+00  0.00000E+00  0.00000E+00  0.00000E+00  0.00000E+00  0.00000E+00  0.00000E+00  0.00000E+00  0.00000E+00  0.00000E+00  0.00000E+00  0.00000E+00  0.00000E+00  0.00000E+00
 0.51385E+00  0.74834E+01  0.00000E+00  0.74834E+01  0.40206E+02  0.74834E+01  0.29815E+03  0.00000E+00  0.00000E+00  0.00000E+00  0.00000E+00  0.74834E+01  0.00000E+00  0.11041E+00  0.24848E+04  0.00000E+00  0.00000E+00  0.00000E+00  0.00000E+00  0.00000E+00  0.00000E+00  0.60283E-02  0.00000E+00  0.90712E+01  0.00000E+00  0.90712E+01  0.00000E+00  0.00000E+00  0.00000E+00  0.90712E+01
 0.56795E+00  0.74834E+01  0.00000E+00  0.74834E+01  0.40206E+02  0.74834E+01  0.29815E+03  0.00000E+00  0.00000E+00  0.00000E+00  0.00000E+00  0.74834E+01  0.00000E+00  0.11041E+00  0.24848E+04  0.00000E+00  0.00000E+00  0.00000E+00  0.00000E+00  0.00000E+00  0.00000E+00  0.60283E-02  0.00000E+00  0.90712E+01  0.00000E+00  0.90712E+01  0.00000E+00  0.00000E+00  0.00000E+00  0.90712E+01
 0.56795E+00  0.00000E+00  0.00000E+00  0.46998E+01  0.40185E+02  0.46998E+01  0.24975E+04  0.00000E+00  0.46998E+01  0.46998E+01  0.60993E+01  0.60993E+01  0.22945E+00  0.14847E+02  0.11601E+04  0.51487E+02  0.15485E+05  0.59499E+04  0.00000E+00  0.00000E+00  0.00000E+00  0.10827E-01  0.00000E+00  0.90712E+01  0.00000E+00  0.90712E+01  0.00000E+00  0.45384E+01  0.45384E+01  0.13610E+02
 0.62205E+00  0.00000E+00  0.00000E+00  0.46998E+01  0.40185E+02  0.46998E+01  0.24975E+04  0.00000E+00  0.46998E+01  0.46998E+01  0.60993E+01  0.60993E+01  0.22945E+00  0.14847E+02  0.11601E+04  0.51487E+02  0.15485E+05  0.59499E+04  0.00000E+00  0.00000E+00  0.00000E+00  0.10827E-01  0.00000E+00  0.90712E+01  0.00000E+00  0.90712E+01  0.00000E+00  0.45384E+01  0.45384E+01  0.13610E+02
 0.61521E+00  0.00000E+00  0.00000E+00  0.43952E+01  0.40206E+02  0.43952E+01  0.24958E+04  0.00000E+00  0.43952E+01  0.43952E+01  0.15626E+02  0.15626E+02  0.71872E+00  0.23969E+03  0.12050E+04  0.56681E+02  0.15442E+05  0.50212E+04  0.00000E+00  0.00000E+00  0.00000E+00  0.18327E-01  0.00000E+00  0.90712E+01  0.00000E+00  0.90712E+01  0.00000E+00  0.76980E+01  0.76980E+01  0.16769E+02
 0.65679E+00  0.00000E+00  0.00000E+00  0.43952E+01  0.40206E+02  0.43952E+01  0.24958E+04  0.00000E+00  0.43952E+01  0.43952E+01  0.15626E+02  0.15626E+02  0.71872E+00  0.23969E+03  0.12050E+04  0.56681E+02  0.15442E+05  0.50212E+04  0.00000E+00  0.00000E+00  0.00000E+00  0.18327E-01  0.00000E+00  0.90712E+01  0.00000E+00  0.90712E+01  0.00000E+00  0.76980E+01  0.76980E+01  0.16769E+02
 0.65721E+00  0.00000E+00  0.00000E+00  0.41290E+01  0.40231E+02  0.41290E+01  0.24940E+04  0.00000E+00  0.41290E+01  0.41290E+01  0.49822E+01  0.49822E+01  0.17126E+00  0.10112E+02  0.11892E+04  0.60182E+02  0.15401E+05  0.43299E+04  0.00000E+00  0.00000E+00  0.00000E+00  0.30855E-01  0.00000E+00  0.90712E+01  0.00000E+00  0.90712E+01  0.00000E+00  0.10774E+02  0.10774E+02  0.19846E+02
 0.69879E+00  0.00000E+00  0.00000E+00  0.41290E+01  0.40231E+02  0.41290E+01  0.24940E+04  0.00000E+00  0.41290E+01  0.41290E+01  0.49822E+01  0.49822E+01  0.17126E+00  0.10112E+02  0.11892E+04  0.60182E+02  0.15401E+05  0.43299E+04  0.00000E+00  0.00000E+00  0.00000E+00  0.30855E-01  0.00000E+00  0.90712E+01  0.00000E+00  0.90712E+01  0.00000E+00  0.10774E+02  0.10774E+02  0.19846E+02
 0.69821E+00  0.00000E+00  0.00000E+00  0.39472E+01  0.40254E+02  0.39472E+01  0.24923E+04  0.00000E+00  0.39472E+01  0.39472E+01  0.48096E+01  0.48096E+01  0.17930E+00  0.10716E+02  0.11148E+04  0.62191E+02  0.15361E+05  0.38188E+04  0.00000E+00  0.00000E+00  0.00000E+00  0.51926E-01  0.00000E+00  0.90712E+01  0.00000E+00  0.90712E+01  0.00000E+00  0.13819E+02  0.13819E+02  0.22890E+02
 0.73979E+00  0.00000E+00  0.00000E+00  0.39472E+01  0.40254E+02  0.39472E+01  0.24923E+04  0.00000E+00  0.39472E+01  0.39472E+01  0.48096E+01  0.48096E+01  0.17930E+00  0.10716E+02  0.11148E+04  0.62191E+02  0.15361E+05  0.38188E+04  0.00000E+00  0.00000E+00  0.00000E+00  0.51926E-01  0.00000E+00  0.90712E+01  0.00000E+00  0.90712E+01  0.00000E+00  0.13819E+02  0.13819E+02  0.22890E+02
 0.74021E+00  0.00000E+00  0.00000E+00  0.38268E+01  0.40264E+02  0.38268E+01  0.24906E+04  0.00000E+00  0.38268E+01  0.38268E+01  0.42092E+01  0.42092E+01  0.90860E-01  0.22410E+01  0.10302E+04  0.63187E+02  0.15322E+05  0.33340E+04  0.00000E+00  0.00000E+00  0.00000E+00  0.87295E-01  0.00000E+00  0.90712E+01  0.00000E+00  0.90712E+01  0.00000E+00  0.16870E+02  0.16870E+02  0.25942E+02
 0.78179E+00  0.00000E+00  0.00000E+00  0.38268E+01  0.40264E+02  0.38268E+01  0.24906E+04  0.00000E+00  0.38268E+01  0.38268E+01  0.42092E+01  0.42092E+01  0.90860E-01  0.22410E+01  0.10302E+04  0.63187E+02  0.15322E+05  0.33340E+04  0.00000E+00  0.00000E+00  0.00000E+00  0.87295E-01  0.00000E+00  0.90712E+01  0.00000E+00  0.90712E+01  0.00000E+00  0.16870E+02  0.16870E+02  0.25942E+02
 0.78121E+00  0.00000E+00  0.00000E+00  0.37582E+01  0.40291E+02  0.37582E+01  0.24889E+04  0.00000E+00  0.37582E+01  0.37582E+01  0.42656E+01  0.42656E+01  0.11897E+00  0.30491E+01  0.90310E+03  0.63357E+02  0.15284E+05  0.29599E+04  0.00000E+00  0.00000E+00  0.00000E+00  0.14476E+00  0.00000E+00  0.90712E+01  0.00000E+00  0.90712E+01  0.00000E+00  0.19966E+02  0.19966E+02  0.29037E+02
 0.82279E+00  0.00000E+00  0.00000E+00  0.37582E+01  0.40291E+02  0.37582E+01  0.24889E+04  0.00000E+00  0.37582E+01  0.37582E+01  0.42656E+01  0.42656E+01  0.11897E+00  0.30491E+01  0.90310E+03  0.63357E+02  0.15284E+05  0.29599E+04  0.00000E+00  0.00000E+00  0.00000E+00  0.14476E+00  0.00000E+00  0.90712E+01  0.00000E+00  0.90712E+01  0.00000E+00  0.19966E+02  0.19966E+02  0.29037E+02
 0.82321E+00  0.00000E+00  0.00000E+00  0.37397E+01  0.40321E+02  0.37397E+01  0.24878E+04  0.00000E+00  0.37397E+01  0.37397E+01  0.38895E+01  0.38895E+01  0.38531E-01  0.88800E+00  0.85761E+03  0.62755E+02  0.89281E+04  0.26559E+04  0.00000E+00  0.00000E+00  0.00000E+00  0.19750E+00  0.00000E+00  0.90712E+01  0.00000E+00  0.90712E+01  0.00000E+00  0.23144E+02  0.23144E+02  0.32215E+02
 0.86479E+00  0.00000E+00  0.00000E+00  0.37397E+01  0.40321E+02  0.37397E+01  0.24878E+04  0.00000E+00  0.37397E+01  0.37397E+01  0.38895E+01  0.38895E+01  0.38531E-01  0.88800E+00  0.85761E+03  0.62755E+02  0.89281E+04  0.26559E+04  0.00000E+00  0.00000E+00  0.00000E+00  0.19750E+00  0.00000E+00  0.90712E+01  0.00000E+00  0.90712E+01  0.00000E+00  0.23144E+02  0.23144E+02  0.32215E+02
 0.86521E+00  0.00000E+00  0.00000E+00  0.37772E+01  0.40325E+02  0.37772E+01  0.24866E+04  0.00000E+00  0.37772E+01  0.37772E+01  0.39635E+01  0.39635E+01  0.47024E-01  0.10954E+01  0.77729E+03  0.61365E+02  0.10569E+05  0.23350E+04  0.00000E+00  0.00000E+00  0.00000E+00  0.28746E+00  0.00000E+00  0.90712E+01  0.00000E+00  0.90712E+01  0.00000E+00  0.26453E+02  0.26453E+02  0.35524E+02
 0.90679E+00  0.00000E+00  0.00000E+00  0.37772E+01  0.40325E+02  0.37772E+01  0.24866E+04  0.00000E+00  0.37772E+01  0.37772E+01  0.39635E+01  0.39635E+01  0.47024E-01  0.10954E+01  0.77729E+03  0.61365E+02  0.10569E+05  0.23350E+04  0.00000E+00  0.00000E+00  0.00000E+00  0.28746E+00  0.00000E+00  0.90712E+01  0.00000E+00  0.90712E+01  0.00000E+00  0.26453E+02  0.26453E+02  0.35524E+02
 0.90621E+00  0.00000E+00  0.00000E+00  0.38804E+01  0.40332E+02  0.38804E+01  0.24850E+04  0.00000E+00  0.38804E+01  0.38804E+01  0.41228E+01  0.41228E+01  0.58784E-01  0.13900E+01  0.69501E+03  0.59082E+02  0.12850E+05  0.19382E+04  0.00000E+00  0.00000E+00  0.00000E+00  0.46135E+00  0.00000E+00  0.90712E+01  0.00000E+00  0.90712E+01  0.00000E+00  0.29955E+02  0.29955E+02  0.39026E+02
 0.94779E+00  0.00000E+00  0.00000E+00  0.38804E+01  0.40332E+02  0.38804E+01  0.24850E+04  0.00000E+00  0.38804E+01  0.38804E+01  0.41228E+01  0.41228E+01  0.58784E-01  0.13900E+01  0.69501E+03  0.59082E+02  0.12850E+05  0.19382E+04  0.00000E+00  0.00000E+00  0.00000E+00  0.46135E+00  0.00000E+00  0.90712E+01  0.00000E+00  0.90712E+01  0.00000E+00  0.29955E+02  0.29955E+02  0.39026E+02
 0.94821E+00  0.00000E+00  0.00000E+00  0.40540E+01  0.40362E+02  0.40540E+01  0.24832E+04  0.00000E+00  0.40540E+01  0.40540E+01  0.43574E+01  0.43574E+01  0.69623E-01  0.16696E+01  0.62700E+03  0.55802E+02  0.14996E+05  0.15140E+04  0.00000E+00  0.00000E+00  0.00000E+00  0.80090E+00  0.00000E+00  0.90712E+01  0.00000E+00  0.90712E+01  0.00000E+00  0.33719E+02  0.33719E+02  0.42790E+02
 0.98979E+00  0.00000E+00  0.00000E+00  0.40540E+01  0.40362E+02  0.40540E+01  0.24832E+04  0.00000E+00  0.40540E+01  0.40540E+01  0.43574E+01  0.43574E+01  0.69623E-01  0.16696E+01  0.62700E+03  0.55802E+02  0.14996E+05  0.15140E+04  0.00000E+00  0.00000E+00  0.00000E+00  0.80090E+00  0.00000E+00  0.90712E+01  0.00000E+00  0.90712E+01  0.00000E+00  0.33719E+02  0.33719E+02  0.42790E+02
 0.98921E+00  0.00000E+00  0.00000E+00  0.42762E+01  0.40372E+02  0.42762E+01  0.24814E+04  0.00000E+00  0.42762E+01  0.42762E+01  0.46463E+01  0.46463E+01  0.79674E-01  0.19360E+01  0.57259E+03  0.51586E+02  0.15111E+05  0.11521E+04  0.00000E+00  0.00000E+00  0.00000E+00  0.13926E+01  0.00000E+00  0.90712E+01  0.00000E+00  0.90712E+01  0.00000E+00  0.37801E+02  0.37801E+02  0.46872E+02
 0.10308E+01  0.00000E+00  0.00000E+00  0.42762E+01  0.40372E+02  0.42762E+01  0.24814E+04  0.00000E+00  0.42762E+01  0.42762E+01  0.46463E+01  0.46463E+01  0.79674E-01  0.19360E+01  0.57259E+03  0.51586E+02  0.15111E+05  0.11521E+04  0.00000E+00  0.00000E+00  0.00000E+00  0.13926E+01  0.00000E+00  0.90712E+01  0.00000E+00  0.90712E+01  0.00000E+00  0.37801E+02  0.37801E+02  0.46872E+02
 0.10292E+01  0.00000E+00  0.00000E+00  0.45102E+01  0.40361E+02  0.45102E+01  0.24795E+04  0.00000E+00  0.45102E+01  0.45102E+01  0.49552E+01  0.49552E+01  0.89815E-01  0.22121E+01  0.52842E+03  0.46900E+02  0.15070E+05  0.86722E+03  0.00000E+00  0.00000E+00  0.00000E+00  0.23893E+01  0.00000E+00  0.90712E+01  0.00000E+00  0.90712E+01  0.00000E+00  0.42225E+02  0.42225E+02  0.51296E+02
 0.10708E+01  0.00000E+00  0.00000E+00  0.45102E+01  0.40361E+02  0.45102E+01  0.24795E+04  0.00000E+00  0.45102E+01  0.45102E+01  0.49552E+01  0.49552E+01  0.89815E-01  0.22121E+01  0.52842E+03  0.46900E+02  0.15070E+05  0.86722E+03  0.00000E+00  0.00000E+00  0.00000E+00  0.23893E+01  0.00000E+00  0.90712E+01  0.00000E+00  0.90712E+01  0.00000E+00  0.42225E+02  0.42225E+02  0.51296E+02
 0.10692E+01  0.00000E+00  0.00000E+00  0.47148E+01  0.40380E+02  0.47148E+01  0.24777E+04  0.00000E+00  0.47148E+01  0.47148E+01  0.52269E+01  0.52269E+01  0.97961E-01  0.24393E+01  0.49496E+03  0.42271E+02  0.15030E+05  0.65214E+03  0.00000E+00  0.00000E+00  0.00000E+00  0.40317E+01  0.00000E+00  0.90712E+01  0.00000E+00  0.90712E+01  0.00000E+00  0.46973E+02  0.46973E+02  0.56044E+02
 0.11108E+01  0.00000E+00  0.00000E+00  0.47148E+01  0.40380E+02  0.47148E+01  0.24777E+04  0.00000E+00  0.47148E+01  0.47148E+01  0.52269E+01  0.52269E+01  0.97961E-01  0.24393E+01  0.49496E+03  0.42271E+02  0.15030E+05  0.65214E+03  0.00000E+00  0.00000E+00  0.00000E+00  0.40317E+01  0.00000E+00  0.90712E+01  0.00000E+00  0.90712E+01  0.00000E+00  0.46973E+02  0.46973E+02  0.56044E+02
 0.11192E+01  0.00000E+00  0.00000E+00  0.48489E+01  0.40405E+02  0.48489E+01  0.24760E+04  0.00000E+00  0.48489E+01  0.48489E+01  0.54112E+01  0.54112E+01  0.10391E+00  0.26085E+01  0.46953E+03  0.38108E+02  0.14990E+05  0.49312E+03  0.00000E+00  0.00000E+00  0.00000E+00  0.67570E+01  0.00000E+00  0.90712E+01  0.00000E+00  0.90712E+01  0.00000E+00  0.51984E+02  0.51984E+02  0.61055E+02
 0.11608E+01  0.00000E+00  0.00000E+00  0.48489E+01  0.40405E+02  0.48489E+01  0.24760E+04  0.00000E+00  0.48489E+01  0.48489E+01  0.54112E+01  0.54112E+01  0.10391E+00  0.26085E+01  0.46953E+03  0.38108E+02  0.14990E+05  0.49312E+03  0.00000E+00  0.00000E+00  0.00000E+00  0.67570E+01  0.00000E+00  0.90712E+01  0.00000E+00  0.90712E+01  0.00000E+00  0.51984E+02  0.51984E+02  0.61055E+02
 0.11592E+01  0.00000E+00  0.00000E+00  0.48664E+01  0.40390E+02  0.48664E+01  0.24742E+04  0.00000E+00  0.48664E+01  0.48664E+01  0.54517E+01  0.54517E+01  0.10736E+00  0.27077E+01  0.45062E+03  0.34690E+02  0.14951E+05  0.37889E+03  0.00000E+00  0.00000E+00  0.00000E+00  0.11224E+02  0.00000E+00  0.90712E+01  0.00000E+00  0.90712E+01  0.00000E+00  0.57140E+02  0.57140E+02  0.66211E+02
 0.12008E+01  0.00000E+00  0.00000E+00  0.48664E+01  0.40390E+02  0.48664E+01  0.24742E+04  0.00000E+00  0.48664E+01  0.48664E+01  0.54517E+01  0.54517E+01  0.10736E+00  0.27077E+01  0.45062E+03  0.34690E+02  0.14951E+05  0.37889E+03  0.00000E+00  0.00000E+00  0.00000E+00  0.11224E+02  0.00000E+00  0.90712E+01  0.00000E+00  0.90712E+01  0.00000E+00  0.57140E+02  0.57140E+02  0.66211E+02
 0.11992E+01  0.00000E+00  0.00000E+00  0.47242E+01  0.40376E+02  0.47242E+01  0.24731E+04  0.00000E+00  0.47242E+01  0.47242E+01  0.53323E+01  0.53323E+01  0.11405E+00  0.29032E+01  0.43745E+03  0.32148E+02  0.14926E+05  0.31914E+03  0.00000E+00  0.00000E+00  0.00000E+00  0.15517E+02  0.00000E+00  0.90712E+01  0.00000E+00  0.90712E+01  0.00000E+00  0.62269E+02  0.62269E+02  0.71340E+02
 0.12408E+01  0.00000E+00  0.00000E+00  0.47242E+01  0.40376E+02  0.47242E+01  0.24731E+04  0.00000E+00  0.47242E+01  0.47242E+01  0.53323E+01  0.53323E+01  0.11405E+00  0.29032E+01  0.43745E+03  0.32148E+02  0.14926E+05  0.31914E+03  0.00000E+00  0.00000E+00  0.00000E+00  0.15517E+02  0.00000E+00  0.90712E+01  0.00000E+00  0.90712E+01  0.00000E+00  0.62269E+02  0.62269E+02  0.71340E+02
 0.12392E+01  0.00000E+00  0.00000E+00  0.44365E+01  0.40394E+02  0.44365E+01  0.24740E+04  0.00000E+00  0.44365E+01  0.44365E+01  0.44365E+01  0.44365E+01  0.00000E+00  0.00000E+00  0.43180E+03  0.30325E+02  0.18751E+04  0.35236E+03  0.00000E+00  0.00000E+00  0.00000E+00  0.11827E+02  0.00000E+00  0.90712E+01  0.00000E+00  0.90712E+01  0.00000E+00  0.67202E+02  0.67202E+02  0.76273E+02
 0.12808E+01  0.00000E+00  0.00000E+00  0.44365E+01  0.40394E+02  0.44365E+01  0.24740E+04  0.00000E+00  0.44365E+01  0.44365E+01  0.44365E+01  0.44365E+01  0.00000E+00  0.00000E+00  0.43180E+03  0.30325E+02  0.18751E+04  0.35236E+03  0.00000E+00  0.00000E+00  0.00000E+00  0.11827E+02  0.00000E+00  0.90712E+01  0.00000E+00  0.90712E+01  0.00000E+00  0.67202E+02  0.67202E+02  0.76273E+02
 0.12792E+01  0.00000E+00  0.00000E+00  0.42088E+01  0.40379E+02  0.42088E+01  0.24747E+04  0.00000E+00  0.42088E+01  0.42088E+01  0.42088E+01  0.42088E+01  0.00000E+00  0.00000E+00  0.42885E+03  0.30210E+02  0.18772E+04  0.38812E+03  0.00000E+00  0.00000E+00  0.00000E+00  0.95732E+01  0.00000E+00  0.90712E+01  0.00000E+00  0.90712E+01  0.00000E+00  0.71992E+02  0.71992E+02  0.81063E+02
 0.13208E+01  0.00000E+00  0.00000E+00  0.42088E+01  0.40379E+02  0.42088E+01  0.24747E+04  0.00000E+00  0.42088E+01  0.42088E+01  0.42088E+01  0.42088E+01  0.00000E+00  0.00000E+00  0.42885E+03  0.30210E+02  0.18772E+04  0.38812E+03  0.00000E+00  0.00000E+00  0.00000E+00  0.95732E+01  0.00000E+00  0.90712E+01  0.00000E+00  0.90712E+01  0.00000E+00  0.71992E+02  0.71992E+02  0.81063E+02
 0.13192E+01  0.00000E+00  0.00000E+00  0.40205E+01  0.40326E+02  0.40205E+01  0.24753E+04  0.00000E+00  0.40205E+01  0.40205E+01  0.40205E+01  0.40205E+01  0.00000E+00  0.00000E+00  0.42608E+03  0.30316E+02  0.18788E+04  0.42070E+03  0.00000E+00  0.00000E+00  0.00000E+00  0.81067E+01  0.00000E+00  0.90712E+01  0.00000E+00  0.90712E+01  0.00000E+00  0.76673E+02  0.76673E+02  0.85744E+02
 0.13608E+01  0.00000E+00  0.00000E+00  0.40205E+01  0.40326E+02  0.40205E+01  0.24753E+04  0.00000E+00  0.40205E+01  0.40205E+01  0.40205E+01  0.40205E+01  0.00000E+00  0.00000E+00  0.42608E+03  0.30316E+02  0.18788E+04  0.42070E+03  0.00000E+00  0.00000E+00  0.00000E+00  0.81067E+01  0.00000E+00  0.90712E+01  0.00000E+00  0.90712E+01  0.00000E+00  0.76673E+02  0.76673E+02  0.85744E+02
 0.13592E+01  0.00000E+00  0.00000E+00  0.38607E+01  0.40317E+02  0.38607E+01  0.24758E+04  0.00000E+00  0.38607E+01  0.38607E+01  0.38607E+01  0.38607E+01  0.00000E+00  0.00000E+00  0.42317E+03  0.30464E+02  0.18803E+04  0.45333E+03  0.00000E+00  0.00000E+00  0.00000E+00  0.69842E+01  0.00000E+00  0.90712E+01  0.00000E+00  0.90712E+01  0.00000E+00  0.81269E+02  0.81269E+02  0.90340E+02
 0.14008E+01  0.00000E+00  0.00000E+00  0.38607E+01  0.40317E+02  0.38607E+01  0.24758E+04  0.00000E+00  0.38607E+01  0.38607E+01  0.38607E+01  0.38607E+01  0.00000E+00  0.00000E+00  0.42317E+03  0.30464E+02  0.18803E+04  0.45333E+03  0.00000E+00  0.00000E+00  0.00000E+00  0.69842E+01  0.00000E+00  0.90712E+01  0.00000E+00  0.90712E+01  0.00000E+00  0.81269E+02  0.81269E+02  0.90340E+02
 0.14092E+01  0.00000E+00  0.00000E+00  0.37299E+01  0.40336E+02  0.37299E+01  0.24763E+04  0.00000E+00  0.37299E+01  0.37299E+01  0.37299E+01  0.37299E+01  0.00000E+00  0.00000E+00  0.42066E+03  0.30725E+02  0.18817E+04  0.48832E+03  0.00000E+00  0.00000E+00  0.00000E+00  0.60488E+01  0.00000E+00  0.90712E+01  0.00000E+00  0.90712E+01  0.00000E+00  0.85807E+02  0.85807E+02  0.94878E+02
 0.14508E+01  0.00000E+00  0.00000E+00  0.37299E+01  0.40336E+02  0.37299E+01  0.24763E+04  0.00000E+00  0.37299E+01  0.37299E+01  0.37299E+01  0.37299E+01  0.00000E+00  0.00000E+00  0.42066E+03  0.30725E+02  0.18817E+04  0.48832E+03  0.00000E+00  0.00000E+00  0.00000E+00  0.60488E+01  0.00000E+00  0.90712E+01  0.00000E+00  0.90712E+01  0.00000E+00  0.85807E+02  0.85807E+02  0.94878E+02
 0.14492E+01  0.00000E+00  0.00000E+00  0.36258E+01  0.40293E+02  0.36258E+01  0.24768E+04  0.00000E+00  0.36258E+01  0.36258E+01  0.36258E+01  0.36258E+01  0.00000E+00  0.00000E+00  0.41835E+03  0.31122E+02  0.18831E+04  0.52635E+03  0.00000E+00  0.00000E+00  0.00000E+00  0.52510E+01  0.00000E+00  0.90712E+01  0.00000E+00  0.90712E+01  0.00000E+00  0.90314E+02  0.90314E+02  0.99385E+02
 0.14908E+01  0.00000E+00  0.00000E+00  0.36258E+01  0.40293E+02  0.36258E+01  0.24768E+04  0.00000E+00  0.36258E+01  0.36258E+01  0.36258E+01  0.36258E+01  0.00000E+00  0.00000E+00  0.41835E+03  0.31122E+02  0.18831E+04  0.52635E+03  0.00000E+00  0.00000E+00  0.00000E+00  0.52510E+01  0.00000E+00  0.90712E+01  0.00000E+00  0.90712E+01  0.00000E+00  0.90314E+02  0.90314E+02  0.99385E+02
 0.14892E+01  0.00000E+00  0.00000E+00  0.35442E+01  0.40226E+02  0.35442E+01  0.24773E+04  0.00000E+00  0.35442E+01  0.35442E+01  0.35442E+01  0.35442E+01  0.00000E+00  0.00000E+00  0.41578E+03  0.31617E+02  0.18844E+04  0.56719E+03  0.00000E+00  0.00000E+00  0.00000E+00  0.45708E+01  0.00000E+00  0.90712E+01  0.00000E+00  0.90712E+01  0.00000E+00  0.94812E+02  0.94812E+02  0.10388E+03
 0.15308E+01  0.00000E+00  0.00000E+00  0.35442E+01  0.40226E+02  0.35442E+01  0.24773E+04  0.00000E+00  0.35442E+01  0.35442E+01  0.35442E+01  0.35442E+01  0.00000E+00  0.00000E+00  0.41578E+03  0.31617E+02  0.18844E+04  0.56719E+03  0.00000E+00  0.00000E+00  0.00000E+00  0.45708E+01  0.00000E+00  0.90712E+01  0.00000E+00  0.90712E+01  0.00000E+00  0.94812E+02  0.94812E+02  0.10388E+03
 0.15292E+01  0.00000E+00  0.00000E+00  0.34817E+01  0.40229E+02  0.34817E+01  0.24777E+04  0.00000E+00  0.34817E+01  0.34817E+01  0.34817E+01  0.34817E+01  0.00000E+00  0.00000E+00  0.41115E+03  0.32170E+02  0.18858E+04  0.61046E+03  0.00000E+00  0.00000E+00  0.00000E+00  0.39995E+01  0.00000E+00  0.90712E+01  0.00000E+00  0.90712E+01  0.00000E+00  0.99322E+02  0.99322E+02  0.10839E+03
 0.15708E+01  0.00000E+00  0.00000E+00  0.34817E+01  0.40229E+02  0.34817E+01  0.24777E+04  0.00000E+00  0.34817E+01  0.34817E+01  0.34817E+01  0.34817E+01  0.00000E+00  0.00000E+00  0.41115E+03  0.32170E+02  0.18858E+04  0.61046E+03  0.00000E+00  0.00000E+00  0.00000E+00  0.39995E+01  0.00000E+00  0.90712E+01  0.00000E+00  0.90712E+01  0.00000E+00  0.99322E+02  0.99322E+02  0.10839E+03
 0.15692E+01  0.00000E+00  0.00000E+00  0.34359E+01  0.40241E+02  0.34359E+01  0.24782E+04  0.00000E+00  0.34359E+01  0.34359E+01  0.34359E+01  0.34359E+01  0.00000E+00  0.00000E+00  0.40279E+03  0.32754E+02  0.18870E+04  0.65541E+03  0.00000E+00  0.00000E+00  0.00000E+00  0.35318E+01  0.00000E+00  0.90712E+01  0.00000E+00  0.90712E+01  0.00000E+00  0.10386E+03  0.10386E+03  0.11293E+03
 0.16108E+01  0.00000E+00  0.00000E+00  0.34359E+01  0.40241E+02  0.34359E+01  0.24782E+04  0.00000E+00  0.34359E+01  0.34359E+01  0.34359E+01  0.34359E+01  0.00000E+00  0.00000E+00  0.40279E+03  0.32754E+02  0.18870E+04  0.65541E+03  0.00000E+00  0.00000E+00  0.00000E+00  0.35318E+01  0.00000E+00  0.90712E+01  0.00000E+00  0.90712E+01  0.00000E+00  0.10386E+03  0.10386E+03  0.11293E+03
 0.16092E+01  0.00000E+00  0.00000E+00  0.34041E+01  0.40177E+02  0.34041E+01  0.24785E+04  0.00000E+00  0.34041E+01  0.34041E+01  0.34041E+01  0.34041E+01  0.00000E+00  0.00000E+00  0.39480E+03  0.33354E+02  0.18881E+04  0.69900E+03  0.00000E+00  0.00000E+00  0.00000E+00  0.31635E+01  0.00000E+00  0.90712E+01  0.00000E+00  0.90712E+01  0.00000E+00  0.10845E+03  0.10845E+03  0.11752E+03
 0.16508E+01  0.00000E+00  0.00000E+00  0.34041E+01  0.40177E+02  0.34041E+01  0.24785E+04  0.00000E+00  0.34041E+01  0.34041E+01  0.34041E+01  0.34041E+01  0.00000E+00  0.00000E+00  0.39480E+03  0.33354E+02  0.18881E+04  0.69900E+03  0.00000E+00  0.00000E+00  0.00000E+00  0.31635E+01  0.00000E+00  0.90712E+01  0.00000E+00  0.90712E+01  0.00000E+00  0.10845E+03  0.10845E+03  0.11752E+03
 0.16592E+01  0.00000E+00  0.00000E+00  0.33822E+01  0.40118E+02  0.33822E+01  0.24789E+04  0.00000E+00  0.33822E+01  0.33822E+01  0.33822E+01  0.33822E+01  0.00000E+00  0.00000E+00  0.38727E+03  0.33962E+02  0.18890E+04  0.73897E+03  0.00000E+00  0.00000E+00  0.00000E+00  0.28893E+01  0.00000E+00  0.90712E+01  0.00000E+00  0.90712E+01  0.00000E+00  0.11310E+03  0.11310E+03  0.12217E+03
 0.17008E+01  0.00000E+00  0.00000E+00  0.33822E+01  0.40118E+02  0.33822E+01  0.24789E+04  0.00000E+00  0.33822E+01  0.33822E+01  0.33822E+01  0.33822E+01  0.00000E+00  0.00000E+00  0.38727E+03  0.33962E+02  0.18890E+04  0.73897E+03  0.00000E+00  0.00000E+00  0.00000E+00  0.28893E+01  0.00000E+00  0.90712E+01  0.00000E+00  0.90712E+01  0.00000E+00  0.11310E+03  0.11310E+03  0.12217E+03
 0.16992E+01  0.00000E+00  0.00000E+00  0.33646E+01  0.40142E+02  0.33646E+01  0.24791E+04  0.00000E+00  0.33646E+01  0.33646E+01  0.33646E+01  0.33646E+01  0.00000E+00  0.00000E+00  0.37884E+03  0.34569E+02  0.18896E+04  0.77336E+03  0.00000E+00  0.00000E+00  0.00000E+00  0.27053E+01  0.00000E+00  0.90712E+01  0.00000E+00  0.90712E+01  0.00000E+00  0.11781E+03  0.11781E+03  0.12688E+03
 0.17408E+01  0.00000E+00  0.00000E+00  0.33646E+01  0.40142E+02  0.33646E+01  0.24791E+04  0.00000E+00  0.33646E+01  0.33646E+01  0.33646E+01  0.33646E+01  0.00000E+00  0.00000E+00  0.37884E+03  0.34569E+02  0.18896E+04  0.77336E+03  0.00000E+00  0.00000E+00  0.00000E+00  0.27053E+01  0.00000E+00  0.90712E+01  0.00000E+00  0.90712E+01  0.00000E+00  0.11781E+03  0.11781E+03  0.12688E+03
 0.17392E+01  0.00000E+00  0.00000E+00  0.33482E+01  0.40152E+02  0.33482E+01  0.24792E+04  0.00000E+00  0.33482E+01  0.33482E+01  0.33482E+01  0.33482E+01  0.00000E+00  0.00000E+00  0.37112E+03  0.35171E+02  0.18900E+04  0.79971E+03  0.00000E+00  0.00000E+00  0.00000E+00  0.26098E+01  0.00000E+00  0.90712E+01  0.00000E+00  0.90712E+01  0.00000E+00  0.12258E+03  0.12258E+03  0.13165E+03
 0.17808E+01  0.00000E+00  0.00000E+00  0.33482E+01  0.40152E+02  0.33482E+01  0.24792E+04  0.00000E+00  0.33482E+01  0.33482E+01  0.33482E+01  0.33482E+01  0.00000E+00  0.00000E+00  0.37112E+03  0.35171E+02  0.18900E+04  0.79971E+03  0.00000E+00  0.00000E+00  0.00000E+00  0.26098E+01  0.00000E+00  0.90712E+01  0.00000E+00  0.90712E+01  0.00000E+00  0.12258E+03  0.12258E+03  0.13165E+03
 0.17792E+01  0.00000E+00  0.00000E+00  0.33215E+01  0.40087E+02  0.33215E+01  0.24792E+04  0.00000E+00  0.33215E+01  0.33215E+01  0.33215E+01  0.33215E+01  0.00000E+00  0.00000E+00  0.36418E+03  0.35841E+02  0.18900E+04  0.81274E+03  0.00000E+00  0.00000E+00  0.00000E+00  0.26087E+01  0.00000E+00  0.90712E+01  0.00000E+00  0.90712E+01  0.00000E+00  0.12741E+03  0.12741E+03  0.13648E+03
 0.18208E+01  0.00000E+00  0.00000E+00  0.33215E+01  0.40087E+02  0.33215E+01  0.24792E+04  0.00000E+00  0.33215E+01  0.33215E+01  0.33215E+01  0.33215E+01  0.00000E+00  0.00000E+00  0.36418E+03  0.35841E+02  0.18900E+04  0.81274E+03  0.00000E+00  0.00000E+00  0.00000E+00  0.26087E+01  0.00000E+00  0.90712E+01  0.00000E+00  0.90712E+01  0.00000E+00  0.12741E+03  0.12741E+03  0.13648E+03
 0.18192E+01  0.00000E+00  0.00000E+00  0.32406E+01  0.40074E+02  0.32406E+01  0.24791E+04  0.00000E+00  0.32406E+01  0.32406E+01  0.32406E+01  0.32406E+01  0.00000E+00  0.00000E+00  0.35679E+03  0.36153E+02  0.18897E+04  0.82339E+03  0.00000E+00  0.00000E+00  0.00000E+00  0.27134E+01  0.00000E+00  0.90712E+01  0.00000E+00  0.90712E+01  0.00000E+00  0.13220E+03  0.13220E+03  0.14127E+03
 0.18608E+01  0.00000E+00  0.00000E+00  0.32406E+01  0.40074E+02  0.32406E+01  0.24791E+04  0.00000E+00  0.32406E+01  0.32406E+01  0.32406E+01  0.32406E+01  0.00000E+00  0.00000E+00  0.35679E+03  0.36153E+02  0.18897E+04  0.82339E+03  0.00000E+00  0.00000E+00  0.00000E+00  0.27134E+01  0.00000E+00  0.90712E+01  0.00000E+00  0.90712E+01  0.00000E+00  0.13220E+03  0.13220E+03  0.14127E+03
 0.18592E+01  0.00000E+00  0.00000E+00  0.34265E+01  0.40118E+02  0.34265E+01  0.24788E+04  0.00000E+00  0.34265E+01  0.34265E+01  0.34265E+01  0.34265E+01  0.00000E+00  0.00000E+00  0.35044E+03  0.37714E+02  0.18888E+04  0.81328E+03  0.00000E+00  0.00000E+00  0.00000E+00  0.29601E+01  0.00000E+00  0.90712E+01  0.00000E+00  0.90712E+01  0.00000E+00  0.13736E+03  0.13736E+03  0.14643E+03
 0.19008E+01  0.00000E+00  0.00000E+00  0.34265E+01  0.40118E+02  0.34265E+01  0.24788E+04  0.00000E+00  0.34265E+01  0.34265E+01  0.34265E+01  0.34265E+01  0.00000E+00  0.00000E+00  0.35044E+03  0.37714E+02  0.18888E+04  0.81328E+03  0.00000E+00  0.00000E+00  0.00000E+00  0.29601E+01  0.00000E+00  0.90712E+01  0.00000E+00  0.90712E+01  0.00000E+00  0.13736E+03  0.13736E+03  0.14643E+03
 0.19092E+01  0.00000E+00  0.00000E+00  0.22995E+01  0.40361E+02  0.22995E+01  0.24782E+04  0.00000E+00  0.22995E+01  0.22995E+01  0.22995E+01  0.22995E+01  0.00000E+00  0.00000E+00  0.34620E+03  0.39111E+02  0.18870E+04  0.69234E+03  0.00000E+00  0.00000E+00  0.00000E+00  0.35742E+01  0.00000E+00  0.90712E+01  0.00000E+00  0.90712E+01  0.00000E+00  0.14088E+03  0.14088E+03  0.14995E+03
 0.19508E+01  0.00000E+00  0.00000E+00  0.22995E+01  0.40361E+02  0.22995E+01  0.24782E+04  0.00000E+00  0.22995E+01  0.22995E+01  0.22995E+01  0.22995E+01  0.00000E+00  0.00000E+00  0.34620E+03  0.39111E+02  0.18870E+04  0.69234E+03  0.00000E+00  0.00000E+00  0.00000E+00  0.35742E+01  0.00000E+00  0.90712E+01  0.00000E+00  0.90712E+01  0.00000E+00  0.14088E+03  0.14088E+03  0.14995E+03
 0.19492E+01  0.00000E+00  0.00000E+00  0.14513E+00  0.40492E+02  0.14513E+00  0.29815E+03  0.00000E+00  0.14513E+00  0.14513E+00  0.14513E+00  0.14513E+00  0.00000E+00  0.00000E+00  0.29815E+03  0.11104E+02  0.00000E+00  0.00000E+00  0.00000E+00  0.00000E+00  0.00000E+00  0.00000E+00  0.00000E+00  0.90712E+01  0.00000E+00  0.90712E+01  0.00000E+00  0.14088E+03  0.14088E+03  0.14995E+03
 0.19908E+01  0.00000E+00  0.00000E+00  0.14513E+00  0.40492E+02  0.14513E+00  0.29815E+03  0.00000E+00  0.14513E+00  0.14513E+00  0.14513E+00  0.14513E+00  0.00000E+00  0.00000E+00  0.29815E+03  0.11104E+02  0.00000E+00  0.00000E+00  0.00000E+00  0.00000E+00  0.00000E+00  0.00000E+00  0.00000E+00  0.90712E+01  0.00000E+00  0.90712E+01  0.00000E+00  0.14088E+03  0.14088E+03  0.14995E+03
 0.19892E+01  0.00000E+00  0.00000E+00  0.00000E+00  0.40511E+02  0.00000E+00  0.29815E+03  0.00000E+00  0.00000E+00  0.00000E+00  0.00000E+00  0.00000E+00  0.00000E+00  0.00000E+00  0.29815E+03  0.00000E+00  0.00000E+00  0.00000E+00  0.00000E+00  0.00000E+00  0.00000E+00  0.00000E+00  0.00000E+00  0.90712E+01  0.00000E+00  0.90712E+01  0.00000E+00  0.14088E+03  0.14088E+03  0.14995E+03
 0.20308E+01  0.00000E+00  0.00000E+00  0.00000E+00  0.40511E+02  0.00000E+00  0.29815E+03  0.00000E+00  0.00000E+00  0.00000E+00  0.00000E+00  0.00000E+00  0.00000E+00  0.00000E+00  0.29815E+03  0.00000E+00  0.00000E+00  0.00000E+00  0.00000E+00  0.00000E+00  0.00000E+00  0.00000E+00  0.00000E+00  0.90712E+01  0.00000E+00  0.90712E+01  0.00000E+00  0.14088E+03  0.14088E+03  0.14995E+03
 0.20292E+01  0.00000E+00  0.00000E+00  0.00000E+00  0.40554E+02  0.00000E+00  0.29815E+03  0.00000E+00  0.00000E+00  0.00000E+00  0.00000E+00  0.00000E+00  0.00000E+00  0.00000E+00  0.29815E+03  0.00000E+00  0.00000E+00  0.00000E+00  0.00000E+00  0.00000E+00  0.00000E+00  0.00000E+00  0.00000E+00  0.90712E+01  0.00000E+00  0.90712E+01  0.00000E+00  0.14088E+03  0.14088E+03  0.14995E+03
 0.20708E+01  0.00000E+00  0.00000E+00  0.00000E+00  0.40554E+02  0.00000E+00  0.29815E+03  0.00000E+00  0.00000E+00  0.00000E+00  0.00000E+00  0.00000E+00  0.00000E+00  0.00000E+00  0.29815E+03  0.00000E+00  0.00000E+00  0.00000E+00  0.00000E+00  0.00000E+00  0.00000E+00  0.00000E+00  0.00000E+00  0.90712E+01  0.00000E+00  0.90712E+01  0.00000E+00  0.14088E+03  0.14088E+03  0.14995E+03
 0.20692E+01  0.00000E+00  0.00000E+00  0.00000E+00  0.40593E+02  0.00000E+00  0.29815E+03  0.00000E+00  0.00000E+00  0.00000E+00  0.00000E+00  0.00000E+00  0.00000E+00  0.00000E+00  0.29815E+03  0.00000E+00  0.00000E+00  0.00000E+00  0.00000E+00  0.00000E+00  0.00000E+00  0.00000E+00  0.00000E+00  0.90712E+01  0.00000E+00  0.90712E+01  0.00000E+00  0.14088E+03  0.14088E+03  0.14995E+03
 0.21108E+01  0.00000E+00  0.00000E+00  0.00000E+00  0.40593E+02  0.00000E+00  0.29815E+03  0.00000E+00  0.00000E+00  0.00000E+00  0.00000E+00  0.00000E+00  0.00000E+00  0.00000E+00  0.29815E+03  0.00000E+00  0.00000E+00  0.00000E+00  0.00000E+00  0.00000E+00  0.00000E+00  0.00000E+00  0.00000E+00  0.90712E+01  0.00000E+00  0.90712E+01  0.00000E+00  0.14088E+03  0.14088E+03  0.14995E+03
 0.21092E+01  0.00000E+00  0.00000E+00  0.00000E+00  0.40628E+02  0.00000E+00  0.29815E+03  0.00000E+00  0.00000E+00  0.00000E+00  0.00000E+00  0.00000E+00  0.00000E+00  0.00000E+00  0.29815E+03  0.00000E+00  0.00000E+00  0.00000E+00  0.00000E+00  0.00000E+00  0.00000E+00  0.00000E+00  0.00000E+00  0.90712E+01  0.00000E+00  0.90712E+01  0.00000E+00  0.14088E+03  0.14088E+03  0.14995E+03
 0.21508E+01  0.00000E+00  0.00000E+00  0.00000E+00  0.40628E+02  0.00000E+00  0.29815E+03  0.00000E+00  0.00000E+00  0.00000E+00  0.00000E+00  0.00000E+00  0.00000E+00  0.00000E+00  0.29815E+03  0.00000E+00  0.00000E+00  0.00000E+00  0.00000E+00  0.00000E+00  0.00000E+00  0.00000E+00  0.00000E+00  0.90712E+01  0.00000E+00  0.90712E+01  0.00000E+00  0.14088E+03  0.14088E+03  0.14995E+03
 0.21492E+01  0.00000E+00  0.00000E+00  0.00000E+00  0.40660E+02  0.00000E+00  0.29815E+03  0.00000E+00  0.00000E+00  0.00000E+00  0.00000E+00  0.00000E+00  0.00000E+00  0.00000E+00  0.29815E+03  0.00000E+00  0.00000E+00  0.00000E+00  0.00000E+00  0.00000E+00  0.00000E+00  0.00000E+00  0.00000E+00  0.90712E+01  0.00000E+00  0.90712E+01  0.00000E+00  0.14088E+03  0.14088E+03  0.14995E+03
 0.21908E+01  0.00000E+00  0.00000E+00  0.00000E+00  0.40660E+02  0.00000E+00  0.29815E+03  0.00000E+00  0.00000E+00  0.00000E+00  0.00000E+00  0.00000E+00  0.00000E+00  0.00000E+00  0.29815E+03  0.00000E+00  0.00000E+00  0.00000E+00  0.00000E+00  0.00000E+00  0.00000E+00  0.00000E+00  0.00000E+00  0.90712E+01  0.00000E+00  0.90712E+01  0.00000E+00  0.14088E+03  0.14088E+03  0.14995E+03
 0.21992E+01  0.00000E+00  0.00000E+00  0.00000E+00  0.40688E+02  0.00000E+00  0.29815E+03  0.00000E+00  0.00000E+00  0.00000E+00  0.00000E+00  0.00000E+00  0.00000E+00  0.00000E+00  0.29815E+03  0.00000E+00  0.00000E+00  0.00000E+00  0.00000E+00  0.00000E+00  0.00000E+00  0.00000E+00  0.00000E+00  0.90712E+01  0.00000E+00  0.90712E+01  0.00000E+00  0.14088E+03  0.14088E+03  0.14995E+03
 0.22408E+01  0.00000E+00  0.00000E+00  0.00000E+00  0.40688E+02  0.00000E+00  0.29815E+03  0.00000E+00  0.00000E+00  0.00000E+00  0.00000E+00  0.00000E+00  0.00000E+00  0.00000E+00  0.29815E+03  0.00000E+00  0.00000E+00  0.00000E+00  0.00000E+00  0.00000E+00  0.00000E+00  0.00000E+00  0.00000E+00  0.90712E+01  0.00000E+00  0.90712E+01  0.00000E+00  0.14088E+03  0.14088E+03  0.14995E+03
 0.22392E+01  0.00000E+00  0.00000E+00  0.00000E+00  0.40713E+02  0.00000E+00  0.29815E+03  0.00000E+00  0.00000E+00  0.00000E+00  0.00000E+00  0.00000E+00  0.00000E+00  0.00000E+00  0.29815E+03  0.00000E+00  0.00000E+00  0.00000E+00  0.00000E+00  0.00000E+00  0.00000E+00  0.00000E+00  0.00000E+00  0.90712E+01  0.00000E+00  0.90712E+01  0.00000E+00  0.14088E+03  0.14088E+03  0.14995E+03
 0.22808E+01  0.00000E+00  0.00000E+00  0.00000E+00  0.40713E+02  0.00000E+00  0.29815E+03  0.00000E+00  0.00000E+00  0.00000E+00  0.00000E+00  0.00000E+00  0.00000E+00  0.00000E+00  0.29815E+03  0.00000E+00  0.00000E+00  0.00000E+00  0.00000E+00  0.00000E+00  0.00000E+00  0.00000E+00  0.00000E+00  0.90712E+01  0.00000E+00  0.90712E+01  0.00000E+00  0.14088E+03  0.14088E+03  0.14995E+03
 0.22792E+01  0.00000E+00  0.00000E+00  0.00000E+00  0.40736E+02  0.00000E+00  0.29815E+03  0.00000E+00  0.00000E+00  0.00000E+00  0.00000E+00  0.00000E+00  0.00000E+00  0.00000E+00  0.29815E+03  0.00000E+00  0.00000E+00  0.00000E+00  0.00000E+00  0.00000E+00  0.00000E+00  0.00000E+00  0.00000E+00  0.90712E+01  0.00000E+00  0.90712E+01  0.00000E+00  0.14088E+03  0.14088E+03  0.14995E+03
 0.23208E+01  0.00000E+00  0.00000E+00  0.00000E+00  0.40736E+02  0.00000E+00  0.29815E+03  0.00000E+00  0.00000E+00  0.00000E+00  0.00000E+00  0.00000E+00  0.00000E+00  0.00000E+00  0.29815E+03  0.00000E+00  0.00000E+00  0.00000E+00  0.00000E+00  0.00000E+00  0.00000E+00  0.00000E+00  0.00000E+00  0.90712E+01  0.00000E+00  0.90712E+01  0.00000E+00  0.14088E+03  0.14088E+03  0.14995E+03
 0.23192E+01  0.00000E+00  0.00000E+00  0.00000E+00  0.40756E+02  0.00000E+00  0.29815E+03  0.00000E+00  0.00000E+00  0.00000E+00  0.00000E+00  0.00000E+00  0.00000E+00  0.00000E+00  0.29815E+03  0.00000E+00  0.00000E+00  0.00000E+00  0.00000E+00  0.00000E+00  0.00000E+00  0.00000E+00  0.00000E+00  0.90712E+01  0.00000E+00  0.90712E+01  0.00000E+00  0.14088E+03  0.14088E+03  0.14995E+03
 0.23608E+01  0.00000E+00  0.00000E+00  0.00000E+00  0.40756E+02  0.00000E+00  0.29815E+03  0.00000E+00  0.00000E+00  0.00000E+00  0.00000E+00  0.00000E+00  0.00000E+00  0.00000E+00  0.29815E+03  0.00000E+00  0.00000E+00  0.00000E+00  0.00000E+00  0.00000E+00  0.00000E+00  0.00000E+00  0.00000E+00  0.90712E+01  0.00000E+00  0.90712E+01  0.00000E+00  0.14088E+03  0.14088E+03  0.14995E+03
 0.23592E+01  0.00000E+00  0.00000E+00  0.00000E+00  0.40774E+02  0.00000E+00  0.29815E+03  0.00000E+00  0.00000E+00  0.00000E+00  0.00000E+00  0.00000E+00  0.00000E+00  0.00000E+00  0.29815E+03  0.00000E+00  0.00000E+00  0.00000E+00  0.00000E+00  0.00000E+00  0.00000E+00  0.00000E+00  0.00000E+00  0.90712E+01  0.00000E+00  0.90712E+01  0.00000E+00  0.14088E+03  0.14088E+03  0.14995E+03
 0.24008E+01  0.00000E+00  0.00000E+00  0.00000E+00  0.40774E+02  0.00000E+00  0.29815E+03  0.00000E+00  0.00000E+00  0.00000E+00  0.00000E+00  0.00000E+00  0.00000E+00  0.00000E+00  0.29815E+03  0.00000E+00  0.00000E+00  0.00000E+00  0.00000E+00  0.00000E+00  0.00000E+00  0.00000E+00  0.00000E+00  0.90712E+01  0.00000E+00  0.90712E+01  0.00000E+00  0.14088E+03  0.14088E+03  0.14995E+03
 0.23992E+01  0.00000E+00  0.00000E+00  0.00000E+00  0.40789E+02  0.00000E+00  0.29815E+03  0.00000E+00  0.00000E+00  0.00000E+00  0.00000E+00  0.00000E+00  0.00000E+00  0.00000E+00  0.29815E+03  0.00000E+00  0.00000E+00  0.00000E+00  0.00000E+00  0.00000E+00  0.00000E+00  0.00000E+00  0.00000E+00  0.90712E+01  0.00000E+00  0.90712E+01  0.00000E+00  0.14088E+03  0.14088E+03  0.14995E+03
 0.24408E+01  0.00000E+00  0.00000E+00  0.00000E+00  0.40789E+02  0.00000E+00  0.29815E+03  0.00000E+00  0.00000E+00  0.00000E+00  0.00000E+00  0.00000E+00  0.00000E+00  0.00000E+00  0.29815E+03  0.00000E+00  0.00000E+00  0.00000E+00  0.00000E+00  0.00000E+00  0.00000E+00  0.00000E+00  0.00000E+00  0.90712E+01  0.00000E+00  0.90712E+01  0.00000E+00  0.14088E+03  0.14088E+03  0.14995E+03
 0.24492E+01  0.00000E+00  0.00000E+00  0.00000E+00  0.40804E+02  0.00000E+00  0.29815E+03  0.00000E+00  0.00000E+00  0.00000E+00  0.00000E+00  0.00000E+00  0.00000E+00  0.00000E+00  0.29815E+03  0.00000E+00  0.00000E+00  0.00000E+00  0.00000E+00  0.00000E+00  0.00000E+00  0.00000E+00  0.00000E+00  0.90712E+01  0.00000E+00  0.90712E+01  0.00000E+00  0.14088E+03  0.14088E+03  0.14995E+03
 0.24908E+01  0.00000E+00  0.00000E+00  0.00000E+00  0.40804E+02  0.00000E+00  0.29815E+03  0.00000E+00  0.00000E+00  0.00000E+00  0.00000E+00  0.00000E+00  0.00000E+00  0.00000E+00  0.29815E+03  0.00000E+00  0.00000E+00  0.00000E+00  0.00000E+00  0.00000E+00  0.00000E+00  0.00000E+00  0.00000E+00  0.90712E+01  0.00000E+00  0.90712E+01  0.00000E+00  0.14088E+03  0.14088E+03  0.14995E+03
 0.24892E+01  0.00000E+00  0.00000E+00  0.00000E+00  0.40816E+02  0.00000E+00  0.29815E+03  0.00000E+00  0.00000E+00  0.00000E+00  0.00000E+00  0.00000E+00  0.00000E+00  0.00000E+00  0.29815E+03  0.00000E+00  0.00000E+00  0.00000E+00  0.00000E+00  0.00000E+00  0.00000E+00  0.00000E+00  0.00000E+00  0.90712E+01  0.00000E+00  0.90712E+01  0.00000E+00  0.14088E+03  0.14088E+03  0.14995E+03
 0.25308E+01  0.00000E+00  0.00000E+00  0.00000E+00  0.40816E+02  0.00000E+00  0.29815E+03  0.00000E+00  0.00000E+00  0.00000E+00  0.00000E+00  0.00000E+00  0.00000E+00  0.00000E+00  0.29815E+03  0.00000E+00  0.00000E+00  0.00000E+00  0.00000E+00  0.00000E+00  0.00000E+00  0.00000E+00  0.00000E+00  0.90712E+01  0.00000E+00  0.90712E+01  0.00000E+00  0.14088E+03  0.14088E+03  0.14995E+03
 0.25292E+01  0.00000E+00  0.00000E+00  0.00000E+00  0.40827E+02  0.00000E+00  0.29815E+03  0.00000E+00  0.00000E+00  0.00000E+00  0.00000E+00  0.00000E+00  0.00000E+00  0.00000E+00  0.29815E+03  0.00000E+00  0.00000E+00  0.00000E+00  0.00000E+00  0.00000E+00  0.00000E+00  0.00000E+00  0.00000E+00  0.90712E+01  0.00000E+00  0.90712E+01  0.00000E+00  0.14088E+03  0.14088E+03  0.14995E+03
 0.25708E+01  0.00000E+00  0.00000E+00  0.00000E+00  0.40827E+02  0.00000E+00  0.29815E+03  0.00000E+00  0.00000E+00  0.00000E+00  0.00000E+00  0.00000E+00  0.00000E+00  0.00000E+00  0.29815E+03  0.00000E+00  0.00000E+00  0.00000E+00  0.00000E+00  0.00000E+00  0.00000E+00  0.00000E+00  0.00000E+00  0.90712E+01  0.00000E+00  0.90712E+01  0.00000E+00  0.14088E+03  0.14088E+03  0.14995E+03
 0.25692E+01  0.00000E+00  0.00000E+00  0.00000E+00  0.40837E+02  0.00000E+00  0.29815E+03  0.00000E+00  0.00000E+00  0.00000E+00  0.00000E+00  0.00000E+00  0.00000E+00  0.00000E+00  0.29815E+03  0.00000E+00  0.00000E+00  0.00000E+00  0.00000E+00  0.00000E+00  0.00000E+00  0.00000E+00  0.00000E+00  0.90712E+01  0.00000E+00  0.90712E+01  0.00000E+00  0.14088E+03  0.14088E+03  0.14995E+03
 0.26108E+01  0.00000E+00  0.00000E+00  0.00000E+00  0.40837E+02  0.00000E+00  0.29815E+03  0.00000E+00  0.00000E+00  0.00000E+00  0.00000E+00  0.00000E+00  0.00000E+00  0.00000E+00  0.29815E+03  0.00000E+00  0.00000E+00  0.00000E+00  0.00000E+00  0.00000E+00  0.00000E+00  0.00000E+00  0.00000E+00  0.90712E+01  0.00000E+00  0.90712E+01  0.00000E+00  0.14088E+03  0.14088E+03  0.14995E+03
 0.26092E+01  0.00000E+00  0.00000E+00  0.00000E+00  0.40846E+02  0.00000E+00  0.29815E+03  0.00000E+00  0.00000E+00  0.00000E+00  0.00000E+00  0.00000E+00  0.00000E+00  0.00000E+00  0.29815E+03  0.00000E+00  0.00000E+00  0.00000E+00  0.00000E+00  0.00000E+00  0.00000E+00  0.00000E+00  0.00000E+00  0.90712E+01  0.00000E+00  0.90712E+01  0.00000E+00  0.14088E+03  0.14088E+03  0.14995E+03
 0.26508E+01  0.00000E+00  0.00000E+00  0.00000E+00  0.40846E+02  0.00000E+00  0.29815E+03  0.00000E+00  0.00000E+00  0.00000E+00  0.00000E+00  0.00000E+00  0.00000E+00  0.00000E+00  0.29815E+03  0.00000E+00  0.00000E+00  0.00000E+00  0.00000E+00  0.00000E+00  0.00000E+00  0.00000E+00  0.00000E+00  0.90712E+01  0.00000E+00  0.90712E+01  0.00000E+00  0.14088E+03  0.14088E+03  0.14995E+03
 0.26492E+01  0.00000E+00  0.00000E+00  0.00000E+00  0.40854E+02  0.00000E+00  0.29815E+03  0.00000E+00  0.00000E+00  0.00000E+00  0.00000E+00  0.00000E+00  0.00000E+00  0.00000E+00  0.29815E+03  0.00000E+00  0.00000E+00  0.00000E+00  0.00000E+00  0.00000E+00  0.00000E+00  0.00000E+00  0.00000E+00  0.90712E+01  0.00000E+00  0.90712E+01  0.00000E+00  0.14088E+03  0.14088E+03  0.14995E+03
 0.26908E+01  0.00000E+00  0.00000E+00  0.00000E+00  0.40854E+02  0.00000E+00  0.29815E+03  0.00000E+00  0.00000E+00  0.00000E+00  0.00000E+00  0.00000E+00  0.00000E+00  0.00000E+00  0.29815E+03  0.00000E+00  0.00000E+00  0.00000E+00  0.00000E+00  0.00000E+00  0.00000E+00  0.00000E+00  0.00000E+00  0.90712E+01  0.00000E+00  0.90712E+01  0.00000E+00  0.14088E+03  0.14088E+03  0.14995E+03
 0.26992E+01  0.00000E+00  0.00000E+00  0.00000E+00  0.40861E+02  0.00000E+00  0.29815E+03  0.00000E+00  0.00000E+00  0.00000E+00  0.00000E+00  0.00000E+00  0.00000E+00  0.00000E+00  0.29815E+03  0.00000E+00  0.00000E+00  0.00000E+00  0.00000E+00  0.00000E+00  0.00000E+00  0.00000E+00  0.00000E+00  0.90712E+01  0.00000E+00  0.90712E+01  0.00000E+00  0.14088E+03  0.14088E+03  0.14995E+03
 0.27408E+01  0.00000E+00  0.00000E+00  0.00000E+00  0.40861E+02  0.00000E+00  0.29815E+03  0.00000E+00  0.00000E+00  0.00000E+00  0.00000E+00  0.00000E+00  0.00000E+00  0.00000E+00  0.29815E+03  0.00000E+00  0.00000E+00  0.00000E+00  0.00000E+00  0.00000E+00  0.00000E+00  0.00000E+00  0.00000E+00  0.90712E+01  0.00000E+00  0.90712E+01  0.00000E+00  0.14088E+03  0.14088E+03  0.14995E+03
 0.27392E+01  0.00000E+00  0.00000E+00  0.00000E+00  0.40868E+02  0.00000E+00  0.29815E+03  0.00000E+00  0.00000E+00  0.00000E+00  0.00000E+00  0.00000E+00  0.00000E+00  0.00000E+00  0.29815E+03  0.00000E+00  0.00000E+00  0.00000E+00  0.00000E+00  0.00000E+00  0.00000E+00  0.00000E+00  0.00000E+00  0.90712E+01  0.00000E+00  0.90712E+01  0.00000E+00  0.14088E+03  0.14088E+03  0.14995E+03
 0.27808E+01  0.00000E+00  0.00000E+00  0.00000E+00  0.40868E+02  0.00000E+00  0.29815E+03  0.00000E+00  0.00000E+00  0.00000E+00  0.00000E+00  0.00000E+00  0.00000E+00  0.00000E+00  0.29815E+03  0.00000E+00  0.00000E+00  0.00000E+00  0.00000E+00  0.00000E+00  0.00000E+00  0.00000E+00  0.00000E+00  0.90712E+01  0.00000E+00  0.90712E+01  0.00000E+00  0.14088E+03  0.14088E+03  0.14995E+03
 0.27792E+01  0.00000E+00  0.00000E+00  0.00000E+00  0.40874E+02  0.00000E+00  0.29815E+03  0.00000E+00  0.00000E+00  0.00000E+00  0.00000E+00  0.00000E+00  0.00000E+00  0.00000E+00  0.29815E+03  0.00000E+00  0.00000E+00  0.00000E+00  0.00000E+00  0.00000E+00  0.00000E+00  0.00000E+00  0.00000E+00  0.90712E+01  0.00000E+00  0.90712E+01  0.00000E+00  0.14088E+03  0.14088E+03  0.14995E+03
 0.28208E+01  0.00000E+00  0.00000E+00  0.00000E+00  0.40874E+02  0.00000E+00  0.29815E+03  0.00000E+00  0.00000E+00  0.00000E+00  0.00000E+00  0.00000E+00  0.00000E+00  0.00000E+00  0.29815E+03  0.00000E+00  0.00000E+00  0.00000E+00  0.00000E+00  0.00000E+00  0.00000E+00  0.00000E+00  0.00000E+00  0.90712E+01  0.00000E+00  0.90712E+01  0.00000E+00  0.14088E+03  0.14088E+03  0.14995E+03
 0.28192E+01  0.00000E+00  0.00000E+00  0.00000E+00  0.40880E+02  0.00000E+00  0.29815E+03  0.00000E+00  0.00000E+00  0.00000E+00  0.00000E+00  0.00000E+00  0.00000E+00  0.00000E+00  0.29815E+03  0.00000E+00  0.00000E+00  0.00000E+00  0.00000E+00  0.00000E+00  0.00000E+00  0.00000E+00  0.00000E+00  0.90712E+01  0.00000E+00  0.90712E+01  0.00000E+00  0.14088E+03  0.14088E+03  0.14995E+03
 0.28608E+01  0.00000E+00  0.00000E+00  0.00000E+00  0.40880E+02  0.00000E+00  0.29815E+03  0.00000E+00  0.00000E+00  0.00000E+00  0.00000E+00  0.00000E+00  0.00000E+00  0.00000E+00  0.29815E+03  0.00000E+00  0.00000E+00  0.00000E+00  0.00000E+00  0.00000E+00  0.00000E+00  0.00000E+00  0.00000E+00  0.90712E+01  0.00000E+00  0.90712E+01  0.00000E+00  0.14088E+03  0.14088E+03  0.14995E+03
 0.28592E+01  0.00000E+00  0.00000E+00  0.00000E+00  0.40887E+02  0.00000E+00  0.29815E+03  0.00000E+00  0.00000E+00  0.00000E+00  0.00000E+00  0.00000E+00  0.00000E+00  0.00000E+00  0.29815E+03  0.00000E+00  0.00000E+00  0.00000E+00  0.00000E+00  0.00000E+00  0.00000E+00  0.00000E+00  0.00000E+00  0.90712E+01  0.00000E+00  0.90712E+01  0.00000E+00  0.14088E+03  0.14088E+03  0.14995E+03
 0.29008E+01  0.00000E+00  0.00000E+00  0.00000E+00  0.40887E+02  0.00000E+00  0.29815E+03  0.00000E+00  0.00000E+00  0.00000E+00  0.00000E+00  0.00000E+00  0.00000E+00  0.00000E+00  0.29815E+03  0.00000E+00  0.00000E+00  0.00000E+00  0.00000E+00  0.00000E+00  0.00000E+00  0.00000E+00  0.00000E+00  0.90712E+01  0.00000E+00  0.90712E+01  0.00000E+00  0.14088E+03  0.14088E+03  0.14995E+03
 0.28992E+01  0.00000E+00  0.00000E+00  0.00000E+00  0.40895E+02  0.00000E+00  0.29815E+03  0.00000E+00  0.00000E+00  0.00000E+00  0.00000E+00  0.00000E+00  0.00000E+00  0.00000E+00  0.29815E+03  0.00000E+00  0.00000E+00  0.00000E+00  0.00000E+00  0.00000E+00  0.00000E+00  0.00000E+00  0.00000E+00  0.90712E+01  0.00000E+00  0.90712E+01  0.00000E+00  0.14088E+03  0.14088E+03  0.14995E+03
 0.29408E+01  0.00000E+00  0.00000E+00  0.00000E+00  0.40895E+02  0.00000E+00  0.29815E+03  0.00000E+00  0.00000E+00  0.00000E+00  0.00000E+00  0.00000E+00  0.00000E+00  0.00000E+00  0.29815E+03  0.00000E+00  0.00000E+00  0.00000E+00  0.00000E+00  0.00000E+00  0.00000E+00  0.00000E+00  0.00000E+00  0.90712E+01  0.00000E+00  0.90712E+01  0.00000E+00  0.14088E+03  0.14088E+03  0.14995E+03
 0.29392E+01  0.00000E+00  0.00000E+00  0.00000E+00  0.40904E+02  0.00000E+00  0.29815E+03  0.00000E+00  0.00000E+00  0.00000E+00  0.00000E+00  0.00000E+00  0.00000E+00  0.00000E+00  0.29815E+03  0.00000E+00  0.00000E+00  0.00000E+00  0.00000E+00  0.00000E+00  0.00000E+00  0.00000E+00  0.00000E+00  0.90712E+01  0.00000E+00  0.90712E+01  0.00000E+00  0.14088E+03  0.14088E+03  0.14995E+03
 0.29808E+01  0.00000E+00  0.00000E+00  0.00000E+00  0.40904E+02  0.00000E+00  0.29815E+03  0.00000E+00  0.00000E+00  0.00000E+00  0.00000E+00  0.00000E+00  0.00000E+00  0.00000E+00  0.29815E+03  0.00000E+00  0.00000E+00  0.00000E+00  0.00000E+00  0.00000E+00  0.00000E+00  0.00000E+00  0.00000E+00  0.90712E+01  0.00000E+00  0.90712E+01  0.00000E+00  0.14088E+03  0.14088E+03  0.14995E+03
 0.29892E+01  0.00000E+00  0.00000E+00  0.00000E+00  0.40914E+02  0.00000E+00  0.29815E+03  0.00000E+00  0.00000E+00  0.00000E+00  0.00000E+00  0.00000E+00  0.00000E+00  0.00000E+00  0.29815E+03  0.00000E+00  0.00000E+00  0.00000E+00  0.00000E+00  0.00000E+00  0.00000E+00  0.00000E+00  0.00000E+00  0.90712E+01  0.00000E+00  0.90712E+01  0.00000E+00  0.14088E+03  0.14088E+03  0.14995E+03
 0.30308E+01  0.00000E+00  0.00000E+00  0.00000E+00  0.40914E+02  0.00000E+00  0.29815E+03  0.00000E+00  0.00000E+00  0.00000E+00  0.00000E+00  0.00000E+00  0.00000E+00  0.00000E+00  0.29815E+03  0.00000E+00  0.00000E+00  0.00000E+00  0.00000E+00  0.00000E+00  0.00000E+00  0.00000E+00  0.00000E+00  0.90712E+01  0.00000E+00  0.90712E+01  0.00000E+00  0.14088E+03  0.14088E+03  0.14995E+03
 0.30292E+01  0.00000E+00  0.00000E+00  0.00000E+00  0.40922E+02  0.00000E+00  0.29815E+03  0.00000E+00  0.00000E+00  0.00000E+00  0.00000E+00  0.00000E+00  0.00000E+00  0.00000E+00  0.29815E+03  0.00000E+00  0.00000E+00  0.00000E+00  0.00000E+00  0.00000E+00  0.00000E+00  0.00000E+00  0.00000E+00  0.90712E+01  0.00000E+00  0.90712E+01  0.00000E+00  0.14088E+03  0.14088E+03  0.14995E+03
 0.30708E+01  0.00000E+00  0.00000E+00  0.00000E+00  0.40922E+02  0.00000E+00  0.29815E+03  0.00000E+00  0.00000E+00  0.00000E+00  0.00000E+00  0.00000E+00  0.00000E+00  0.00000E+00  0.29815E+03  0.00000E+00  0.00000E+00  0.00000E+00  0.00000E+00  0.00000E+00  0.00000E+00  0.00000E+00  0.00000E+00  0.90712E+01  0.00000E+00  0.90712E+01  0.00000E+00  0.14088E+03  0.14088E+03  0.14995E+03
 0.30692E+01  0.00000E+00  0.00000E+00  0.00000E+00  0.40927E+02  0.00000E+00  0.29815E+03  0.00000E+00  0.00000E+00  0.00000E+00  0.00000E+00  0.00000E+00  0.00000E+00  0.00000E+00  0.29815E+03  0.00000E+00  0.00000E+00  0.00000E+00  0.00000E+00  0.00000E+00  0.00000E+00  0.00000E+00  0.00000E+00  0.90712E+01  0.00000E+00  0.90712E+01  0.00000E+00  0.14088E+03  0.14088E+03  0.14995E+03
 0.31108E+01  0.00000E+00  0.00000E+00  0.00000E+00  0.40927E+02  0.00000E+00  0.29815E+03  0.00000E+00  0.00000E+00  0.00000E+00  0.00000E+00  0.00000E+00  0.00000E+00  0.00000E+00  0.29815E+03  0.00000E+00  0.00000E+00  0.00000E+00  0.00000E+00  0.00000E+00  0.00000E+00  0.00000E+00  0.00000E+00  0.90712E+01  0.00000E+00  0.90712E+01  0.00000E+00  0.14088E+03  0.14088E+03  0.14995E+03
 0.31092E+01  0.00000E+00  0.00000E+00  0.00000E+00  0.40930E+02  0.00000E+00  0.29815E+03  0.00000E+00  0.00000E+00  0.00000E+00  0.00000E+00  0.00000E+00  0.00000E+00  0.00000E+00  0.29815E+03  0.00000E+00  0.00000E+00  0.00000E+00  0.00000E+00  0.00000E+00  0.00000E+00  0.00000E+00  0.00000E+00  0.90712E+01  0.00000E+00  0.90712E+01  0.00000E+00  0.14088E+03  0.14088E+03  0.14995E+03
 0.31508E+01  0.00000E+00  0.00000E+00  0.00000E+00  0.40930E+02  0.00000E+00  0.29815E+03  0.00000E+00  0.00000E+00  0.00000E+00  0.00000E+00  0.00000E+00  0.00000E+00  0.00000E+00  0.29815E+03  0.00000E+00  0.00000E+00  0.00000E+00  0.00000E+00  0.00000E+00  0.00000E+00  0.00000E+00  0.00000E+00  0.90712E+01  0.00000E+00  0.90712E+01  0.00000E+00  0.14088E+03  0.14088E+03  0.14995E+03
 0.31492E+01  0.00000E+00  0.00000E+00  0.00000E+00  0.40933E+02  0.00000E+00  0.29815E+03  0.00000E+00  0.00000E+00  0.00000E+00  0.00000E+00  0.00000E+00  0.00000E+00  0.00000E+00  0.29815E+03  0.00000E+00  0.00000E+00  0.00000E+00  0.00000E+00  0.00000E+00  0.00000E+00  0.00000E+00  0.00000E+00  0.90712E+01  0.00000E+00  0.90712E+01  0.00000E+00  0.14088E+03  0.14088E+03  0.14995E+03
 0.31908E+01  0.00000E+00  0.00000E+00  0.00000E+00  0.40933E+02  0.00000E+00  0.29815E+03  0.00000E+00  0.00000E+00  0.00000E+00  0.00000E+00  0.00000E+00  0.00000E+00  0.00000E+00  0.29815E+03  0.00000E+00  0.00000E+00  0.00000E+00  0.00000E+00  0.00000E+00  0.00000E+00  0.00000E+00  0.00000E+00  0.90712E+01  0.00000E+00  0.90712E+01  0.00000E+00  0.14088E+03  0.14088E+03  0.14995E+03
 0.31892E+01  0.00000E+00  0.00000E+00  0.00000E+00  0.40941E+02  0.00000E+00  0.29815E+03  0.00000E+00  0.00000E+00  0.00000E+00  0.00000E+00  0.00000E+00  0.00000E+00  0.00000E+00  0.29815E+03  0.00000E+00  0.00000E+00  0.00000E+00  0.00000E+00  0.00000E+00  0.00000E+00  0.00000E+00  0.00000E+00  0.90712E+01  0.00000E+00  0.90712E+01  0.00000E+00  0.14088E+03  0.14088E+03  0.14995E+03
 0.32308E+01  0.00000E+00  0.00000E+00  0.00000E+00  0.40941E+02  0.00000E+00  0.29815E+03  0.00000E+00  0.00000E+00  0.00000E+00  0.00000E+00  0.00000E+00  0.00000E+00  0.00000E+00  0.29815E+03  0.00000E+00  0.00000E+00  0.00000E+00  0.00000E+00  0.00000E+00  0.00000E+00  0.00000E+00  0.00000E+00  0.90712E+01  0.00000E+00  0.90712E+01  0.00000E+00  0.14088E+03  0.14088E+03  0.14995E+03
 0.32392E+01  0.00000E+00  0.00000E+00  0.00000E+00  0.40958E+02  0.00000E+00  0.29815E+03  0.00000E+00  0.00000E+00  0.00000E+00  0.00000E+00  0.00000E+00  0.00000E+00  0.00000E+00  0.29815E+03  0.00000E+00  0.00000E+00  0.00000E+00  0.00000E+00  0.00000E+00  0.00000E+00  0.00000E+00  0.00000E+00  0.90712E+01  0.00000E+00  0.90712E+01  0.00000E+00  0.14088E+03  0.14088E+03  0.14995E+03
 0.32808E+01  0.00000E+00  0.00000E+00  0.00000E+00  0.40958E+02  0.00000E+00  0.29815E+03  0.00000E+00  0.00000E+00  0.00000E+00  0.00000E+00  0.00000E+00  0.00000E+00  0.00000E+00  0.29815E+03  0.00000E+00  0.00000E+00  0.00000E+00  0.00000E+00  0.00000E+00  0.00000E+00  0.00000E+00  0.00000E+00  0.90712E+01  0.00000E+00  0.90712E+01  0.00000E+00  0.14088E+03  0.14088E+03  0.14995E+03
 0.32792E+01  0.00000E+00  0.00000E+00  0.00000E+00  0.40984E+02  0.00000E+00  0.29815E+03  0.00000E+00  0.00000E+00  0.00000E+00  0.00000E+00  0.00000E+00  0.00000E+00  0.00000E+00  0.29815E+03  0.00000E+00  0.00000E+00  0.00000E+00  0.00000E+00  0.00000E+00  0.00000E+00  0.00000E+00  0.00000E+00  0.90712E+01  0.00000E+00  0.90712E+01  0.00000E+00  0.14088E+03  0.14088E+03  0.14995E+03
 0.33208E+01  0.00000E+00  0.00000E+00  0.00000E+00  0.40984E+02  0.00000E+00  0.29815E+03  0.00000E+00  0.00000E+00  0.00000E+00  0.00000E+00  0.00000E+00  0.00000E+00  0.00000E+00  0.29815E+03  0.00000E+00  0.00000E+00  0.00000E+00  0.00000E+00  0.00000E+00  0.00000E+00  0.00000E+00  0.00000E+00  0.90712E+01  0.00000E+00  0.90712E+01  0.00000E+00  0.14088E+03  0.14088E+03  0.14995E+03
 0.33192E+01  0.00000E+00  0.00000E+00  0.00000E+00  0.41018E+02  0.00000E+00  0.29815E+03  0.00000E+00  0.00000E+00  0.00000E+00  0.00000E+00  0.00000E+00  0.00000E+00  0.00000E+00  0.29815E+03  0.00000E+00  0.00000E+00  0.00000E+00  0.00000E+00  0.00000E+00  0.00000E+00  0.00000E+00  0.00000E+00  0.90712E+01  0.00000E+00  0.90712E+01  0.00000E+00  0.14088E+03  0.14088E+03  0.14995E+03
 0.33608E+01  0.00000E+00  0.00000E+00  0.00000E+00  0.41018E+02  0.00000E+00  0.29815E+03  0.00000E+00  0.00000E+00  0.00000E+00  0.00000E+00  0.00000E+00  0.00000E+00  0.00000E+00  0.29815E+03  0.00000E+00  0.00000E+00  0.00000E+00  0.00000E+00  0.00000E+00  0.00000E+00  0.00000E+00  0.00000E+00  0.90712E+01  0.00000E+00  0.90712E+01  0.00000E+00  0.14088E+03  0.14088E+03  0.14995E+03
 0.33592E+01  0.00000E+00  0.00000E+00  0.00000E+00  0.41056E+02  0.00000E+00  0.29815E+03  0.00000E+00  0.00000E+00  0.00000E+00  0.00000E+00  0.00000E+00  0.00000E+00  0.00000E+00  0.29815E+03  0.00000E+00  0.00000E+00  0.00000E+00  0.00000E+00  0.00000E+00  0.00000E+00  0.00000E+00  0.00000E+00  0.90712E+01  0.00000E+00  0.90712E+01  0.00000E+00  0.14088E+03  0.14088E+03  0.14995E+03
 0.34008E+01  0.00000E+00  0.00000E+00  0.00000E+00  0.41056E+02  0.00000E+00  0.29815E+03  0.00000E+00  0.00000E+00  0.00000E+00  0.00000E+00  0.00000E+00  0.00000E+00  0.00000E+00  0.29815E+03  0.00000E+00  0.00000E+00  0.00000E+00  0.00000E+00  0.00000E+00  0.00000E+00  0.00000E+00  0.00000E+00  0.90712E+01  0.00000E+00  0.90712E+01  0.00000E+00  0.14088E+03  0.14088E+03  0.14995E+03
 0.33992E+01  0.00000E+00  0.00000E+00  0.00000E+00  0.41090E+02  0.00000E+00  0.29815E+03  0.00000E+00  0.00000E+00  0.00000E+00  0.00000E+00  0.00000E+00  0.00000E+00  0.00000E+00  0.29815E+03  0.00000E+00  0.00000E+00  0.00000E+00  0.00000E+00  0.00000E+00  0.00000E+00  0.00000E+00  0.00000E+00  0.90712E+01  0.00000E+00  0.90712E+01  0.00000E+00  0.14088E+03  0.14088E+03  0.14995E+03
 0.34408E+01  0.00000E+00  0.00000E+00  0.00000E+00  0.41090E+02  0.00000E+00  0.29815E+03  0.00000E+00  0.00000E+00  0.00000E+00  0.00000E+00  0.00000E+00  0.00000E+00  0.00000E+00  0.29815E+03  0.00000E+00  0.00000E+00  0.00000E+00  0.00000E+00  0.00000E+00  0.00000E+00  0.00000E+00  0.00000E+00  0.90712E+01  0.00000E+00  0.90712E+01  0.00000E+00  0.14088E+03  0.14088E+03  0.14995E+03
 0.34392E+01  0.00000E+00  0.00000E+00  0.00000E+00  0.41114E+02  0.00000E+00  0.29815E+03  0.00000E+00  0.00000E+00  0.00000E+00  0.00000E+00  0.00000E+00  0.00000E+00  0.00000E+00  0.29815E+03  0.00000E+00  0.00000E+00  0.00000E+00  0.00000E+00  0.00000E+00  0.00000E+00  0.00000E+00  0.00000E+00  0.90712E+01  0.00000E+00  0.90712E+01  0.00000E+00  0.14088E+03  0.14088E+03  0.14995E+03
 0.34808E+01  0.00000E+00  0.00000E+00  0.00000E+00  0.41114E+02  0.00000E+00  0.29815E+03  0.00000E+00  0.00000E+00  0.00000E+00  0.00000E+00  0.00000E+00  0.00000E+00  0.00000E+00  0.29815E+03  0.00000E+00  0.00000E+00  0.00000E+00  0.00000E+00  0.00000E+00  0.00000E+00  0.00000E+00  0.00000E+00  0.90712E+01  0.00000E+00  0.90712E+01  0.00000E+00  0.14088E+03  0.14088E+03  0.14995E+03
 0.34892E+01  0.00000E+00  0.00000E+00  0.00000E+00  0.41122E+02  0.00000E+00  0.29815E+03  0.00000E+00  0.00000E+00  0.00000E+00  0.00000E+00  0.00000E+00  0.00000E+00  0.00000E+00  0.29815E+03  0.00000E+00  0.00000E+00  0.00000E+00  0.00000E+00  0.00000E+00  0.00000E+00  0.00000E+00  0.00000E+00  0.90712E+01  0.00000E+00  0.90712E+01  0.00000E+00  0.14088E+03  0.14088E+03  0.14995E+03
 0.35308E+01  0.00000E+00  0.00000E+00  0.00000E+00  0.41122E+02  0.00000E+00  0.29815E+03  0.00000E+00  0.00000E+00  0.00000E+00  0.00000E+00  0.00000E+00  0.00000E+00  0.00000E+00  0.29815E+03  0.00000E+00  0.00000E+00  0.00000E+00  0.00000E+00  0.00000E+00  0.00000E+00  0.00000E+00  0.00000E+00  0.90712E+01  0.00000E+00  0.90712E+01  0.00000E+00  0.14088E+03  0.14088E+03  0.14995E+03
 0.35292E+01  0.00000E+00  0.00000E+00  0.00000E+00  0.41112E+02  0.00000E+00  0.29815E+03  0.00000E+00  0.00000E+00  0.00000E+00  0.00000E+00  0.00000E+00  0.00000E+00  0.00000E+00  0.29815E+03  0.00000E+00  0.00000E+00  0.00000E+00  0.00000E+00  0.00000E+00  0.00000E+00  0.00000E+00  0.00000E+00  0.90712E+01  0.00000E+00  0.90712E+01  0.00000E+00  0.14088E+03  0.14088E+03  0.14995E+03
 0.35708E+01  0.00000E+00  0.00000E+00  0.00000E+00  0.41112E+02  0.00000E+00  0.29815E+03  0.00000E+00  0.00000E+00  0.00000E+00  0.00000E+00  0.00000E+00  0.00000E+00  0.00000E+00  0.29815E+03  0.00000E+00  0.00000E+00  0.00000E+00  0.00000E+00  0.00000E+00  0.00000E+00  0.00000E+00  0.00000E+00  0.90712E+01  0.00000E+00  0.90712E+01  0.00000E+00  0.14088E+03  0.14088E+03  0.14995E+03
 0.35692E+01  0.00000E+00  0.00000E+00  0.00000E+00  0.41085E+02  0.00000E+00  0.29815E+03  0.00000E+00  0.00000E+00  0.00000E+00  0.00000E+00  0.00000E+00  0.00000E+00  0.00000E+00  0.29815E+03  0.00000E+00  0.00000E+00  0.00000E+00  0.00000E+00  0.00000E+00  0.00000E+00  0.00000E+00  0.00000E+00  0.90712E+01  0.00000E+00  0.90712E+01  0.00000E+00  0.14088E+03  0.14088E+03  0.14995E+03
 0.36108E+01  0.00000E+00  0.00000E+00  0.00000E+00  0.41085E+02  0.00000E+00  0.29815E+03  0.00000E+00  0.00000E+00  0.00000E+00  0.00000E+00  0.00000E+00  0.00000E+00  0.00000E+00  0.29815E+03  0.00000E+00  0.00000E+00  0.00000E+00  0.00000E+00  0.00000E+00  0.00000E+00  0.00000E+00  0.00000E+00  0.90712E+01  0.00000E+00  0.90712E+01  0.00000E+00  0.14088E+03  0.14088E+03  0.14995E+03
 0.36092E+01  0.00000E+00  0.00000E+00  0.00000E+00  0.41045E+02  0.00000E+00  0.29815E+03  0.00000E+00  0.00000E+00  0.00000E+00  0.00000E+00  0.00000E+00  0.00000E+00  0.00000E+00  0.29815E+03  0.00000E+00  0.00000E+00  0.00000E+00  0.00000E+00  0.00000E+00  0.00000E+00  0.00000E+00  0.00000E+00  0.90712E+01  0.00000E+00  0.90712E+01  0.00000E+00  0.14088E+03  0.14088E+03  0.14995E+03
 0.36508E+01  0.00000E+00  0.00000E+00  0.00000E+00  0.41045E+02  0.00000E+00  0.29815E+03  0.00000E+00  0.00000E+00  0.00000E+00  0.00000E+00  0.00000E+00  0.00000E+00  0.00000E+00  0.29815E+03  0.00000E+00  0.00000E+00  0.00000E+00  0.00000E+00  0.00000E+00  0.00000E+00  0.00000E+00  0.00000E+00  0.90712E+01  0.00000E+00  0.90712E+01  0.00000E+00  0.14088E+03  0.14088E+03  0.14995E+03
 0.36492E+01  0.00000E+00  0.00000E+00  0.00000E+00  0.41001E+02  0.00000E+00  0.29815E+03  0.00000E+00  0.00000E+00  0.00000E+00  0.00000E+00  0.00000E+00  0.00000E+00  0.00000E+00  0.29815E+03  0.00000E+00  0.00000E+00  0.00000E+00  0.00000E+00  0.00000E+00  0.00000E+00  0.00000E+00  0.00000E+00  0.90712E+01  0.00000E+00  0.90712E+01  0.00000E+00  0.14088E+03  0.14088E+03  0.14995E+03
 0.36908E+01  0.00000E+00  0.00000E+00  0.00000E+00  0.41001E+02  0.00000E+00  0.29815E+03  0.00000E+00  0.00000E+00  0.00000E+00  0.00000E+00  0.00000E+00  0.00000E+00  0.00000E+00  0.29815E+03  0.00000E+00  0.00000E+00  0.00000E+00  0.00000E+00  0.00000E+00  0.00000E+00  0.00000E+00  0.00000E+00  0.90712E+01  0.00000E+00  0.90712E+01  0.00000E+00  0.14088E+03  0.14088E+03  0.14995E+03
 0.36892E+01  0.00000E+00  0.00000E+00  0.00000E+00  0.40958E+02  0.00000E+00  0.29815E+03  0.00000E+00  0.00000E+00  0.00000E+00  0.00000E+00  0.00000E+00  0.00000E+00  0.00000E+00  0.29815E+03  0.00000E+00  0.00000E+00  0.00000E+00  0.00000E+00  0.00000E+00  0.00000E+00  0.00000E+00  0.00000E+00  0.90712E+01  0.00000E+00  0.90712E+01  0.00000E+00  0.14088E+03  0.14088E+03  0.14995E+03
 0.37308E+01  0.00000E+00  0.00000E+00  0.00000E+00  0.40958E+02  0.00000E+00  0.29815E+03  0.00000E+00  0.00000E+00  0.00000E+00  0.00000E+00  0.00000E+00  0.00000E+00  0.00000E+00  0.29815E+03  0.00000E+00  0.00000E+00  0.00000E+00  0.00000E+00  0.00000E+00  0.00000E+00  0.00000E+00  0.00000E+00  0.90712E+01  0.00000E+00  0.90712E+01  0.00000E+00  0.14088E+03  0.14088E+03  0.14995E+03
 0.37392E+01  0.00000E+00  0.00000E+00  0.00000E+00  0.40921E+02  0.00000E+00  0.29815E+03  0.00000E+00  0.00000E+00  0.00000E+00  0.00000E+00  0.00000E+00  0.00000E+00  0.00000E+00  0.29815E+03  0.00000E+00  0.00000E+00  0.00000E+00  0.00000E+00  0.00000E+00  0.00000E+00  0.00000E+00  0.00000E+00  0.90712E+01  0.00000E+00  0.90712E+01  0.00000E+00  0.14088E+03  0.14088E+03  0.14995E+03
 0.37808E+01  0.00000E+00  0.00000E+00  0.00000E+00  0.40921E+02  0.00000E+00  0.29815E+03  0.00000E+00  0.00000E+00  0.00000E+00  0.00000E+00  0.00000E+00  0.00000E+00  0.00000E+00  0.29815E+03  0.00000E+00  0.00000E+00  0.00000E+00  0.00000E+00  0.00000E+00  0.00000E+00  0.00000E+00  0.00000E+00  0.90712E+01  0.00000E+00  0.90712E+01  0.00000E+00  0.14088E+03  0.14088E+03  0.14995E+03
 0.37792E+01  0.00000E+00  0.00000E+00  0.00000E+00  0.40894E+02  0.00000E+00  0.29815E+03  0.00000E+00  0.00000E+00  0.00000E+00  0.00000E+00  0.00000E+00  0.00000E+00  0.00000E+00  0.29815E+03  0.00000E+00  0.00000E+00  0.00000E+00  0.00000E+00  0.00000E+00  0.00000E+00  0.00000E+00  0.00000E+00  0.90712E+01  0.00000E+00  0.90712E+01  0.00000E+00  0.14088E+03  0.14088E+03  0.14995E+03
 0.38208E+01  0.00000E+00  0.00000E+00  0.00000E+00  0.40894E+02  0.00000E+00  0.29815E+03  0.00000E+00  0.00000E+00  0.00000E+00  0.00000E+00  0.00000E+00  0.00000E+00  0.00000E+00  0.29815E+03  0.00000E+00  0.00000E+00  0.00000E+00  0.00000E+00  0.00000E+00  0.00000E+00  0.00000E+00  0.00000E+00  0.90712E+01  0.00000E+00  0.90712E+01  0.00000E+00  0.14088E+03  0.14088E+03  0.14995E+03
 0.38192E+01  0.00000E+00  0.00000E+00  0.00000E+00  0.40876E+02  0.00000E+00  0.29815E+03  0.00000E+00  0.00000E+00  0.00000E+00  0.00000E+00  0.00000E+00  0.00000E+00  0.00000E+00  0.29815E+03  0.00000E+00  0.00000E+00  0.00000E+00  0.00000E+00  0.00000E+00  0.00000E+00  0.00000E+00  0.00000E+00  0.90712E+01  0.00000E+00  0.90712E+01  0.00000E+00  0.14088E+03  0.14088E+03  0.14995E+03
 0.38608E+01  0.00000E+00  0.00000E+00  0.00000E+00  0.40876E+02  0.00000E+00  0.29815E+03  0.00000E+00  0.00000E+00  0.00000E+00  0.00000E+00  0.00000E+00  0.00000E+00  0.00000E+00  0.29815E+03  0.00000E+00  0.00000E+00  0.00000E+00  0.00000E+00  0.00000E+00  0.00000E+00  0.00000E+00  0.00000E+00  0.90712E+01  0.00000E+00  0.90712E+01  0.00000E+00  0.14088E+03  0.14088E+03  0.14995E+03
 0.38592E+01  0.00000E+00  0.00000E+00  0.00000E+00  0.40866E+02  0.00000E+00  0.29815E+03  0.00000E+00  0.00000E+00  0.00000E+00  0.00000E+00  0.00000E+00  0.00000E+00  0.00000E+00  0.29815E+03  0.00000E+00  0.00000E+00  0.00000E+00  0.00000E+00  0.00000E+00  0.00000E+00  0.00000E+00  0.00000E+00  0.90712E+01  0.00000E+00  0.90712E+01  0.00000E+00  0.14088E+03  0.14088E+03  0.14995E+03
 0.39008E+01  0.00000E+00  0.00000E+00  0.00000E+00  0.40866E+02  0.00000E+00  0.29815E+03  0.00000E+00  0.00000E+00  0.00000E+00  0.00000E+00  0.00000E+00  0.00000E+00  0.00000E+00  0.29815E+03  0.00000E+00  0.00000E+00  0.00000E+00  0.00000E+00  0.00000E+00  0.00000E+00  0.00000E+00  0.00000E+00  0.90712E+01  0.00000E+00  0.90712E+01  0.00000E+00  0.14088E+03  0.14088E+03  0.14995E+03
 0.38992E+01  0.00000E+00  0.00000E+00  0.00000E+00  0.40862E+02  0.00000E+00  0.29815E+03  0.00000E+00  0.00000E+00  0.00000E+00  0.00000E+00  0.00000E+00  0.00000E+00  0.00000E+00  0.29815E+03  0.00000E+00  0.00000E+00  0.00000E+00  0.00000E+00  0.00000E+00  0.00000E+00  0.00000E+00  0.00000E+00  0.90712E+01  0.00000E+00  0.90712E+01  0.00000E+00  0.14088E+03  0.14088E+03  0.14995E+03
 0.39408E+01  0.00000E+00  0.00000E+00  0.00000E+00  0.40862E+02  0.00000E+00  0.29815E+03  0.00000E+00  0.00000E+00  0.00000E+00  0.00000E+00  0.00000E+00  0.00000E+00  0.00000E+00  0.29815E+03  0.00000E+00  0.00000E+00  0.00000E+00  0.00000E+00  0.00000E+00  0.00000E+00  0.00000E+00  0.00000E+00  0.90712E+01  0.00000E+00  0.90712E+01  0.00000E+00  0.14088E+03  0.14088E+03  0.14995E+03
 0.39392E+01  0.00000E+00  0.00000E+00  0.00000E+00  0.40860E+02  0.00000E+00  0.29815E+03  0.00000E+00  0.00000E+00  0.00000E+00  0.00000E+00  0.00000E+00  0.00000E+00  0.00000E+00  0.29815E+03  0.00000E+00  0.00000E+00  0.00000E+00  0.00000E+00  0.00000E+00  0.00000E+00  0.00000E+00  0.00000E+00  0.90712E+01  0.00000E+00  0.90712E+01  0.00000E+00  0.14088E+03  0.14088E+03  0.14995E+03
 0.39808E+01  0.00000E+00  0.00000E+00  0.00000E+00  0.40860E+02  0.00000E+00  0.29815E+03  0.00000E+00  0.00000E+00  0.00000E+00  0.00000E+00  0.00000E+00  0.00000E+00  0.00000E+00  0.29815E+03  0.00000E+00  0.00000E+00  0.00000E+00  0.00000E+00  0.00000E+00  0.00000E+00  0.00000E+00  0.00000E+00  0.90712E+01  0.00000E+00  0.90712E+01  0.00000E+00  0.14088E+03  0.14088E+03  0.14995E+03
 0.39792E+01  0.00000E+00  0.00000E+00  0.00000E+00  0.40859E+02  0.00000E+00  0.29815E+03  0.00000E+00  0.00000E+00  0.00000E+00  0.00000E+00  0.00000E+00  0.00000E+00  0.00000E+00  0.29815E+03  0.00000E+00  0.00000E+00  0.00000E+00  0.00000E+00  0.00000E+00  0.00000E+00  0.00000E+00  0.00000E+00  0.90712E+01  0.00000E+00  0.90712E+01  0.00000E+00  0.14088E+03  0.14088E+03  0.14995E+03
 0.40208E+01  0.00000E+00  0.00000E+00  0.00000E+00  0.40859E+02  0.00000E+00  0.29815E+03  0.00000E+00  0.00000E+00  0.00000E+00  0.00000E+00  0.00000E+00  0.00000E+00  0.00000E+00  0.29815E+03  0.00000E+00  0.00000E+00  0.00000E+00  0.00000E+00  0.00000E+00  0.00000E+00  0.00000E+00  0.00000E+00  0.90712E+01  0.00000E+00  0.90712E+01  0.00000E+00  0.14088E+03  0.14088E+03  0.14995E+03
 0.40292E+01  0.00000E+00  0.00000E+00  0.00000E+00  0.40855E+02  0.00000E+00  0.29815E+03  0.00000E+00  0.00000E+00  0.00000E+00  0.00000E+00  0.00000E+00  0.00000E+00  0.00000E+00  0.29815E+03  0.00000E+00  0.00000E+00  0.00000E+00  0.00000E+00  0.00000E+00  0.00000E+00  0.00000E+00  0.00000E+00  0.90712E+01  0.00000E+00  0.90712E+01  0.00000E+00  0.14088E+03  0.14088E+03  0.14995E+03
 0.40708E+01  0.00000E+00  0.00000E+00  0.00000E+00  0.40855E+02  0.00000E+00  0.29815E+03  0.00000E+00  0.00000E+00  0.00000E+00  0.00000E+00  0.00000E+00  0.00000E+00  0.00000E+00  0.29815E+03  0.00000E+00  0.00000E+00  0.00000E+00  0.00000E+00  0.00000E+00  0.00000E+00  0.00000E+00  0.00000E+00  0.90712E+01  0.00000E+00  0.90712E+01  0.00000E+00  0.14088E+03  0.14088E+03  0.14995E+03
 0.40692E+01  0.00000E+00  0.00000E+00  0.00000E+00  0.40847E+02  0.00000E+00  0.29815E+03  0.00000E+00  0.00000E+00  0.00000E+00  0.00000E+00  0.00000E+00  0.00000E+00  0.00000E+00  0.29815E+03  0.00000E+00  0.00000E+00  0.00000E+00  0.00000E+00  0.00000E+00  0.00000E+00  0.00000E+00  0.00000E+00  0.90712E+01  0.00000E+00  0.90712E+01  0.00000E+00  0.14088E+03  0.14088E+03  0.14995E+03
 0.41108E+01  0.00000E+00  0.00000E+00  0.00000E+00  0.40847E+02  0.00000E+00  0.29815E+03  0.00000E+00  0.00000E+00  0.00000E+00  0.00000E+00  0.00000E+00  0.00000E+00  0.00000E+00  0.29815E+03  0.00000E+00  0.00000E+00  0.00000E+00  0.00000E+00  0.00000E+00  0.00000E+00  0.00000E+00  0.00000E+00  0.90712E+01  0.00000E+00  0.90712E+01  0.00000E+00  0.14088E+03  0.14088E+03  0.14995E+03
 0.41092E+01  0.00000E+00  0.00000E+00  0.00000E+00  0.40834E+02  0.00000E+00  0.29815E+03  0.00000E+00  0.00000E+00  0.00000E+00  0.00000E+00  0.00000E+00  0.00000E+00  0.00000E+00  0.29815E+03  0.00000E+00  0.00000E+00  0.00000E+00  0.00000E+00  0.00000E+00  0.00000E+00  0.00000E+00  0.00000E+00  0.90712E+01  0.00000E+00  0.90712E+01  0.00000E+00  0.14088E+03  0.14088E+03  0.14995E+03
 0.41508E+01  0.00000E+00  0.00000E+00  0.00000E+00  0.40834E+02  0.00000E+00  0.29815E+03  0.00000E+00  0.00000E+00  0.00000E+00  0.00000E+00  0.00000E+00  0.00000E+00  0.00000E+00  0.29815E+03  0.00000E+00  0.00000E+00  0.00000E+00  0.00000E+00  0.00000E+00  0.00000E+00  0.00000E+00  0.00000E+00  0.90712E+01  0.00000E+00  0.90712E+01  0.00000E+00  0.14088E+03  0.14088E+03  0.14995E+03
 0.41492E+01  0.00000E+00  0.00000E+00  0.00000E+00  0.40816E+02  0.00000E+00  0.29815E+03  0.00000E+00  0.00000E+00  0.00000E+00  0.00000E+00  0.00000E+00  0.00000E+00  0.00000E+00  0.29815E+03  0.00000E+00  0.00000E+00  0.00000E+00  0.00000E+00  0.00000E+00  0.00000E+00  0.00000E+00  0.00000E+00  0.90712E+01  0.00000E+00  0.90712E+01  0.00000E+00  0.14088E+03  0.14088E+03  0.14995E+03
 0.41908E+01  0.00000E+00  0.00000E+00  0.00000E+00  0.40816E+02  0.00000E+00  0.29815E+03  0.00000E+00  0.00000E+00  0.00000E+00  0.00000E+00  0.00000E+00  0.00000E+00  0.00000E+00  0.29815E+03  0.00000E+00  0.00000E+00  0.00000E+00  0.00000E+00  0.00000E+00  0.00000E+00  0.00000E+00  0.00000E+00  0.90712E+01  0.00000E+00  0.90712E+01  0.00000E+00  0.14088E+03  0.14088E+03  0.14995E+03
 0.41892E+01  0.00000E+00  0.00000E+00  0.00000E+00  0.40794E+02  0.00000E+00  0.29815E+03  0.00000E+00  0.00000E+00  0.00000E+00  0.00000E+00  0.00000E+00  0.00000E+00  0.00000E+00  0.29815E+03  0.00000E+00  0.00000E+00  0.00000E+00  0.00000E+00  0.00000E+00  0.00000E+00  0.00000E+00  0.00000E+00  0.90712E+01  0.00000E+00  0.90712E+01  0.00000E+00  0.14088E+03  0.14088E+03  0.14995E+03
 0.42308E+01  0.00000E+00  0.00000E+00  0.00000E+00  0.40794E+02  0.00000E+00  0.29815E+03  0.00000E+00  0.00000E+00  0.00000E+00  0.00000E+00  0.00000E+00  0.00000E+00  0.00000E+00  0.29815E+03  0.00000E+00  0.00000E+00  0.00000E+00  0.00000E+00  0.00000E+00  0.00000E+00  0.00000E+00  0.00000E+00  0.90712E+01  0.00000E+00  0.90712E+01  0.00000E+00  0.14088E+03  0.14088E+03  0.14995E+03
 0.42292E+01  0.00000E+00  0.00000E+00  0.00000E+00  0.40768E+02  0.00000E+00  0.29815E+03  0.00000E+00  0.00000E+00  0.00000E+00  0.00000E+00  0.00000E+00  0.00000E+00  0.00000E+00  0.29815E+03  0.00000E+00  0.00000E+00  0.00000E+00  0.00000E+00  0.00000E+00  0.00000E+00  0.00000E+00  0.00000E+00  0.90712E+01  0.00000E+00  0.90712E+01  0.00000E+00  0.14088E+03  0.14088E+03  0.14995E+03
 0.42708E+01  0.00000E+00  0.00000E+00  0.00000E+00  0.40768E+02  0.00000E+00  0.29815E+03  0.00000E+00  0.00000E+00  0.00000E+00  0.00000E+00  0.00000E+00  0.00000E+00  0.00000E+00  0.29815E+03  0.00000E+00  0.00000E+00  0.00000E+00  0.00000E+00  0.00000E+00  0.00000E+00  0.00000E+00  0.00000E+00  0.90712E+01  0.00000E+00  0.90712E+01  0.00000E+00  0.14088E+03  0.14088E+03  0.14995E+03
 0.42792E+01  0.00000E+00  0.00000E+00  0.00000E+00  0.40738E+02  0.00000E+00  0.29815E+03  0.00000E+00  0.00000E+00  0.00000E+00  0.00000E+00  0.00000E+00  0.00000E+00  0.00000E+00  0.29815E+03  0.00000E+00  0.00000E+00  0.00000E+00  0.00000E+00  0.00000E+00  0.00000E+00  0.00000E+00  0.00000E+00  0.90712E+01  0.00000E+00  0.90712E+01  0.00000E+00  0.14088E+03  0.14088E+03  0.14995E+03
 0.43208E+01  0.00000E+00  0.00000E+00  0.00000E+00  0.40738E+02  0.00000E+00  0.29815E+03  0.00000E+00  0.00000E+00  0.00000E+00  0.00000E+00  0.00000E+00  0.00000E+00  0.00000E+00  0.29815E+03  0.00000E+00  0.00000E+00  0.00000E+00  0.00000E+00  0.00000E+00  0.00000E+00  0.00000E+00  0.00000E+00  0.90712E+01  0.00000E+00  0.90712E+01  0.00000E+00  0.14088E+03  0.14088E+03  0.14995E+03
 0.43192E+01  0.00000E+00  0.00000E+00  0.00000E+00  0.40704E+02  0.00000E+00  0.29815E+03  0.00000E+00  0.00000E+00  0.00000E+00  0.00000E+00  0.00000E+00  0.00000E+00  0.00000E+00  0.29815E+03  0.00000E+00  0.00000E+00  0.00000E+00  0.00000E+00  0.00000E+00  0.00000E+00  0.00000E+00  0.00000E+00  0.90712E+01  0.00000E+00  0.90712E+01  0.00000E+00  0.14088E+03  0.14088E+03  0.14995E+03
 0.43608E+01  0.00000E+00  0.00000E+00  0.00000E+00  0.40704E+02  0.00000E+00  0.29815E+03  0.00000E+00  0.00000E+00  0.00000E+00  0.00000E+00  0.00000E+00  0.00000E+00  0.00000E+00  0.29815E+03  0.00000E+00  0.00000E+00  0.00000E+00  0.00000E+00  0.00000E+00  0.00000E+00  0.00000E+00  0.00000E+00  0.90712E+01  0.00000E+00  0.90712E+01  0.00000E+00  0.14088E+03  0.14088E+03  0.14995E+03
 0.43592E+01  0.00000E+00  0.00000E+00  0.00000E+00  0.40671E+02  0.00000E+00  0.29815E+03  0.00000E+00  0.00000E+00  0.00000E+00  0.00000E+00  0.00000E+00  0.00000E+00  0.00000E+00  0.29815E+03  0.00000E+00  0.00000E+00  0.00000E+00  0.00000E+00  0.00000E+00  0.00000E+00  0.00000E+00  0.00000E+00  0.90712E+01  0.00000E+00  0.90712E+01  0.00000E+00  0.14088E+03  0.14088E+03  0.14995E+03
 0.44008E+01  0.00000E+00  0.00000E+00  0.00000E+00  0.40671E+02  0.00000E+00  0.29815E+03  0.00000E+00  0.00000E+00  0.00000E+00  0.00000E+00  0.00000E+00  0.00000E+00  0.00000E+00  0.29815E+03  0.00000E+00  0.00000E+00  0.00000E+00  0.00000E+00  0.00000E+00  0.00000E+00  0.00000E+00  0.00000E+00  0.90712E+01  0.00000E+00  0.90712E+01  0.00000E+00  0.14088E+03  0.14088E+03  0.14995E+03
 0.43992E+01  0.00000E+00  0.00000E+00  0.00000E+00  0.40642E+02  0.00000E+00  0.29815E+03  0.00000E+00  0.00000E+00  0.00000E+00  0.00000E+00  0.00000E+00  0.00000E+00  0.00000E+00  0.29815E+03  0.00000E+00  0.00000E+00  0.00000E+00  0.00000E+00  0.00000E+00  0.00000E+00  0.00000E+00  0.00000E+00  0.90712E+01  0.00000E+00  0.90712E+01  0.00000E+00  0.14088E+03  0.14088E+03  0.14995E+03
 0.44408E+01  0.00000E+00  0.00000E+00  0.00000E+00  0.40642E+02  0.00000E+00  0.29815E+03  0.00000E+00  0.00000E+00  0.00000E+00  0.00000E+00  0.00000E+00  0.00000E+00  0.00000E+00  0.29815E+03  0.00000E+00  0.00000E+00  0.00000E+00  0.00000E+00  0.00000E+00  0.00000E+00  0.00000E+00  0.00000E+00  0.90712E+01  0.00000E+00  0.90712E+01  0.00000E+00  0.14088E+03  0.14088E+03  0.14995E+03
 0.44392E+01  0.00000E+00  0.00000E+00  0.00000E+00  0.40623E+02  0.00000E+00  0.29815E+03  0.00000E+00  0.00000E+00  0.00000E+00  0.00000E+00  0.00000E+00  0.00000E+00  0.00000E+00  0.29815E+03  0.00000E+00  0.00000E+00  0.00000E+00  0.00000E+00  0.00000E+00  0.00000E+00  0.00000E+00  0.00000E+00  0.90712E+01  0.00000E+00  0.90712E+01  0.00000E+00  0.14088E+03  0.14088E+03  0.14995E+03
 0.44808E+01  0.00000E+00  0.00000E+00  0.00000E+00  0.40623E+02  0.00000E+00  0.29815E+03  0.00000E+00  0.00000E+00  0.00000E+00  0.00000E+00  0.00000E+00  0.00000E+00  0.00000E+00  0.29815E+03  0.00000E+00  0.00000E+00  0.00000E+00  0.00000E+00  0.00000E+00  0.00000E+00  0.00000E+00  0.00000E+00  0.90712E+01  0.00000E+00  0.90712E+01  0.00000E+00  0.14088E+03  0.14088E+03  0.14995E+03
 0.44792E+01  0.00000E+00  0.00000E+00  0.00000E+00  0.40616E+02  0.00000E+00  0.29815E+03  0.00000E+00  0.00000E+00  0.00000E+00  0.00000E+00  0.00000E+00  0.00000E+00  0.00000E+00  0.29815E+03  0.00000E+00  0.00000E+00  0.00000E+00  0.00000E+00  0.00000E+00  0.00000E+00  0.00000E+00  0.00000E+00  0.90712E+01  0.00000E+00  0.90712E+01  0.00000E+00  0.14088E+03  0.14088E+03  0.14995E+03
 0.45208E+01  0.00000E+00  0.00000E+00  0.00000E+00  0.40616E+02  0.00000E+00  0.29815E+03  0.00000E+00  0.00000E+00  0.00000E+00  0.00000E+00  0.00000E+00  0.00000E+00  0.00000E+00  0.29815E+03  0.00000E+00  0.00000E+00  0.00000E+00  0.00000E+00  0.00000E+00  0.00000E+00  0.00000E+00  0.00000E+00  0.90712E+01  0.00000E+00  0.90712E+01  0.00000E+00  0.14088E+03  0.14088E+03  0.14995E+03
 0.45292E+01  0.00000E+00  0.00000E+00  0.00000E+00  0.40622E+02  0.00000E+00  0.29815E+03  0.00000E+00  0.00000E+00  0.00000E+00  0.00000E+00  0.00000E+00  0.00000E+00  0.00000E+00  0.29815E+03  0.00000E+00  0.00000E+00  0.00000E+00  0.00000E+00  0.00000E+00  0.00000E+00  0.00000E+00  0.00000E+00  0.90712E+01  0.00000E+00  0.90712E+01  0.00000E+00  0.14088E+03  0.14088E+03  0.14995E+03
 0.45708E+01  0.00000E+00  0.00000E+00  0.00000E+00  0.40622E+02  0.00000E+00  0.29815E+03  0.00000E+00  0.00000E+00  0.00000E+00  0.00000E+00  0.00000E+00  0.00000E+00  0.00000E+00  0.29815E+03  0.00000E+00  0.00000E+00  0.00000E+00  0.00000E+00  0.00000E+00  0.00000E+00  0.00000E+00  0.00000E+00  0.90712E+01  0.00000E+00  0.90712E+01  0.00000E+00  0.14088E+03  0.14088E+03  0.14995E+03
 0.45692E+01  0.00000E+00  0.00000E+00  0.00000E+00  0.40636E+02  0.00000E+00  0.29815E+03  0.00000E+00  0.00000E+00  0.00000E+00  0.00000E+00  0.00000E+00  0.00000E+00  0.00000E+00  0.29815E+03  0.00000E+00  0.00000E+00  0.00000E+00  0.00000E+00  0.00000E+00  0.00000E+00  0.00000E+00  0.00000E+00  0.90712E+01  0.00000E+00  0.90712E+01  0.00000E+00  0.14088E+03  0.14088E+03  0.14995E+03
 0.46108E+01  0.00000E+00  0.00000E+00  0.00000E+00  0.40636E+02  0.00000E+00  0.29815E+03  0.00000E+00  0.00000E+00  0.00000E+00  0.00000E+00  0.00000E+00  0.00000E+00  0.00000E+00  0.29815E+03  0.00000E+00  0.00000E+00  0.00000E+00  0.00000E+00  0.00000E+00  0.00000E+00  0.00000E+00  0.00000E+00  0.90712E+01  0.00000E+00  0.90712E+01  0.00000E+00  0.14088E+03  0.14088E+03  0.14995E+03
 0.46092E+01  0.00000E+00  0.00000E+00  0.00000E+00  0.40652E+02  0.00000E+00  0.29815E+03  0.00000E+00  0.00000E+00  0.00000E+00  0.00000E+00  0.00000E+00  0.00000E+00  0.00000E+00  0.29815E+03  0.00000E+00  0.00000E+00  0.00000E+00  0.00000E+00  0.00000E+00  0.00000E+00  0.00000E+00  0.00000E+00  0.90712E+01  0.00000E+00  0.90712E+01  0.00000E+00  0.14088E+03  0.14088E+03  0.14995E+03
 0.46508E+01  0.00000E+00  0.00000E+00  0.00000E+00  0.40652E+02  0.00000E+00  0.29815E+03  0.00000E+00  0.00000E+00  0.00000E+00  0.00000E+00  0.00000E+00  0.00000E+00  0.00000E+00  0.29815E+03  0.00000E+00  0.00000E+00  0.00000E+00  0.00000E+00  0.00000E+00  0.00000E+00  0.00000E+00  0.00000E+00  0.90712E+01  0.00000E+00  0.90712E+01  0.00000E+00  0.14088E+03  0.14088E+03  0.14995E+03
 0.46492E+01  0.00000E+00  0.00000E+00  0.00000E+00  0.40664E+02  0.00000E+00  0.29815E+03  0.00000E+00  0.00000E+00  0.00000E+00  0.00000E+00  0.00000E+00  0.00000E+00  0.00000E+00  0.29815E+03  0.00000E+00  0.00000E+00  0.00000E+00  0.00000E+00  0.00000E+00  0.00000E+00  0.00000E+00  0.00000E+00  0.90712E+01  0.00000E+00  0.90712E+01  0.00000E+00  0.14088E+03  0.14088E+03  0.14995E+03
 0.46908E+01  0.00000E+00  0.00000E+00  0.00000E+00  0.40664E+02  0.00000E+00  0.29815E+03  0.00000E+00  0.00000E+00  0.00000E+00  0.00000E+00  0.00000E+00  0.00000E+00  0.00000E+00  0.29815E+03  0.00000E+00  0.00000E+00  0.00000E+00  0.00000E+00  0.00000E+00  0.00000E+00  0.00000E+00  0.00000E+00  0.90712E+01  0.00000E+00  0.90712E+01  0.00000E+00  0.14088E+03  0.14088E+03  0.14995E+03
 0.46892E+01  0.00000E+00  0.00000E+00  0.00000E+00  0.40671E+02  0.00000E+00  0.29815E+03  0.00000E+00  0.00000E+00  0.00000E+00  0.00000E+00  0.00000E+00  0.00000E+00  0.00000E+00  0.29815E+03  0.00000E+00  0.00000E+00  0.00000E+00  0.00000E+00  0.00000E+00  0.00000E+00  0.00000E+00  0.00000E+00  0.90712E+01  0.00000E+00  0.90712E+01  0.00000E+00  0.14088E+03  0.14088E+03  0.14995E+03
 0.47308E+01  0.00000E+00  0.00000E+00  0.00000E+00  0.40671E+02  0.00000E+00  0.29815E+03  0.00000E+00  0.00000E+00  0.00000E+00  0.00000E+00  0.00000E+00  0.00000E+00  0.00000E+00  0.29815E+03  0.00000E+00  0.00000E+00  0.00000E+00  0.00000E+00  0.00000E+00  0.00000E+00  0.00000E+00  0.00000E+00  0.90712E+01  0.00000E+00  0.90712E+01  0.00000E+00  0.14088E+03  0.14088E+03  0.14995E+03
 0.47292E+01  0.00000E+00  0.00000E+00  0.00000E+00  0.40674E+02  0.00000E+00  0.29815E+03  0.00000E+00  0.00000E+00  0.00000E+00  0.00000E+00  0.00000E+00  0.00000E+00  0.00000E+00  0.29815E+03  0.00000E+00  0.00000E+00  0.00000E+00  0.00000E+00  0.00000E+00  0.00000E+00  0.00000E+00  0.00000E+00  0.90712E+01  0.00000E+00  0.90712E+01  0.00000E+00  0.14088E+03  0.14088E+03  0.14995E+03
 0.47708E+01  0.00000E+00  0.00000E+00  0.00000E+00  0.40674E+02  0.00000E+00  0.29815E+03  0.00000E+00  0.00000E+00  0.00000E+00  0.00000E+00  0.00000E+00  0.00000E+00  0.00000E+00  0.29815E+03  0.00000E+00  0.00000E+00  0.00000E+00  0.00000E+00  0.00000E+00  0.00000E+00  0.00000E+00  0.00000E+00  0.90712E+01  0.00000E+00  0.90712E+01  0.00000E+00  0.14088E+03  0.14088E+03  0.14995E+03
