 0.50050E+01
 0.27050E-01  0.00000E+00  0.00000E+00  0.00000E+00  0.40786E+02  0.00000E+00  0.29815E+03  0.00000E+00  0.00000E+00  0.00000E+00  0.00000E+00  0.00000E+00  0.00000E+00  0.00000E+00  0.33902E+03  0.00000E+00  0.00000E+00  0.00000E+00  0.00000E+00  0.00000E+00  0.00000E+00  0.00000E+00  0.00000E+00  0.00000E+00  0.00000E+00  0.00000E+00  0.00000E+00  0.00000E+00  0.00000E+00  0.00000E+00
 0.81150E-01  0.00000E+00  0.00000E+00  0.00000E+00  0.40786E+02  0.00000E+00  0.29815E+03  0.00000E+00  0.00000E+00  0.00000E+00  0.00000E+00  0.00000E+00  0.00000E+00  0.00000E+00  0.33902E+03  0.00000E+00  0.00000E+00  0.00000E+00  0.00000E+00  0.00000E+00  0.00000E+00  0.00000E+00  0.00000E+00  0.00000E+00  0.00000E+00  0.00000E+00  0.00000E+00  0.00000E+00  0.00000E+00  0.00000E+00
 0.81150E-01  0.00000E+00  0.00000E+00  0.00000E+00  0.40790E+02  0.00000E+00  0.29815E+03  0.00000E+00  0.00000E+00  0.00000E+00  0.00000E+00  0.00000E+00  0.00000E+00  0.00000E+00  0.33600E+03  0.00000E+00  0.00000E+00  0.00000E+00  0.00000E+00  0.00000E+00  0.00000E+00  0.00000E+00  0.00000E+00  0.00000E+00  0.00000E+00  0.00000E+00  0.00000E+00  0.00000E+00  0.00000E+00  0.00000E+00
 0.13525E+00  0.00000E+00  0.00000E+00  0.00000E+00  0.40790E+02  0.00000E+00  0.29815E+03  0.00000E+00  0.00000E+00  0.00000E+00  0.00000E+00  0.00000E+00  0.00000E+00  0.00000E+00  0.33600E+03  0.00000E+00  0.00000E+00  0.00000E+00  0.00000E+00  0.00000E+00  0.00000E+00  0.00000E+00  0.00000E+00  0.00000E+00  0.00000E+00  0.00000E+00  0.00000E+00  0.00000E+00  0.00000E+00  0.00000E+00
 0.13525E+00  0.00000E+00  0.00000E+00  0.00000E+00  0.40789E+02  0.00000E+00  0.29815E+03  0.00000E+00  0.00000E+00  0.00000E+00  0.00000E+00  0.00000E+00  0.00000E+00  0.00000E+00  0.33600E+03  0.00000E+00  0.00000E+00  0.00000E+00  0.00000E+00  0.00000E+00  0.00000E+00  0.00000E+00  0.00000E+00  0.00000E+00  0.00000E+00  0.00000E+00  0.00000E+00  0.00000E+00  0.00000E+00  0.00000E+00
 0.18935E+00  0.00000E+00  0.00000E+00  0.00000E+00  0.40789E+02  0.00000E+00  0.29815E+03  0.00000E+00  0.00000E+00  0.00000E+00  0.00000E+00  0.00000E+00  0.00000E+00  0.00000E+00  0.33600E+03  0.00000E+00  0.00000E+00  0.00000E+00  0.00000E+00  0.00000E+00  0.00000E+00  0.00000E+00  0.00000E+00  0.00000E+00  0.00000E+00  0.00000E+00  0.00000E+00  0.00000E+00  0.00000E+00  0.00000E+00
 0.18935E+00  0.00000E+00  0.00000E+00  0.00000E+00  0.40790E+02  0.00000E+00  0.29815E+03  0.00000E+00  0.00000E+00  0.00000E+00  0.00000E+00  0.00000E+00  0.00000E+00  0.00000E+00  0.33600E+03  0.00000E+00  0.00000E+00  0.00000E+00  0.00000E+00  0.00000E+00  0.00000E+00  0.00000E+00  0.00000E+00  0.00000E+00  0.00000E+00  0.00000E+00  0.00000E+00  0.00000E+00  0.00000E+00  0.00000E+00
 0.24345E+00  0.00000E+00  0.00000E+00  0.00000E+00  0.40790E+02  0.00000E+00  0.29815E+03  0.00000E+00  0.00000E+00  0.00000E+00  0.00000E+00  0.00000E+00  0.00000E+00  0.00000E+00  0.33600E+03  0.00000E+00  0.00000E+00  0.00000E+00  0.00000E+00  0.00000E+00  0.00000E+00  0.00000E+00  0.00000E+00  0.00000E+00  0.00000E+00  0.00000E+00  0.00000E+00  0.00000E+00  0.00000E+00  0.00000E+00
 0.24345E+00  0.00000E+00  0.00000E+00  0.00000E+00  0.40791E+02  0.00000E+00  0.29815E+03  0.00000E+00  0.00000E+00  0.00000E+00  0.00000E+00  0.00000E+00  0.00000E+00  0.00000E+00  0.33600E+03  0.00000E+00  0.00000E+00  0.00000E+00  0.00000E+00  0.00000E+00  0.00000E+00  0.00000E+00  0.00000E+00  0.00000E+00  0.00000E+00  0.00000E+00  0.00000E+00  0.00000E+00  0.00000E+00  0.00000E+00
 0.29755E+00  0.00000E+00  0.00000E+00  0.00000E+00  0.40791E+02  0.00000E+00  0.29815E+03  0.00000E+00  0.00000E+00  0.00000E+00  0.00000E+00  0.00000E+00  0.00000E+00  0.00000E+00  0.33600E+03  0.00000E+00  0.00000E+00  0.00000E+00  0.00000E+00  0.00000E+00  0.00000E+00  0.00000E+00  0.00000E+00  0.00000E+00  0.00000E+00  0.00000E+00  0.00000E+00  0.00000E+00  0.00000E+00  0.00000E+00
 0.29755E+00  0.00000E+00  0.00000E+00  0.00000E+00  0.40785E+02  0.00000E+00  0.29815E+03  0.00000E+00  0.00000E+00  0.00000E+00  0.00000E+00  0.00000E+00  0.00000E+00  0.00000E+00  0.33600E+03  0.00000E+00  0.00000E+00  0.00000E+00  0.00000E+00  0.00000E+00  0.00000E+00  0.00000E+00  0.00000E+00  0.00000E+00  0.00000E+00  0.00000E+00  0.00000E+00  0.00000E+00  0.00000E+00  0.00000E+00
 0.35165E+00  0.00000E+00  0.00000E+00  0.00000E+00  0.40785E+02  0.00000E+00  0.29815E+03  0.00000E+00  0.00000E+00  0.00000E+00  0.00000E+00  0.00000E+00  0.00000E+00  0.00000E+00  0.33600E+03  0.00000E+00  0.00000E+00  0.00000E+00  0.00000E+00  0.00000E+00  0.00000E+00  0.00000E+00  0.00000E+00  0.00000E+00  0.00000E+00  0.00000E+00  0.00000E+00  0.00000E+00  0.00000E+00  0.00000E+00
 0.35155E+00  0.00000E+00  0.00000E+00  0.00000E+00  0.40779E+02  0.00000E+00  0.29815E+03  0.00000E+00  0.00000E+00  0.00000E+00  0.00000E+00  0.00000E+00  0.00000E+00  0.00000E+00  0.33600E+03  0.00000E+00  0.00000E+00  0.00000E+00  0.00000E+00  0.00000E+00  0.00000E+00  0.00000E+00  0.00000E+00  0.00000E+00  0.00000E+00  0.00000E+00  0.00000E+00  0.00000E+00  0.00000E+00  0.00000E+00
 0.40565E+00  0.00000E+00  0.00000E+00  0.00000E+00  0.40779E+02  0.00000E+00  0.29815E+03  0.00000E+00  0.00000E+00  0.00000E+00  0.00000E+00  0.00000E+00  0.00000E+00  0.00000E+00  0.33600E+03  0.00000E+00  0.00000E+00  0.00000E+00  0.00000E+00  0.00000E+00  0.00000E+00  0.00000E+00  0.00000E+00  0.00000E+00  0.00000E+00  0.00000E+00  0.00000E+00  0.00000E+00  0.00000E+00  0.00000E+00
 0.40565E+00  0.00000E+00  0.00000E+00  0.00000E+00  0.40777E+02  0.00000E+00  0.29815E+03  0.00000E+00  0.00000E+00  0.00000E+00  0.00000E+00  0.00000E+00  0.00000E+00  0.00000E+00  0.33600E+03  0.00000E+00  0.00000E+00  0.00000E+00  0.00000E+00  0.00000E+00  0.00000E+00  0.00000E+00  0.00000E+00  0.00000E+00  0.00000E+00  0.00000E+00  0.00000E+00  0.00000E+00  0.00000E+00  0.00000E+00
 0.45975E+00  0.00000E+00  0.00000E+00  0.00000E+00  0.40777E+02  0.00000E+00  0.29815E+03  0.00000E+00  0.00000E+00  0.00000E+00  0.00000E+00  0.00000E+00  0.00000E+00  0.00000E+00  0.33600E+03  0.00000E+00  0.00000E+00  0.00000E+00  0.00000E+00  0.00000E+00  0.00000E+00  0.00000E+00  0.00000E+00  0.00000E+00  0.00000E+00  0.00000E+00  0.00000E+00  0.00000E+00  0.00000E+00  0.00000E+00
 0.45975E+00  0.00000E+00  0.00000E+00  0.00000E+00  0.40769E+02  0.00000E+00  0.29815E+03  0.00000E+00  0.00000E+00  0.00000E+00  0.00000E+00  0.00000E+00  0.00000E+00  0.00000E+00  0.33600E+03  0.00000E+00  0.00000E+00  0.00000E+00  0.00000E+00  0.00000E+00  0.00000E+00  0.00000E+00  0.00000E+00  0.00000E+00  0.00000E+00  0.00000E+00  0.00000E+00  0.00000E+00  0.00000E+00  0.00000E+00
 0.51385E+00  0.00000E+00  0.00000E+00  0.00000E+00  0.40769E+02  0.00000E+00  0.29815E+03  0.00000E+00  0.00000E+00  0.00000E+00  0.00000E+00  0.00000E+00  0.00000E+00  0.00000E+00  0.33600E+03  0.00000E+00  0.00000E+00  0.00000E+00  0.00000E+00  0.00000E+00  0.00000E+00  0.00000E+00  0.00000E+00  0.00000E+00  0.00000E+00  0.00000E+00  0.00000E+00  0.00000E+00  0.00000E+00  0.00000E+00
 0.51385E+00  0.74834E+01  0.00000E+00  0.74834E+01  0.40744E+02  0.74834E+01  0.29815E+03  0.00000E+00  0.00000E+00  0.00000E+00  0.00000E+00  0.74834E+01  0.00000E+00  0.14015E+01  0.24739E+04  0.00000E+00  0.00000E+00  0.00000E+00  0.00000E+00  0.00000E+00  0.00000E+00  0.60283E-02  0.00000E+00  0.90712E+01  0.00000E+00  0.90712E+01  0.00000E+00  0.00000E+00  0.00000E+00  0.90712E+01
 0.56795E+00  0.74834E+01  0.00000E+00  0.74834E+01  0.40744E+02  0.74834E+01  0.29815E+03  0.00000E+00  0.00000E+00  0.00000E+00  0.00000E+00  0.74834E+01  0.00000E+00  0.14015E+01  0.24739E+04  0.00000E+00  0.00000E+00  0.00000E+00  0.00000E+00  0.00000E+00  0.00000E+00  0.60283E-02  0.00000E+00  0.90712E+01  0.00000E+00  0.90712E+01  0.00000E+00  0.00000E+00  0.00000E+00  0.90712E+01
 0.56795E+00  0.00000E+00  0.00000E+00  0.31423E+01  0.40672E+02  0.31423E+01  0.24968E+04  0.00000E+00  0.31423E+01  0.31423E+01  0.56221E+01  0.56221E+01  0.44108E+00  0.43815E+02  0.13970E+04  0.64874E+02  0.15458E+05  0.56444E+04  0.00000E+00  0.00000E+00  0.00000E+00  0.13229E-01  0.00000E+00  0.90712E+01  0.00000E+00  0.90712E+01  0.00000E+00  0.30344E+01  0.30344E+01  0.12106E+02
 0.62205E+00  0.00000E+00  0.00000E+00  0.31423E+01  0.40672E+02  0.31423E+01  0.24968E+04  0.00000E+00  0.31423E+01  0.31423E+01  0.56221E+01  0.56221E+01  0.44108E+00  0.43815E+02  0.13970E+04  0.64874E+02  0.15458E+05  0.56444E+04  0.00000E+00  0.00000E+00  0.00000E+00  0.13229E-01  0.00000E+00  0.90712E+01  0.00000E+00  0.90712E+01  0.00000E+00  0.30344E+01  0.30344E+01  0.12106E+02
 0.61521E+00  0.00000E+00  0.00000E+00  0.31680E+01  0.40703E+02  0.31680E+01  0.24946E+04  0.00000E+00  0.31680E+01  0.31680E+01  0.51150E+01  0.51150E+01  0.38064E+00  0.32797E+02  0.14025E+04  0.64695E+02  0.15404E+05  0.42749E+04  0.00000E+00  0.00000E+00  0.00000E+00  0.25619E-01  0.00000E+00  0.90712E+01  0.00000E+00  0.90712E+01  0.00000E+00  0.53118E+01  0.53118E+01  0.14383E+02
 0.65679E+00  0.00000E+00  0.00000E+00  0.31680E+01  0.40703E+02  0.31680E+01  0.24946E+04  0.00000E+00  0.31680E+01  0.31680E+01  0.51150E+01  0.51150E+01  0.38064E+00  0.32797E+02  0.14025E+04  0.64695E+02  0.15404E+05  0.42749E+04  0.00000E+00  0.00000E+00  0.00000E+00  0.25619E-01  0.00000E+00  0.90712E+01  0.00000E+00  0.90712E+01  0.00000E+00  0.53118E+01  0.53118E+01  0.14383E+02
 0.65721E+00  0.00000E+00  0.00000E+00  0.33022E+01  0.40702E+02  0.33022E+01  0.24924E+04  0.00000E+00  0.33022E+01  0.33022E+01  0.10904E+02  0.10904E+02  0.69715E+00  0.19651E+03  0.11941E+04  0.63607E+02  0.15353E+05  0.36685E+04  0.00000E+00  0.00000E+00  0.00000E+00  0.49849E-01  0.00000E+00  0.90712E+01  0.00000E+00  0.90712E+01  0.00000E+00  0.77721E+01  0.77721E+01  0.16843E+02
 0.69879E+00  0.00000E+00  0.00000E+00  0.33022E+01  0.40702E+02  0.33022E+01  0.24924E+04  0.00000E+00  0.33022E+01  0.33022E+01  0.10904E+02  0.10904E+02  0.69715E+00  0.19651E+03  0.11941E+04  0.63607E+02  0.15353E+05  0.36685E+04  0.00000E+00  0.00000E+00  0.00000E+00  0.49849E-01  0.00000E+00  0.90712E+01  0.00000E+00  0.90712E+01  0.00000E+00  0.77721E+01  0.77721E+01  0.16843E+02
 0.69821E+00  0.00000E+00  0.00000E+00  0.41764E+01  0.40703E+02  0.41764E+01  0.24903E+04  0.00000E+00  0.41764E+01  0.41764E+01  0.10485E+02  0.10485E+02  0.60170E+00  0.10066E+03  0.12160E+04  0.56613E+02  0.15303E+05  0.21363E+04  0.00000E+00  0.00000E+00  0.00000E+00  0.95755E-01  0.00000E+00  0.90712E+01  0.00000E+00  0.90712E+01  0.00000E+00  0.10993E+02  0.10993E+02  0.20064E+02
 0.73979E+00  0.00000E+00  0.00000E+00  0.41764E+01  0.40703E+02  0.41764E+01  0.24903E+04  0.00000E+00  0.41764E+01  0.41764E+01  0.10485E+02  0.10485E+02  0.60170E+00  0.10066E+03  0.12160E+04  0.56613E+02  0.15303E+05  0.21363E+04  0.00000E+00  0.00000E+00  0.00000E+00  0.95755E-01  0.00000E+00  0.90712E+01  0.00000E+00  0.90712E+01  0.00000E+00  0.10993E+02  0.10993E+02  0.20064E+02
 0.74021E+00  0.00000E+00  0.00000E+00  0.61204E+01  0.40637E+02  0.61204E+01  0.24880E+04  0.00000E+00  0.61204E+01  0.61204E+01  0.10893E+02  0.10893E+02  0.43814E+00  0.43202E+02  0.11977E+04  0.35235E+02  0.15251E+05  0.96202E+03  0.00000E+00  0.00000E+00  0.00000E+00  0.19036E+00  0.00000E+00  0.90712E+01  0.00000E+00  0.90712E+01  0.00000E+00  0.15874E+02  0.15874E+02  0.24945E+02
 0.78179E+00  0.00000E+00  0.00000E+00  0.61204E+01  0.40637E+02  0.61204E+01  0.24880E+04  0.00000E+00  0.61204E+01  0.61204E+01  0.10893E+02  0.10893E+02  0.43814E+00  0.43202E+02  0.11977E+04  0.35235E+02  0.15251E+05  0.96202E+03  0.00000E+00  0.00000E+00  0.00000E+00  0.19036E+00  0.00000E+00  0.90712E+01  0.00000E+00  0.90712E+01  0.00000E+00  0.15874E+02  0.15874E+02  0.24945E+02
 0.78121E+00  0.00000E+00  0.00000E+00  0.67905E+01  0.40572E+02  0.67905E+01  0.24856E+04  0.00000E+00  0.67905E+01  0.67905E+01  0.71398E+01  0.71398E+01  0.48922E-01  0.11424E+01  0.11268E+04  0.16536E+02  0.10970E+05  0.47314E+03  0.00000E+00  0.00000E+00  0.00000E+00  0.39241E+00  0.00000E+00  0.90712E+01  0.00000E+00  0.90712E+01  0.00000E+00  0.21467E+02  0.21467E+02  0.30538E+02
 0.82279E+00  0.00000E+00  0.00000E+00  0.67905E+01  0.40572E+02  0.67905E+01  0.24856E+04  0.00000E+00  0.67905E+01  0.67905E+01  0.71398E+01  0.71398E+01  0.48922E-01  0.11424E+01  0.11268E+04  0.16536E+02  0.10970E+05  0.47314E+03  0.00000E+00  0.00000E+00  0.00000E+00  0.39241E+00  0.00000E+00  0.90712E+01  0.00000E+00  0.90712E+01  0.00000E+00  0.21467E+02  0.21467E+02  0.30538E+02
 0.82321E+00  0.00000E+00  0.00000E+00  0.70026E+01  0.40535E+02  0.70026E+01  0.24848E+04  0.00000E+00  0.70026E+01  0.70026E+01  0.70875E+01  0.70875E+01  0.11980E-01  0.26720E+00  0.10217E+04  0.12963E+02  0.40179E+04  0.39456E+03  0.00000E+00  0.00000E+00  0.00000E+00  0.49601E+00  0.00000E+00  0.90712E+01  0.00000E+00  0.90712E+01  0.00000E+00  0.27419E+02  0.27419E+02  0.36490E+02
 0.86479E+00  0.00000E+00  0.00000E+00  0.70026E+01  0.40535E+02  0.70026E+01  0.24848E+04  0.00000E+00  0.70026E+01  0.70026E+01  0.70875E+01  0.70875E+01  0.11980E-01  0.26720E+00  0.10217E+04  0.12963E+02  0.40179E+04  0.39456E+03  0.00000E+00  0.00000E+00  0.00000E+00  0.49601E+00  0.00000E+00  0.90712E+01  0.00000E+00  0.90712E+01  0.00000E+00  0.27419E+02  0.27419E+02  0.36490E+02
 0.86521E+00  0.00000E+00  0.00000E+00  0.71318E+01  0.40512E+02  0.71318E+01  0.24837E+04  0.00000E+00  0.71318E+01  0.71318E+01  0.72421E+01  0.72421E+01  0.15235E-01  0.34116E+00  0.88600E+03  0.11323E+02  0.45955E+04  0.33796E+03  0.00000E+00  0.00000E+00  0.00000E+00  0.67861E+00  0.00000E+00  0.90712E+01  0.00000E+00  0.90712E+01  0.00000E+00  0.33667E+02  0.33667E+02  0.42738E+02
 0.90679E+00  0.00000E+00  0.00000E+00  0.71318E+01  0.40512E+02  0.71318E+01  0.24837E+04  0.00000E+00  0.71318E+01  0.71318E+01  0.72421E+01  0.72421E+01  0.15235E-01  0.34116E+00  0.88600E+03  0.11323E+02  0.45955E+04  0.33796E+03  0.00000E+00  0.00000E+00  0.00000E+00  0.67861E+00  0.00000E+00  0.90712E+01  0.00000E+00  0.90712E+01  0.00000E+00  0.33667E+02  0.33667E+02  0.42738E+02
 0.90621E+00  0.00000E+00  0.00000E+00  0.72282E+01  0.40492E+02  0.72282E+01  0.24833E+04  0.00000E+00  0.72282E+01  0.72282E+01  0.72691E+01  0.72691E+01  0.56353E-02  0.12473E+00  0.84755E+03  0.97400E+01  0.28822E+04  0.28958E+03  0.00000E+00  0.00000E+00  0.00000E+00  0.77721E+00  0.00000E+00  0.90712E+01  0.00000E+00  0.90712E+01  0.00000E+00  0.40188E+02  0.40188E+02  0.49260E+02
 0.94779E+00  0.00000E+00  0.00000E+00  0.72282E+01  0.40492E+02  0.72282E+01  0.24833E+04  0.00000E+00  0.72282E+01  0.72282E+01  0.72691E+01  0.72691E+01  0.56353E-02  0.12473E+00  0.84755E+03  0.97400E+01  0.28822E+04  0.28958E+03  0.00000E+00  0.00000E+00  0.00000E+00  0.77721E+00  0.00000E+00  0.90712E+01  0.00000E+00  0.90712E+01  0.00000E+00  0.40188E+02  0.40188E+02  0.49260E+02
 0.94821E+00  0.00000E+00  0.00000E+00  0.73166E+01  0.40466E+02  0.73166E+01  0.24827E+04  0.00000E+00  0.73166E+01  0.73166E+01  0.73671E+01  0.73671E+01  0.68554E-02  0.15196E+00  0.74807E+03  0.83668E+01  0.30950E+04  0.25219E+03  0.00000E+00  0.00000E+00  0.00000E+00  0.94243E+00  0.00000E+00  0.90712E+01  0.00000E+00  0.90712E+01  0.00000E+00  0.46982E+02  0.46982E+02  0.56053E+02
 0.98979E+00  0.00000E+00  0.00000E+00  0.73166E+01  0.40466E+02  0.73166E+01  0.24827E+04  0.00000E+00  0.73166E+01  0.73166E+01  0.73671E+01  0.73671E+01  0.68554E-02  0.15196E+00  0.74807E+03  0.83668E+01  0.30950E+04  0.25219E+03  0.00000E+00  0.00000E+00  0.00000E+00  0.94243E+00  0.00000E+00  0.90712E+01  0.00000E+00  0.90712E+01  0.00000E+00  0.46982E+02  0.46982E+02  0.56053E+02
 0.98921E+00  0.00000E+00  0.00000E+00  0.73955E+01  0.40439E+02  0.73955E+01  0.24816E+04  0.00000E+00  0.73955E+01  0.73955E+01  0.74570E+01  0.74570E+01  0.82529E-02  0.18325E+00  0.66474E+03  0.72695E+01  0.33374E+04  0.20869E+03  0.00000E+00  0.00000E+00  0.00000E+00  0.12749E+01  0.00000E+00  0.90712E+01  0.00000E+00  0.90712E+01  0.00000E+00  0.54042E+02  0.54042E+02  0.63113E+02
 0.10308E+01  0.00000E+00  0.00000E+00  0.73955E+01  0.40439E+02  0.73955E+01  0.24816E+04  0.00000E+00  0.73955E+01  0.73955E+01  0.74570E+01  0.74570E+01  0.82529E-02  0.18325E+00  0.66474E+03  0.72695E+01  0.33374E+04  0.20869E+03  0.00000E+00  0.00000E+00  0.00000E+00  0.12749E+01  0.00000E+00  0.90712E+01  0.00000E+00  0.90712E+01  0.00000E+00  0.54042E+02  0.54042E+02  0.63113E+02
 0.10292E+01  0.00000E+00  0.00000E+00  0.74614E+01  0.40414E+02  0.74614E+01  0.24803E+04  0.00000E+00  0.74614E+01  0.74614E+01  0.75408E+01  0.75408E+01  0.10530E-01  0.23446E+00  0.59670E+03  0.63121E+01  0.37247E+04  0.17819E+03  0.00000E+00  0.00000E+00  0.00000E+00  0.19373E+01  0.00000E+00  0.90712E+01  0.00000E+00  0.90712E+01  0.00000E+00  0.61361E+02  0.61361E+02  0.70432E+02
 0.10708E+01  0.00000E+00  0.00000E+00  0.74614E+01  0.40414E+02  0.74614E+01  0.24803E+04  0.00000E+00  0.74614E+01  0.74614E+01  0.75408E+01  0.75408E+01  0.10530E-01  0.23446E+00  0.59670E+03  0.63121E+01  0.37247E+04  0.17819E+03  0.00000E+00  0.00000E+00  0.00000E+00  0.19373E+01  0.00000E+00  0.90712E+01  0.00000E+00  0.90712E+01  0.00000E+00  0.61361E+02  0.61361E+02  0.70432E+02
 0.10692E+01  0.00000E+00  0.00000E+00  0.75193E+01  0.40389E+02  0.75193E+01  0.24784E+04  0.00000E+00  0.75193E+01  0.75193E+01  0.76425E+01  0.76425E+01  0.16119E-01  0.36135E+00  0.54542E+03  0.54318E+01  0.47041E+04  0.18144E+03  0.00000E+00  0.00000E+00  0.00000E+00  0.33134E+01  0.00000E+00  0.90712E+01  0.00000E+00  0.90712E+01  0.00000E+00  0.68934E+02  0.68934E+02  0.78005E+02
 0.11108E+01  0.00000E+00  0.00000E+00  0.75193E+01  0.40389E+02  0.75193E+01  0.24784E+04  0.00000E+00  0.75193E+01  0.75193E+01  0.76425E+01  0.76425E+01  0.16119E-01  0.36135E+00  0.54542E+03  0.54318E+01  0.47041E+04  0.18144E+03  0.00000E+00  0.00000E+00  0.00000E+00  0.33134E+01  0.00000E+00  0.90712E+01  0.00000E+00  0.90712E+01  0.00000E+00  0.68934E+02  0.68934E+02  0.78005E+02
 0.11192E+01  0.00000E+00  0.00000E+00  0.75775E+01  0.40362E+02  0.75775E+01  0.24760E+04  0.00000E+00  0.75775E+01  0.75775E+01  0.77639E+01  0.77639E+01  0.24014E-01  0.54355E+00  0.50750E+03  0.46478E+01  0.61016E+04  0.18334E+03  0.00000E+00  0.00000E+00  0.00000E+00  0.66002E+01  0.00000E+00  0.90712E+01  0.00000E+00  0.90712E+01  0.00000E+00  0.76763E+02  0.76763E+02  0.85835E+02
 0.11608E+01  0.00000E+00  0.00000E+00  0.75775E+01  0.40362E+02  0.75775E+01  0.24760E+04  0.00000E+00  0.75775E+01  0.75775E+01  0.77639E+01  0.77639E+01  0.24014E-01  0.54355E+00  0.50750E+03  0.46478E+01  0.61016E+04  0.18334E+03  0.00000E+00  0.00000E+00  0.00000E+00  0.66002E+01  0.00000E+00  0.90712E+01  0.00000E+00  0.90712E+01  0.00000E+00  0.76763E+02  0.76763E+02  0.85835E+02
 0.11592E+01  0.00000E+00  0.00000E+00  0.76361E+01  0.40332E+02  0.76361E+01  0.24730E+04  0.00000E+00  0.76361E+01  0.76361E+01  0.78954E+01  0.78954E+01  0.32848E-01  0.75167E+00  0.48256E+03  0.39887E+01  0.76783E+04  0.18392E+03  0.00000E+00  0.00000E+00  0.00000E+00  0.16001E+02  0.00000E+00  0.90712E+01  0.00000E+00  0.90712E+01  0.00000E+00  0.84854E+02  0.84854E+02  0.93925E+02
 0.12008E+01  0.00000E+00  0.00000E+00  0.76361E+01  0.40332E+02  0.76361E+01  0.24730E+04  0.00000E+00  0.76361E+01  0.76361E+01  0.78954E+01  0.78954E+01  0.32848E-01  0.75167E+00  0.48256E+03  0.39887E+01  0.76783E+04  0.18392E+03  0.00000E+00  0.00000E+00  0.00000E+00  0.16001E+02  0.00000E+00  0.90712E+01  0.00000E+00  0.90712E+01  0.00000E+00  0.84854E+02  0.84854E+02  0.93925E+02
 0.11992E+01  0.00000E+00  0.00000E+00  0.76825E+01  0.40300E+02  0.76825E+01  0.24693E+04  0.00000E+00  0.76825E+01  0.76825E+01  0.80015E+01  0.80015E+01  0.39872E-01  0.92046E+00  0.46877E+03  0.35007E+01  0.89273E+04  0.18371E+03  0.00000E+00  0.00000E+00  0.00000E+00  0.46463E+02  0.00000E+00  0.90712E+01  0.00000E+00  0.90712E+01  0.00000E+00  0.93195E+02  0.93195E+02  0.10227E+03
 0.12408E+01  0.00000E+00  0.00000E+00  0.76825E+01  0.40300E+02  0.76825E+01  0.24693E+04  0.00000E+00  0.76825E+01  0.76825E+01  0.80015E+01  0.80015E+01  0.39872E-01  0.92046E+00  0.46877E+03  0.35007E+01  0.89273E+04  0.18371E+03  0.00000E+00  0.00000E+00  0.00000E+00  0.46463E+02  0.00000E+00  0.90712E+01  0.00000E+00  0.90712E+01  0.00000E+00  0.93195E+02  0.93195E+02  0.10227E+03
 0.12392E+01  0.00000E+00  0.00000E+00  0.76827E+01  0.40269E+02  0.76827E+01  0.24650E+04  0.00000E+00  0.76827E+01  0.76827E+01  0.80650E+01  0.80650E+01  0.47408E-01  0.11049E+01  0.45780E+03  0.31868E+01  0.10269E+05  0.18430E+03  0.00000E+00  0.00000E+00  0.00000E+00  0.16574E+03  0.00000E+00  0.90712E+01  0.00000E+00  0.90712E+01  0.00000E+00  0.10174E+03  0.10174E+03  0.11081E+03
 0.12808E+01  0.00000E+00  0.00000E+00  0.76827E+01  0.40269E+02  0.76827E+01  0.24650E+04  0.00000E+00  0.76827E+01  0.76827E+01  0.80650E+01  0.80650E+01  0.47408E-01  0.11049E+01  0.45780E+03  0.31868E+01  0.10269E+05  0.18430E+03  0.00000E+00  0.00000E+00  0.00000E+00  0.16574E+03  0.00000E+00  0.90712E+01  0.00000E+00  0.90712E+01  0.00000E+00  0.10174E+03  0.10174E+03  0.11081E+03
 0.12792E+01  0.00000E+00  0.00000E+00  0.75048E+01  0.40237E+02  0.75048E+01  0.24606E+04  0.00000E+00  0.75048E+01  0.75048E+01  0.79550E+01  0.79550E+01  0.56595E-01  0.13345E+01  0.44879E+03  0.29704E+01  0.11934E+05  0.18912E+03  0.00000E+00  0.00000E+00  0.00000E+00  0.59353E+03  0.00000E+00  0.90712E+01  0.00000E+00  0.90712E+01  0.00000E+00  0.11028E+03  0.11028E+03  0.11935E+03
 0.13208E+01  0.00000E+00  0.00000E+00  0.75048E+01  0.40237E+02  0.75048E+01  0.24606E+04  0.00000E+00  0.75048E+01  0.75048E+01  0.79550E+01  0.79550E+01  0.56595E-01  0.13345E+01  0.44879E+03  0.29704E+01  0.11934E+05  0.18912E+03  0.00000E+00  0.00000E+00  0.00000E+00  0.59353E+03  0.00000E+00  0.90712E+01  0.00000E+00  0.90712E+01  0.00000E+00  0.11028E+03  0.11028E+03  0.11935E+03
 0.13192E+01  0.00000E+00  0.00000E+00  0.67076E+01  0.40210E+02  0.67076E+01  0.24593E+04  0.00000E+00  0.67076E+01  0.67076E+01  0.72292E+01  0.72292E+01  0.72152E-01  0.17360E+01  0.44168E+03  0.27370E+01  0.14612E+05  0.21225E+03  0.00000E+00  0.00000E+00  0.00000E+00  0.68883E+03  0.00000E+00  0.90712E+01  0.00000E+00  0.90712E+01  0.00000E+00  0.11809E+03  0.11809E+03  0.12716E+03
 0.13608E+01  0.00000E+00  0.00000E+00  0.67076E+01  0.40210E+02  0.67076E+01  0.24593E+04  0.00000E+00  0.67076E+01  0.67076E+01  0.72292E+01  0.72292E+01  0.72152E-01  0.17360E+01  0.44168E+03  0.27370E+01  0.14612E+05  0.21225E+03  0.00000E+00  0.00000E+00  0.00000E+00  0.68883E+03  0.00000E+00  0.90712E+01  0.00000E+00  0.90712E+01  0.00000E+00  0.11809E+03  0.11809E+03  0.12716E+03
 0.13592E+01  0.00000E+00  0.00000E+00  0.55466E+01  0.40195E+02  0.55466E+01  0.24647E+04  0.00000E+00  0.55466E+01  0.55466E+01  0.61661E+01  0.61661E+01  0.10046E+00  0.25100E+01  0.43407E+03  0.26277E+01  0.14737E+05  0.25833E+03  0.00000E+00  0.00000E+00  0.00000E+00  0.17384E+03  0.00000E+00  0.90712E+01  0.00000E+00  0.90712E+01  0.00000E+00  0.12469E+03  0.12469E+03  0.13376E+03
 0.14008E+01  0.00000E+00  0.00000E+00  0.55466E+01  0.40195E+02  0.55466E+01  0.24647E+04  0.00000E+00  0.55466E+01  0.55466E+01  0.61661E+01  0.61661E+01  0.10046E+00  0.25100E+01  0.43407E+03  0.26277E+01  0.14737E+05  0.25833E+03  0.00000E+00  0.00000E+00  0.00000E+00  0.17384E+03  0.00000E+00  0.90712E+01  0.00000E+00  0.90712E+01  0.00000E+00  0.12469E+03  0.12469E+03  0.13376E+03
 0.14092E+01  0.00000E+00  0.00000E+00  0.51252E+01  0.40178E+02  0.51252E+01  0.24670E+04  0.00000E+00  0.51252E+01  0.51252E+01  0.51252E+01  0.51252E+01  0.00000E+00  0.00000E+00  0.43238E+03  0.27403E+01  0.18549E+04  0.27999E+03  0.00000E+00  0.00000E+00  0.00000E+00  0.93266E+02  0.00000E+00  0.90712E+01  0.00000E+00  0.90712E+01  0.00000E+00  0.13093E+03  0.13093E+03  0.14000E+03
 0.14508E+01  0.00000E+00  0.00000E+00  0.51252E+01  0.40178E+02  0.51252E+01  0.24670E+04  0.00000E+00  0.51252E+01  0.51252E+01  0.51252E+01  0.51252E+01  0.00000E+00  0.00000E+00  0.43238E+03  0.27403E+01  0.18549E+04  0.27999E+03  0.00000E+00  0.00000E+00  0.00000E+00  0.93266E+02  0.00000E+00  0.90712E+01  0.00000E+00  0.90712E+01  0.00000E+00  0.13093E+03  0.13093E+03  0.14000E+03
 0.14492E+01  0.00000E+00  0.00000E+00  0.48586E+01  0.40160E+02  0.48586E+01  0.24679E+04  0.00000E+00  0.48586E+01  0.48586E+01  0.48586E+01  0.48586E+01  0.00000E+00  0.00000E+00  0.43086E+03  0.28772E+01  0.18576E+04  0.29571E+03  0.00000E+00  0.00000E+00  0.00000E+00  0.70722E+02  0.00000E+00  0.90712E+01  0.00000E+00  0.90712E+01  0.00000E+00  0.13697E+03  0.13697E+03  0.14604E+03
 0.14908E+01  0.00000E+00  0.00000E+00  0.48586E+01  0.40160E+02  0.48586E+01  0.24679E+04  0.00000E+00  0.48586E+01  0.48586E+01  0.48586E+01  0.48586E+01  0.00000E+00  0.00000E+00  0.43086E+03  0.28772E+01  0.18576E+04  0.29571E+03  0.00000E+00  0.00000E+00  0.00000E+00  0.70722E+02  0.00000E+00  0.90712E+01  0.00000E+00  0.90712E+01  0.00000E+00  0.13697E+03  0.13697E+03  0.14604E+03
 0.14892E+01  0.00000E+00  0.00000E+00  0.46329E+01  0.40144E+02  0.46329E+01  0.24685E+04  0.00000E+00  0.46329E+01  0.46329E+01  0.46329E+01  0.46329E+01  0.00000E+00  0.00000E+00  0.42908E+03  0.29523E+01  0.18593E+04  0.31049E+03  0.00000E+00  0.00000E+00  0.00000E+00  0.59635E+02  0.00000E+00  0.90712E+01  0.00000E+00  0.90712E+01  0.00000E+00  0.14285E+03  0.14285E+03  0.15192E+03
 0.15308E+01  0.00000E+00  0.00000E+00  0.46329E+01  0.40144E+02  0.46329E+01  0.24685E+04  0.00000E+00  0.46329E+01  0.46329E+01  0.46329E+01  0.46329E+01  0.00000E+00  0.00000E+00  0.42908E+03  0.29523E+01  0.18593E+04  0.31049E+03  0.00000E+00  0.00000E+00  0.00000E+00  0.59635E+02  0.00000E+00  0.90712E+01  0.00000E+00  0.90712E+01  0.00000E+00  0.14285E+03  0.14285E+03  0.15192E+03
 0.15292E+01  0.00000E+00  0.00000E+00  0.44252E+01  0.40132E+02  0.44252E+01  0.24689E+04  0.00000E+00  0.44252E+01  0.44252E+01  0.44252E+01  0.44252E+01  0.00000E+00  0.00000E+00  0.42748E+03  0.29873E+01  0.18605E+04  0.32540E+03  0.00000E+00  0.00000E+00  0.00000E+00  0.52733E+02  0.00000E+00  0.90712E+01  0.00000E+00  0.90712E+01  0.00000E+00  0.14858E+03  0.14858E+03  0.15765E+03
 0.15708E+01  0.00000E+00  0.00000E+00  0.44252E+01  0.40132E+02  0.44252E+01  0.24689E+04  0.00000E+00  0.44252E+01  0.44252E+01  0.44252E+01  0.44252E+01  0.00000E+00  0.00000E+00  0.42748E+03  0.29873E+01  0.18605E+04  0.32540E+03  0.00000E+00  0.00000E+00  0.00000E+00  0.52733E+02  0.00000E+00  0.90712E+01  0.00000E+00  0.90712E+01  0.00000E+00  0.14858E+03  0.14858E+03  0.15765E+03
 0.15692E+01  0.00000E+00  0.00000E+00  0.42244E+01  0.40125E+02  0.42244E+01  0.24692E+04  0.00000E+00  0.42244E+01  0.42244E+01  0.42244E+01  0.42244E+01  0.00000E+00  0.00000E+00  0.42603E+03  0.29783E+01  0.18614E+04  0.34120E+03  0.00000E+00  0.00000E+00  0.00000E+00  0.48066E+02  0.00000E+00  0.90712E+01  0.00000E+00  0.90712E+01  0.00000E+00  0.15416E+03  0.15416E+03  0.16323E+03
 0.16108E+01  0.00000E+00  0.00000E+00  0.42244E+01  0.40125E+02  0.42244E+01  0.24692E+04  0.00000E+00  0.42244E+01  0.42244E+01  0.42244E+01  0.42244E+01  0.00000E+00  0.00000E+00  0.42603E+03  0.29783E+01  0.18614E+04  0.34120E+03  0.00000E+00  0.00000E+00  0.00000E+00  0.48066E+02  0.00000E+00  0.90712E+01  0.00000E+00  0.90712E+01  0.00000E+00  0.15416E+03  0.15416E+03  0.16323E+03
 0.16092E+01  0.00000E+00  0.00000E+00  0.40253E+01  0.40121E+02  0.40253E+01  0.24695E+04  0.00000E+00  0.40253E+01  0.40253E+01  0.40253E+01  0.40253E+01  0.00000E+00  0.00000E+00  0.42471E+03  0.28841E+01  0.18621E+04  0.35838E+03  0.00000E+00  0.00000E+00  0.00000E+00  0.44872E+02  0.00000E+00  0.90712E+01  0.00000E+00  0.90712E+01  0.00000E+00  0.15959E+03  0.15959E+03  0.16866E+03
 0.16508E+01  0.00000E+00  0.00000E+00  0.40253E+01  0.40121E+02  0.40253E+01  0.24695E+04  0.00000E+00  0.40253E+01  0.40253E+01  0.40253E+01  0.40253E+01  0.00000E+00  0.00000E+00  0.42471E+03  0.28841E+01  0.18621E+04  0.35838E+03  0.00000E+00  0.00000E+00  0.00000E+00  0.44872E+02  0.00000E+00  0.90712E+01  0.00000E+00  0.90712E+01  0.00000E+00  0.15959E+03  0.15959E+03  0.16866E+03
 0.16592E+01  0.00000E+00  0.00000E+00  0.38295E+01  0.40118E+02  0.38295E+01  0.24696E+04  0.00000E+00  0.38295E+01  0.38295E+01  0.38295E+01  0.38295E+01  0.00000E+00  0.00000E+00  0.42353E+03  0.27053E+01  0.18626E+04  0.37698E+03  0.00000E+00  0.00000E+00  0.00000E+00  0.42746E+02  0.00000E+00  0.90712E+01  0.00000E+00  0.90712E+01  0.00000E+00  0.16485E+03  0.16485E+03  0.17392E+03
 0.17008E+01  0.00000E+00  0.00000E+00  0.38295E+01  0.40118E+02  0.38295E+01  0.24696E+04  0.00000E+00  0.38295E+01  0.38295E+01  0.38295E+01  0.38295E+01  0.00000E+00  0.00000E+00  0.42353E+03  0.27053E+01  0.18626E+04  0.37698E+03  0.00000E+00  0.00000E+00  0.00000E+00  0.42746E+02  0.00000E+00  0.90712E+01  0.00000E+00  0.90712E+01  0.00000E+00  0.16485E+03  0.16485E+03  0.17392E+03
 0.16992E+01  0.00000E+00  0.00000E+00  0.36392E+01  0.40121E+02  0.36392E+01  0.24697E+04  0.00000E+00  0.36392E+01  0.36392E+01  0.36392E+01  0.36392E+01  0.00000E+00  0.00000E+00  0.42211E+03  0.24834E+01  0.18629E+04  0.39699E+03  0.00000E+00  0.00000E+00  0.00000E+00  0.41437E+02  0.00000E+00  0.90712E+01  0.00000E+00  0.90712E+01  0.00000E+00  0.16994E+03  0.16994E+03  0.17901E+03
 0.17408E+01  0.00000E+00  0.00000E+00  0.36392E+01  0.40121E+02  0.36392E+01  0.24697E+04  0.00000E+00  0.36392E+01  0.36392E+01  0.36392E+01  0.36392E+01  0.00000E+00  0.00000E+00  0.42211E+03  0.24834E+01  0.18629E+04  0.39699E+03  0.00000E+00  0.00000E+00  0.00000E+00  0.41437E+02  0.00000E+00  0.90712E+01  0.00000E+00  0.90712E+01  0.00000E+00  0.16994E+03  0.16994E+03  0.17901E+03
 0.17392E+01  0.00000E+00  0.00000E+00  0.34541E+01  0.40141E+02  0.34541E+01  0.24698E+04  0.00000E+00  0.34541E+01  0.34541E+01  0.34541E+01  0.34541E+01  0.00000E+00  0.00000E+00  0.42086E+03  0.22468E+01  0.18630E+04  0.41854E+03  0.00000E+00  0.00000E+00  0.00000E+00  0.40783E+02  0.00000E+00  0.90712E+01  0.00000E+00  0.90712E+01  0.00000E+00  0.17487E+03  0.17487E+03  0.18394E+03
 0.17808E+01  0.00000E+00  0.00000E+00  0.34541E+01  0.40141E+02  0.34541E+01  0.24698E+04  0.00000E+00  0.34541E+01  0.34541E+01  0.34541E+01  0.34541E+01  0.00000E+00  0.00000E+00  0.42086E+03  0.22468E+01  0.18630E+04  0.41854E+03  0.00000E+00  0.00000E+00  0.00000E+00  0.40783E+02  0.00000E+00  0.90712E+01  0.00000E+00  0.90712E+01  0.00000E+00  0.17487E+03  0.17487E+03  0.18394E+03
 0.17792E+01  0.00000E+00  0.00000E+00  0.32733E+01  0.40186E+02  0.32733E+01  0.24698E+04  0.00000E+00  0.32733E+01  0.32733E+01  0.32733E+01  0.32733E+01  0.00000E+00  0.00000E+00  0.41976E+03  0.19902E+01  0.18631E+04  0.44190E+03  0.00000E+00  0.00000E+00  0.00000E+00  0.40688E+02  0.00000E+00  0.90712E+01  0.00000E+00  0.90712E+01  0.00000E+00  0.17962E+03  0.17962E+03  0.18869E+03
 0.18208E+01  0.00000E+00  0.00000E+00  0.32733E+01  0.40186E+02  0.32733E+01  0.24698E+04  0.00000E+00  0.32733E+01  0.32733E+01  0.32733E+01  0.32733E+01  0.00000E+00  0.00000E+00  0.41976E+03  0.19902E+01  0.18631E+04  0.44190E+03  0.00000E+00  0.00000E+00  0.00000E+00  0.40688E+02  0.00000E+00  0.90712E+01  0.00000E+00  0.90712E+01  0.00000E+00  0.17962E+03  0.17962E+03  0.18869E+03
 0.18192E+01  0.00000E+00  0.00000E+00  0.30987E+01  0.40258E+02  0.30987E+01  0.24698E+04  0.00000E+00  0.30987E+01  0.30987E+01  0.30987E+01  0.30987E+01  0.00000E+00  0.00000E+00  0.41847E+03  0.17000E+01  0.18630E+04  0.46711E+03  0.00000E+00  0.00000E+00  0.00000E+00  0.41121E+02  0.00000E+00  0.90712E+01  0.00000E+00  0.90712E+01  0.00000E+00  0.18421E+03  0.18421E+03  0.19328E+03
 0.18608E+01  0.00000E+00  0.00000E+00  0.30987E+01  0.40258E+02  0.30987E+01  0.24698E+04  0.00000E+00  0.30987E+01  0.30987E+01  0.30987E+01  0.30987E+01  0.00000E+00  0.00000E+00  0.41847E+03  0.17000E+01  0.18630E+04  0.46711E+03  0.00000E+00  0.00000E+00  0.00000E+00  0.41121E+02  0.00000E+00  0.90712E+01  0.00000E+00  0.90712E+01  0.00000E+00  0.18421E+03  0.18421E+03  0.19328E+03
 0.18592E+01  0.00000E+00  0.00000E+00  0.29353E+01  0.40355E+02  0.29353E+01  0.24697E+04  0.00000E+00  0.29353E+01  0.29353E+01  0.29353E+01  0.29353E+01  0.00000E+00  0.00000E+00  0.41738E+03  0.13861E+01  0.18628E+04  0.49334E+03  0.00000E+00  0.00000E+00  0.00000E+00  0.42124E+02  0.00000E+00  0.90712E+01  0.00000E+00  0.90712E+01  0.00000E+00  0.18862E+03  0.18862E+03  0.19769E+03
 0.19008E+01  0.00000E+00  0.00000E+00  0.29353E+01  0.40355E+02  0.29353E+01  0.24697E+04  0.00000E+00  0.29353E+01  0.29353E+01  0.29353E+01  0.29353E+01  0.00000E+00  0.00000E+00  0.41738E+03  0.13861E+01  0.18628E+04  0.49334E+03  0.00000E+00  0.00000E+00  0.00000E+00  0.42124E+02  0.00000E+00  0.90712E+01  0.00000E+00  0.90712E+01  0.00000E+00  0.18862E+03  0.18862E+03  0.19769E+03
 0.19092E+01  0.00000E+00  0.00000E+00  0.27878E+01  0.40469E+02  0.27878E+01  0.24695E+04  0.00000E+00  0.27878E+01  0.27878E+01  0.27878E+01  0.27878E+01  0.00000E+00  0.00000E+00  0.41658E+03  0.10843E+01  0.18624E+04  0.51956E+03  0.00000E+00  0.00000E+00  0.00000E+00  0.43870E+02  0.00000E+00  0.90712E+01  0.00000E+00  0.90712E+01  0.00000E+00  0.19289E+03  0.19289E+03  0.20196E+03
 0.19508E+01  0.00000E+00  0.00000E+00  0.27878E+01  0.40469E+02  0.27878E+01  0.24695E+04  0.00000E+00  0.27878E+01  0.27878E+01  0.27878E+01  0.27878E+01  0.00000E+00  0.00000E+00  0.41658E+03  0.10843E+01  0.18624E+04  0.51956E+03  0.00000E+00  0.00000E+00  0.00000E+00  0.43870E+02  0.00000E+00  0.90712E+01  0.00000E+00  0.90712E+01  0.00000E+00  0.19289E+03  0.19289E+03  0.20196E+03
 0.19492E+01  0.00000E+00  0.00000E+00  0.26571E+01  0.40591E+02  0.26571E+01  0.24693E+04  0.00000E+00  0.26571E+01  0.26571E+01  0.26571E+01  0.26571E+01  0.00000E+00  0.00000E+00  0.41545E+03  0.82767E+00  0.18618E+04  0.54531E+03  0.00000E+00  0.00000E+00  0.00000E+00  0.46798E+02  0.00000E+00  0.90712E+01  0.00000E+00  0.90712E+01  0.00000E+00  0.19703E+03  0.19703E+03  0.20610E+03
 0.19908E+01  0.00000E+00  0.00000E+00  0.26571E+01  0.40591E+02  0.26571E+01  0.24693E+04  0.00000E+00  0.26571E+01  0.26571E+01  0.26571E+01  0.26571E+01  0.00000E+00  0.00000E+00  0.41545E+03  0.82767E+00  0.18618E+04  0.54531E+03  0.00000E+00  0.00000E+00  0.00000E+00  0.46798E+02  0.00000E+00  0.90712E+01  0.00000E+00  0.90712E+01  0.00000E+00  0.19703E+03  0.19703E+03  0.20610E+03
 0.19892E+01  0.00000E+00  0.00000E+00  0.25391E+01  0.40713E+02  0.25391E+01  0.24690E+04  0.00000E+00  0.25391E+01  0.25391E+01  0.25391E+01  0.25391E+01  0.00000E+00  0.00000E+00  0.41496E+03  0.63516E+00  0.18608E+04  0.57063E+03  0.00000E+00  0.00000E+00  0.00000E+00  0.51792E+02  0.00000E+00  0.90712E+01  0.00000E+00  0.90712E+01  0.00000E+00  0.20105E+03  0.20105E+03  0.21012E+03
 0.20308E+01  0.00000E+00  0.00000E+00  0.25391E+01  0.40713E+02  0.25391E+01  0.24690E+04  0.00000E+00  0.25391E+01  0.25391E+01  0.25391E+01  0.25391E+01  0.00000E+00  0.00000E+00  0.41496E+03  0.63516E+00  0.18608E+04  0.57063E+03  0.00000E+00  0.00000E+00  0.00000E+00  0.51792E+02  0.00000E+00  0.90712E+01  0.00000E+00  0.90712E+01  0.00000E+00  0.20105E+03  0.20105E+03  0.21012E+03
 0.20292E+01  0.00000E+00  0.00000E+00  0.24236E+01  0.40825E+02  0.24236E+01  0.24684E+04  0.00000E+00  0.24236E+01  0.24236E+01  0.24236E+01  0.24236E+01  0.00000E+00  0.00000E+00  0.41463E+03  0.51448E+00  0.18593E+04  0.59773E+03  0.00000E+00  0.00000E+00  0.00000E+00  0.60868E+02  0.00000E+00  0.90712E+01  0.00000E+00  0.90712E+01  0.00000E+00  0.20495E+03  0.20495E+03  0.21402E+03
 0.20708E+01  0.00000E+00  0.00000E+00  0.24236E+01  0.40825E+02  0.24236E+01  0.24684E+04  0.00000E+00  0.24236E+01  0.24236E+01  0.24236E+01  0.24236E+01  0.00000E+00  0.00000E+00  0.41463E+03  0.51448E+00  0.18593E+04  0.59773E+03  0.00000E+00  0.00000E+00  0.00000E+00  0.60868E+02  0.00000E+00  0.90712E+01  0.00000E+00  0.90712E+01  0.00000E+00  0.20495E+03  0.20495E+03  0.21402E+03
 0.20692E+01  0.00000E+00  0.00000E+00  0.22913E+01  0.40919E+02  0.22913E+01  0.24675E+04  0.00000E+00  0.22913E+01  0.22913E+01  0.22913E+01  0.22913E+01  0.00000E+00  0.00000E+00  0.41464E+03  0.45627E+00  0.18568E+04  0.63192E+03  0.00000E+00  0.00000E+00  0.00000E+00  0.79399E+02  0.00000E+00  0.90712E+01  0.00000E+00  0.90712E+01  0.00000E+00  0.20870E+03  0.20870E+03  0.21777E+03
 0.21108E+01  0.00000E+00  0.00000E+00  0.22913E+01  0.40919E+02  0.22913E+01  0.24675E+04  0.00000E+00  0.22913E+01  0.22913E+01  0.22913E+01  0.22913E+01  0.00000E+00  0.00000E+00  0.41464E+03  0.45627E+00  0.18568E+04  0.63192E+03  0.00000E+00  0.00000E+00  0.00000E+00  0.79399E+02  0.00000E+00  0.90712E+01  0.00000E+00  0.90712E+01  0.00000E+00  0.20870E+03  0.20870E+03  0.21777E+03
 0.21092E+01  0.00000E+00  0.00000E+00  0.21059E+01  0.40988E+02  0.21059E+01  0.24658E+04  0.00000E+00  0.21059E+01  0.21059E+01  0.21059E+01  0.21059E+01  0.00000E+00  0.00000E+00  0.41525E+03  0.43504E+00  0.18522E+04  0.68682E+03  0.00000E+00  0.00000E+00  0.00000E+00  0.12817E+03  0.00000E+00  0.90712E+01  0.00000E+00  0.90712E+01  0.00000E+00  0.21220E+03  0.21220E+03  0.22127E+03
 0.21508E+01  0.00000E+00  0.00000E+00  0.21059E+01  0.40988E+02  0.21059E+01  0.24658E+04  0.00000E+00  0.21059E+01  0.21059E+01  0.21059E+01  0.21059E+01  0.00000E+00  0.00000E+00  0.41525E+03  0.43504E+00  0.18522E+04  0.68682E+03  0.00000E+00  0.00000E+00  0.00000E+00  0.12817E+03  0.00000E+00  0.90712E+01  0.00000E+00  0.90712E+01  0.00000E+00  0.21220E+03  0.21220E+03  0.22127E+03
 0.21492E+01  0.00000E+00  0.00000E+00  0.17629E+01  0.41036E+02  0.17629E+01  0.24619E+04  0.00000E+00  0.17629E+01  0.17629E+01  0.17629E+01  0.17629E+01  0.00000E+00  0.00000E+00  0.41817E+03  0.41507E+00  0.18412E+04  0.81779E+03  0.00000E+00  0.00000E+00  0.00000E+00  0.40417E+03  0.00000E+00  0.90712E+01  0.00000E+00  0.90712E+01  0.00000E+00  0.21518E+03  0.21518E+03  0.22425E+03
 0.21908E+01  0.00000E+00  0.00000E+00  0.17629E+01  0.41036E+02  0.17629E+01  0.24619E+04  0.00000E+00  0.17629E+01  0.17629E+01  0.17629E+01  0.17629E+01  0.00000E+00  0.00000E+00  0.41817E+03  0.41507E+00  0.18412E+04  0.81779E+03  0.00000E+00  0.00000E+00  0.00000E+00  0.40417E+03  0.00000E+00  0.90712E+01  0.00000E+00  0.90712E+01  0.00000E+00  0.21518E+03  0.21518E+03  0.22425E+03
 0.21992E+01  0.00000E+00  0.00000E+00  0.49664E+00  0.41069E+02  0.49664E+00  0.24347E+04  0.00000E+00  0.49664E+00  0.49664E+00  0.49664E+00  0.49664E+00  0.00000E+00  0.00000E+00  0.42854E+03  0.33567E+00  0.17673E+04  0.28531E+04  0.00000E+00  0.00000E+00  0.00000E+00  0.47339E+04  0.00000E+00  0.90712E+01  0.00000E+00  0.90712E+01  0.00000E+00  0.21603E+03  0.21603E+03  0.22510E+03
 0.22408E+01  0.00000E+00  0.00000E+00  0.49664E+00  0.41069E+02  0.49664E+00  0.24347E+04  0.00000E+00  0.49664E+00  0.49664E+00  0.49664E+00  0.49664E+00  0.00000E+00  0.00000E+00  0.42854E+03  0.33567E+00  0.17673E+04  0.28531E+04  0.00000E+00  0.00000E+00  0.00000E+00  0.47339E+04  0.00000E+00  0.90712E+01  0.00000E+00  0.90712E+01  0.00000E+00  0.21603E+03  0.21603E+03  0.22510E+03
 0.22392E+01  0.00000E+00  0.00000E+00  0.12164E-03  0.41094E+02  0.12164E-03  0.29815E+03  0.00000E+00  0.12164E-03  0.12164E-03  0.12164E-03  0.12164E-03  0.00000E+00  0.00000E+00  0.29815E+03  0.88825E-03  0.00000E+00  0.00000E+00  0.00000E+00  0.00000E+00  0.00000E+00  0.00000E+00  0.00000E+00  0.90712E+01  0.00000E+00  0.90712E+01  0.00000E+00  0.21603E+03  0.21603E+03  0.22510E+03
 0.22808E+01  0.00000E+00  0.00000E+00  0.12164E-03  0.41094E+02  0.12164E-03  0.29815E+03  0.00000E+00  0.12164E-03  0.12164E-03  0.12164E-03  0.12164E-03  0.00000E+00  0.00000E+00  0.29815E+03  0.88825E-03  0.00000E+00  0.00000E+00  0.00000E+00  0.00000E+00  0.00000E+00  0.00000E+00  0.00000E+00  0.90712E+01  0.00000E+00  0.90712E+01  0.00000E+00  0.21603E+03  0.21603E+03  0.22510E+03
 0.22792E+01  0.00000E+00  0.00000E+00  0.00000E+00  0.41119E+02  0.00000E+00  0.29815E+03  0.00000E+00  0.00000E+00  0.00000E+00  0.00000E+00  0.00000E+00  0.00000E+00  0.00000E+00  0.29815E+03  0.00000E+00  0.00000E+00  0.00000E+00  0.00000E+00  0.00000E+00  0.00000E+00  0.00000E+00  0.00000E+00  0.90712E+01  0.00000E+00  0.90712E+01  0.00000E+00  0.21603E+03  0.21603E+03  0.22510E+03
 0.23208E+01  0.00000E+00  0.00000E+00  0.00000E+00  0.41119E+02  0.00000E+00  0.29815E+03  0.00000E+00  0.00000E+00  0.00000E+00  0.00000E+00  0.00000E+00  0.00000E+00  0.00000E+00  0.29815E+03  0.00000E+00  0.00000E+00  0.00000E+00  0.00000E+00  0.00000E+00  0.00000E+00  0.00000E+00  0.00000E+00  0.90712E+01  0.00000E+00  0.90712E+01  0.00000E+00  0.21603E+03  0.21603E+03  0.22510E+03
 0.23192E+01  0.00000E+00  0.00000E+00  0.00000E+00  0.41146E+02  0.00000E+00  0.29815E+03  0.00000E+00  0.00000E+00  0.00000E+00  0.00000E+00  0.00000E+00  0.00000E+00  0.00000E+00  0.29815E+03  0.00000E+00  0.00000E+00  0.00000E+00  0.00000E+00  0.00000E+00  0.00000E+00  0.00000E+00  0.00000E+00  0.90712E+01  0.00000E+00  0.90712E+01  0.00000E+00  0.21603E+03  0.21603E+03  0.22510E+03
 0.23608E+01  0.00000E+00  0.00000E+00  0.00000E+00  0.41146E+02  0.00000E+00  0.29815E+03  0.00000E+00  0.00000E+00  0.00000E+00  0.00000E+00  0.00000E+00  0.00000E+00  0.00000E+00  0.29815E+03  0.00000E+00  0.00000E+00  0.00000E+00  0.00000E+00  0.00000E+00  0.00000E+00  0.00000E+00  0.00000E+00  0.90712E+01  0.00000E+00  0.90712E+01  0.00000E+00  0.21603E+03  0.21603E+03  0.22510E+03
 0.23592E+01  0.00000E+00  0.00000E+00  0.00000E+00  0.41175E+02  0.00000E+00  0.29815E+03  0.00000E+00  0.00000E+00  0.00000E+00  0.00000E+00  0.00000E+00  0.00000E+00  0.00000E+00  0.29815E+03  0.00000E+00  0.00000E+00  0.00000E+00  0.00000E+00  0.00000E+00  0.00000E+00  0.00000E+00  0.00000E+00  0.90712E+01  0.00000E+00  0.90712E+01  0.00000E+00  0.21603E+03  0.21603E+03  0.22510E+03
 0.24008E+01  0.00000E+00  0.00000E+00  0.00000E+00  0.41175E+02  0.00000E+00  0.29815E+03  0.00000E+00  0.00000E+00  0.00000E+00  0.00000E+00  0.00000E+00  0.00000E+00  0.00000E+00  0.29815E+03  0.00000E+00  0.00000E+00  0.00000E+00  0.00000E+00  0.00000E+00  0.00000E+00  0.00000E+00  0.00000E+00  0.90712E+01  0.00000E+00  0.90712E+01  0.00000E+00  0.21603E+03  0.21603E+03  0.22510E+03
 0.23992E+01  0.00000E+00  0.00000E+00  0.00000E+00  0.41205E+02  0.00000E+00  0.29815E+03  0.00000E+00  0.00000E+00  0.00000E+00  0.00000E+00  0.00000E+00  0.00000E+00  0.00000E+00  0.29815E+03  0.00000E+00  0.00000E+00  0.00000E+00  0.00000E+00  0.00000E+00  0.00000E+00  0.00000E+00  0.00000E+00  0.90712E+01  0.00000E+00  0.90712E+01  0.00000E+00  0.21603E+03  0.21603E+03  0.22510E+03
 0.24408E+01  0.00000E+00  0.00000E+00  0.00000E+00  0.41205E+02  0.00000E+00  0.29815E+03  0.00000E+00  0.00000E+00  0.00000E+00  0.00000E+00  0.00000E+00  0.00000E+00  0.00000E+00  0.29815E+03  0.00000E+00  0.00000E+00  0.00000E+00  0.00000E+00  0.00000E+00  0.00000E+00  0.00000E+00  0.00000E+00  0.90712E+01  0.00000E+00  0.90712E+01  0.00000E+00  0.21603E+03  0.21603E+03  0.22510E+03
 0.24492E+01  0.00000E+00  0.00000E+00  0.00000E+00  0.41234E+02  0.00000E+00  0.29815E+03  0.00000E+00  0.00000E+00  0.00000E+00  0.00000E+00  0.00000E+00  0.00000E+00  0.00000E+00  0.29815E+03  0.00000E+00  0.00000E+00  0.00000E+00  0.00000E+00  0.00000E+00  0.00000E+00  0.00000E+00  0.00000E+00  0.90712E+01  0.00000E+00  0.90712E+01  0.00000E+00  0.21603E+03  0.21603E+03  0.22510E+03
 0.24908E+01  0.00000E+00  0.00000E+00  0.00000E+00  0.41234E+02  0.00000E+00  0.29815E+03  0.00000E+00  0.00000E+00  0.00000E+00  0.00000E+00  0.00000E+00  0.00000E+00  0.00000E+00  0.29815E+03  0.00000E+00  0.00000E+00  0.00000E+00  0.00000E+00  0.00000E+00  0.00000E+00  0.00000E+00  0.00000E+00  0.90712E+01  0.00000E+00  0.90712E+01  0.00000E+00  0.21603E+03  0.21603E+03  0.22510E+03
 0.24892E+01  0.00000E+00  0.00000E+00  0.00000E+00  0.41260E+02  0.00000E+00  0.29815E+03  0.00000E+00  0.00000E+00  0.00000E+00  0.00000E+00  0.00000E+00  0.00000E+00  0.00000E+00  0.29815E+03  0.00000E+00  0.00000E+00  0.00000E+00  0.00000E+00  0.00000E+00  0.00000E+00  0.00000E+00  0.00000E+00  0.90712E+01  0.00000E+00  0.90712E+01  0.00000E+00  0.21603E+03  0.21603E+03  0.22510E+03
 0.25308E+01  0.00000E+00  0.00000E+00  0.00000E+00  0.41260E+02  0.00000E+00  0.29815E+03  0.00000E+00  0.00000E+00  0.00000E+00  0.00000E+00  0.00000E+00  0.00000E+00  0.00000E+00  0.29815E+03  0.00000E+00  0.00000E+00  0.00000E+00  0.00000E+00  0.00000E+00  0.00000E+00  0.00000E+00  0.00000E+00  0.90712E+01  0.00000E+00  0.90712E+01  0.00000E+00  0.21603E+03  0.21603E+03  0.22510E+03
 0.25292E+01  0.00000E+00  0.00000E+00  0.00000E+00  0.41280E+02  0.00000E+00  0.29815E+03  0.00000E+00  0.00000E+00  0.00000E+00  0.00000E+00  0.00000E+00  0.00000E+00  0.00000E+00  0.29815E+03  0.00000E+00  0.00000E+00  0.00000E+00  0.00000E+00  0.00000E+00  0.00000E+00  0.00000E+00  0.00000E+00  0.90712E+01  0.00000E+00  0.90712E+01  0.00000E+00  0.21603E+03  0.21603E+03  0.22510E+03
 0.25708E+01  0.00000E+00  0.00000E+00  0.00000E+00  0.41280E+02  0.00000E+00  0.29815E+03  0.00000E+00  0.00000E+00  0.00000E+00  0.00000E+00  0.00000E+00  0.00000E+00  0.00000E+00  0.29815E+03  0.00000E+00  0.00000E+00  0.00000E+00  0.00000E+00  0.00000E+00  0.00000E+00  0.00000E+00  0.00000E+00  0.90712E+01  0.00000E+00  0.90712E+01  0.00000E+00  0.21603E+03  0.21603E+03  0.22510E+03
 0.25692E+01  0.00000E+00  0.00000E+00  0.00000E+00  0.41295E+02  0.00000E+00  0.29815E+03  0.00000E+00  0.00000E+00  0.00000E+00  0.00000E+00  0.00000E+00  0.00000E+00  0.00000E+00  0.29815E+03  0.00000E+00  0.00000E+00  0.00000E+00  0.00000E+00  0.00000E+00  0.00000E+00  0.00000E+00  0.00000E+00  0.90712E+01  0.00000E+00  0.90712E+01  0.00000E+00  0.21603E+03  0.21603E+03  0.22510E+03
 0.26108E+01  0.00000E+00  0.00000E+00  0.00000E+00  0.41295E+02  0.00000E+00  0.29815E+03  0.00000E+00  0.00000E+00  0.00000E+00  0.00000E+00  0.00000E+00  0.00000E+00  0.00000E+00  0.29815E+03  0.00000E+00  0.00000E+00  0.00000E+00  0.00000E+00  0.00000E+00  0.00000E+00  0.00000E+00  0.00000E+00  0.90712E+01  0.00000E+00  0.90712E+01  0.00000E+00  0.21603E+03  0.21603E+03  0.22510E+03
 0.26092E+01  0.00000E+00  0.00000E+00  0.00000E+00  0.41306E+02  0.00000E+00  0.29815E+03  0.00000E+00  0.00000E+00  0.00000E+00  0.00000E+00  0.00000E+00  0.00000E+00  0.00000E+00  0.29815E+03  0.00000E+00  0.00000E+00  0.00000E+00  0.00000E+00  0.00000E+00  0.00000E+00  0.00000E+00  0.00000E+00  0.90712E+01  0.00000E+00  0.90712E+01  0.00000E+00  0.21603E+03  0.21603E+03  0.22510E+03
 0.26508E+01  0.00000E+00  0.00000E+00  0.00000E+00  0.41306E+02  0.00000E+00  0.29815E+03  0.00000E+00  0.00000E+00  0.00000E+00  0.00000E+00  0.00000E+00  0.00000E+00  0.00000E+00  0.29815E+03  0.00000E+00  0.00000E+00  0.00000E+00  0.00000E+00  0.00000E+00  0.00000E+00  0.00000E+00  0.00000E+00  0.90712E+01  0.00000E+00  0.90712E+01  0.00000E+00  0.21603E+03  0.21603E+03  0.22510E+03
 0.26492E+01  0.00000E+00  0.00000E+00  0.00000E+00  0.41312E+02  0.00000E+00  0.29815E+03  0.00000E+00  0.00000E+00  0.00000E+00  0.00000E+00  0.00000E+00  0.00000E+00  0.00000E+00  0.29815E+03  0.00000E+00  0.00000E+00  0.00000E+00  0.00000E+00  0.00000E+00  0.00000E+00  0.00000E+00  0.00000E+00  0.90712E+01  0.00000E+00  0.90712E+01  0.00000E+00  0.21603E+03  0.21603E+03  0.22510E+03
 0.26908E+01  0.00000E+00  0.00000E+00  0.00000E+00  0.41312E+02  0.00000E+00  0.29815E+03  0.00000E+00  0.00000E+00  0.00000E+00  0.00000E+00  0.00000E+00  0.00000E+00  0.00000E+00  0.29815E+03  0.00000E+00  0.00000E+00  0.00000E+00  0.00000E+00  0.00000E+00  0.00000E+00  0.00000E+00  0.00000E+00  0.90712E+01  0.00000E+00  0.90712E+01  0.00000E+00  0.21603E+03  0.21603E+03  0.22510E+03
 0.26992E+01  0.00000E+00  0.00000E+00  0.00000E+00  0.41316E+02  0.00000E+00  0.29815E+03  0.00000E+00  0.00000E+00  0.00000E+00  0.00000E+00  0.00000E+00  0.00000E+00  0.00000E+00  0.29815E+03  0.00000E+00  0.00000E+00  0.00000E+00  0.00000E+00  0.00000E+00  0.00000E+00  0.00000E+00  0.00000E+00  0.90712E+01  0.00000E+00  0.90712E+01  0.00000E+00  0.21603E+03  0.21603E+03  0.22510E+03
 0.27408E+01  0.00000E+00  0.00000E+00  0.00000E+00  0.41316E+02  0.00000E+00  0.29815E+03  0.00000E+00  0.00000E+00  0.00000E+00  0.00000E+00  0.00000E+00  0.00000E+00  0.00000E+00  0.29815E+03  0.00000E+00  0.00000E+00  0.00000E+00  0.00000E+00  0.00000E+00  0.00000E+00  0.00000E+00  0.00000E+00  0.90712E+01  0.00000E+00  0.90712E+01  0.00000E+00  0.21603E+03  0.21603E+03  0.22510E+03
 0.27392E+01  0.00000E+00  0.00000E+00  0.00000E+00  0.41319E+02  0.00000E+00  0.29815E+03  0.00000E+00  0.00000E+00  0.00000E+00  0.00000E+00  0.00000E+00  0.00000E+00  0.00000E+00  0.29815E+03  0.00000E+00  0.00000E+00  0.00000E+00  0.00000E+00  0.00000E+00  0.00000E+00  0.00000E+00  0.00000E+00  0.90712E+01  0.00000E+00  0.90712E+01  0.00000E+00  0.21603E+03  0.21603E+03  0.22510E+03
 0.27808E+01  0.00000E+00  0.00000E+00  0.00000E+00  0.41319E+02  0.00000E+00  0.29815E+03  0.00000E+00  0.00000E+00  0.00000E+00  0.00000E+00  0.00000E+00  0.00000E+00  0.00000E+00  0.29815E+03  0.00000E+00  0.00000E+00  0.00000E+00  0.00000E+00  0.00000E+00  0.00000E+00  0.00000E+00  0.00000E+00  0.90712E+01  0.00000E+00  0.90712E+01  0.00000E+00  0.21603E+03  0.21603E+03  0.22510E+03
 0.27792E+01  0.00000E+00  0.00000E+00  0.00000E+00  0.41323E+02  0.00000E+00  0.29815E+03  0.00000E+00  0.00000E+00  0.00000E+00  0.00000E+00  0.00000E+00  0.00000E+00  0.00000E+00  0.29815E+03  0.00000E+00  0.00000E+00  0.00000E+00  0.00000E+00  0.00000E+00  0.00000E+00  0.00000E+00  0.00000E+00  0.90712E+01  0.00000E+00  0.90712E+01  0.00000E+00  0.21603E+03  0.21603E+03  0.22510E+03
 0.28208E+01  0.00000E+00  0.00000E+00  0.00000E+00  0.41323E+02  0.00000E+00  0.29815E+03  0.00000E+00  0.00000E+00  0.00000E+00  0.00000E+00  0.00000E+00  0.00000E+00  0.00000E+00  0.29815E+03  0.00000E+00  0.00000E+00  0.00000E+00  0.00000E+00  0.00000E+00  0.00000E+00  0.00000E+00  0.00000E+00  0.90712E+01  0.00000E+00  0.90712E+01  0.00000E+00  0.21603E+03  0.21603E+03  0.22510E+03
 0.28192E+01  0.00000E+00  0.00000E+00  0.00000E+00  0.41330E+02  0.00000E+00  0.29815E+03  0.00000E+00  0.00000E+00  0.00000E+00  0.00000E+00  0.00000E+00  0.00000E+00  0.00000E+00  0.29815E+03  0.00000E+00  0.00000E+00  0.00000E+00  0.00000E+00  0.00000E+00  0.00000E+00  0.00000E+00  0.00000E+00  0.90712E+01  0.00000E+00  0.90712E+01  0.00000E+00  0.21603E+03  0.21603E+03  0.22510E+03
 0.28608E+01  0.00000E+00  0.00000E+00  0.00000E+00  0.41330E+02  0.00000E+00  0.29815E+03  0.00000E+00  0.00000E+00  0.00000E+00  0.00000E+00  0.00000E+00  0.00000E+00  0.00000E+00  0.29815E+03  0.00000E+00  0.00000E+00  0.00000E+00  0.00000E+00  0.00000E+00  0.00000E+00  0.00000E+00  0.00000E+00  0.90712E+01  0.00000E+00  0.90712E+01  0.00000E+00  0.21603E+03  0.21603E+03  0.22510E+03
 0.28592E+01  0.00000E+00  0.00000E+00  0.00000E+00  0.41341E+02  0.00000E+00  0.29815E+03  0.00000E+00  0.00000E+00  0.00000E+00  0.00000E+00  0.00000E+00  0.00000E+00  0.00000E+00  0.29815E+03  0.00000E+00  0.00000E+00  0.00000E+00  0.00000E+00  0.00000E+00  0.00000E+00  0.00000E+00  0.00000E+00  0.90712E+01  0.00000E+00  0.90712E+01  0.00000E+00  0.21603E+03  0.21603E+03  0.22510E+03
 0.29008E+01  0.00000E+00  0.00000E+00  0.00000E+00  0.41341E+02  0.00000E+00  0.29815E+03  0.00000E+00  0.00000E+00  0.00000E+00  0.00000E+00  0.00000E+00  0.00000E+00  0.00000E+00  0.29815E+03  0.00000E+00  0.00000E+00  0.00000E+00  0.00000E+00  0.00000E+00  0.00000E+00  0.00000E+00  0.00000E+00  0.90712E+01  0.00000E+00  0.90712E+01  0.00000E+00  0.21603E+03  0.21603E+03  0.22510E+03
 0.28992E+01  0.00000E+00  0.00000E+00  0.00000E+00  0.41357E+02  0.00000E+00  0.29815E+03  0.00000E+00  0.00000E+00  0.00000E+00  0.00000E+00  0.00000E+00  0.00000E+00  0.00000E+00  0.29815E+03  0.00000E+00  0.00000E+00  0.00000E+00  0.00000E+00  0.00000E+00  0.00000E+00  0.00000E+00  0.00000E+00  0.90712E+01  0.00000E+00  0.90712E+01  0.00000E+00  0.21603E+03  0.21603E+03  0.22510E+03
 0.29408E+01  0.00000E+00  0.00000E+00  0.00000E+00  0.41357E+02  0.00000E+00  0.29815E+03  0.00000E+00  0.00000E+00  0.00000E+00  0.00000E+00  0.00000E+00  0.00000E+00  0.00000E+00  0.29815E+03  0.00000E+00  0.00000E+00  0.00000E+00  0.00000E+00  0.00000E+00  0.00000E+00  0.00000E+00  0.00000E+00  0.90712E+01  0.00000E+00  0.90712E+01  0.00000E+00  0.21603E+03  0.21603E+03  0.22510E+03
 0.29392E+01  0.00000E+00  0.00000E+00  0.00000E+00  0.41375E+02  0.00000E+00  0.29815E+03  0.00000E+00  0.00000E+00  0.00000E+00  0.00000E+00  0.00000E+00  0.00000E+00  0.00000E+00  0.29815E+03  0.00000E+00  0.00000E+00  0.00000E+00  0.00000E+00  0.00000E+00  0.00000E+00  0.00000E+00  0.00000E+00  0.90712E+01  0.00000E+00  0.90712E+01  0.00000E+00  0.21603E+03  0.21603E+03  0.22510E+03
 0.29808E+01  0.00000E+00  0.00000E+00  0.00000E+00  0.41375E+02  0.00000E+00  0.29815E+03  0.00000E+00  0.00000E+00  0.00000E+00  0.00000E+00  0.00000E+00  0.00000E+00  0.00000E+00  0.29815E+03  0.00000E+00  0.00000E+00  0.00000E+00  0.00000E+00  0.00000E+00  0.00000E+00  0.00000E+00  0.00000E+00  0.90712E+01  0.00000E+00  0.90712E+01  0.00000E+00  0.21603E+03  0.21603E+03  0.22510E+03
 0.29892E+01  0.00000E+00  0.00000E+00  0.00000E+00  0.41394E+02  0.00000E+00  0.29815E+03  0.00000E+00  0.00000E+00  0.00000E+00  0.00000E+00  0.00000E+00  0.00000E+00  0.00000E+00  0.29815E+03  0.00000E+00  0.00000E+00  0.00000E+00  0.00000E+00  0.00000E+00  0.00000E+00  0.00000E+00  0.00000E+00  0.90712E+01  0.00000E+00  0.90712E+01  0.00000E+00  0.21603E+03  0.21603E+03  0.22510E+03
 0.30308E+01  0.00000E+00  0.00000E+00  0.00000E+00  0.41394E+02  0.00000E+00  0.29815E+03  0.00000E+00  0.00000E+00  0.00000E+00  0.00000E+00  0.00000E+00  0.00000E+00  0.00000E+00  0.29815E+03  0.00000E+00  0.00000E+00  0.00000E+00  0.00000E+00  0.00000E+00  0.00000E+00  0.00000E+00  0.00000E+00  0.90712E+01  0.00000E+00  0.90712E+01  0.00000E+00  0.21603E+03  0.21603E+03  0.22510E+03
 0.30292E+01  0.00000E+00  0.00000E+00  0.00000E+00  0.41413E+02  0.00000E+00  0.29815E+03  0.00000E+00  0.00000E+00  0.00000E+00  0.00000E+00  0.00000E+00  0.00000E+00  0.00000E+00  0.29815E+03  0.00000E+00  0.00000E+00  0.00000E+00  0.00000E+00  0.00000E+00  0.00000E+00  0.00000E+00  0.00000E+00  0.90712E+01  0.00000E+00  0.90712E+01  0.00000E+00  0.21603E+03  0.21603E+03  0.22510E+03
 0.30708E+01  0.00000E+00  0.00000E+00  0.00000E+00  0.41413E+02  0.00000E+00  0.29815E+03  0.00000E+00  0.00000E+00  0.00000E+00  0.00000E+00  0.00000E+00  0.00000E+00  0.00000E+00  0.29815E+03  0.00000E+00  0.00000E+00  0.00000E+00  0.00000E+00  0.00000E+00  0.00000E+00  0.00000E+00  0.00000E+00  0.90712E+01  0.00000E+00  0.90712E+01  0.00000E+00  0.21603E+03  0.21603E+03  0.22510E+03
 0.30692E+01  0.00000E+00  0.00000E+00  0.00000E+00  0.41428E+02  0.00000E+00  0.29815E+03  0.00000E+00  0.00000E+00  0.00000E+00  0.00000E+00  0.00000E+00  0.00000E+00  0.00000E+00  0.29815E+03  0.00000E+00  0.00000E+00  0.00000E+00  0.00000E+00  0.00000E+00  0.00000E+00  0.00000E+00  0.00000E+00  0.90712E+01  0.00000E+00  0.90712E+01  0.00000E+00  0.21603E+03  0.21603E+03  0.22510E+03
 0.31108E+01  0.00000E+00  0.00000E+00  0.00000E+00  0.41428E+02  0.00000E+00  0.29815E+03  0.00000E+00  0.00000E+00  0.00000E+00  0.00000E+00  0.00000E+00  0.00000E+00  0.00000E+00  0.29815E+03  0.00000E+00  0.00000E+00  0.00000E+00  0.00000E+00  0.00000E+00  0.00000E+00  0.00000E+00  0.00000E+00  0.90712E+01  0.00000E+00  0.90712E+01  0.00000E+00  0.21603E+03  0.21603E+03  0.22510E+03
 0.31092E+01  0.00000E+00  0.00000E+00  0.00000E+00  0.41440E+02  0.00000E+00  0.29815E+03  0.00000E+00  0.00000E+00  0.00000E+00  0.00000E+00  0.00000E+00  0.00000E+00  0.00000E+00  0.29815E+03  0.00000E+00  0.00000E+00  0.00000E+00  0.00000E+00  0.00000E+00  0.00000E+00  0.00000E+00  0.00000E+00  0.90712E+01  0.00000E+00  0.90712E+01  0.00000E+00  0.21603E+03  0.21603E+03  0.22510E+03
 0.31508E+01  0.00000E+00  0.00000E+00  0.00000E+00  0.41440E+02  0.00000E+00  0.29815E+03  0.00000E+00  0.00000E+00  0.00000E+00  0.00000E+00  0.00000E+00  0.00000E+00  0.00000E+00  0.29815E+03  0.00000E+00  0.00000E+00  0.00000E+00  0.00000E+00  0.00000E+00  0.00000E+00  0.00000E+00  0.00000E+00  0.90712E+01  0.00000E+00  0.90712E+01  0.00000E+00  0.21603E+03  0.21603E+03  0.22510E+03
 0.31492E+01  0.00000E+00  0.00000E+00  0.00000E+00  0.41448E+02  0.00000E+00  0.29815E+03  0.00000E+00  0.00000E+00  0.00000E+00  0.00000E+00  0.00000E+00  0.00000E+00  0.00000E+00  0.29815E+03  0.00000E+00  0.00000E+00  0.00000E+00  0.00000E+00  0.00000E+00  0.00000E+00  0.00000E+00  0.00000E+00  0.90712E+01  0.00000E+00  0.90712E+01  0.00000E+00  0.21603E+03  0.21603E+03  0.22510E+03
 0.31908E+01  0.00000E+00  0.00000E+00  0.00000E+00  0.41448E+02  0.00000E+00  0.29815E+03  0.00000E+00  0.00000E+00  0.00000E+00  0.00000E+00  0.00000E+00  0.00000E+00  0.00000E+00  0.29815E+03  0.00000E+00  0.00000E+00  0.00000E+00  0.00000E+00  0.00000E+00  0.00000E+00  0.00000E+00  0.00000E+00  0.90712E+01  0.00000E+00  0.90712E+01  0.00000E+00  0.21603E+03  0.21603E+03  0.22510E+03
 0.31892E+01  0.00000E+00  0.00000E+00  0.00000E+00  0.41451E+02  0.00000E+00  0.29815E+03  0.00000E+00  0.00000E+00  0.00000E+00  0.00000E+00  0.00000E+00  0.00000E+00  0.00000E+00  0.29815E+03  0.00000E+00  0.00000E+00  0.00000E+00  0.00000E+00  0.00000E+00  0.00000E+00  0.00000E+00  0.00000E+00  0.90712E+01  0.00000E+00  0.90712E+01  0.00000E+00  0.21603E+03  0.21603E+03  0.22510E+03
 0.32308E+01  0.00000E+00  0.00000E+00  0.00000E+00  0.41451E+02  0.00000E+00  0.29815E+03  0.00000E+00  0.00000E+00  0.00000E+00  0.00000E+00  0.00000E+00  0.00000E+00  0.00000E+00  0.29815E+03  0.00000E+00  0.00000E+00  0.00000E+00  0.00000E+00  0.00000E+00  0.00000E+00  0.00000E+00  0.00000E+00  0.90712E+01  0.00000E+00  0.90712E+01  0.00000E+00  0.21603E+03  0.21603E+03  0.22510E+03
 0.32392E+01  0.00000E+00  0.00000E+00  0.00000E+00  0.41447E+02  0.00000E+00  0.29815E+03  0.00000E+00  0.00000E+00  0.00000E+00  0.00000E+00  0.00000E+00  0.00000E+00  0.00000E+00  0.29815E+03  0.00000E+00  0.00000E+00  0.00000E+00  0.00000E+00  0.00000E+00  0.00000E+00  0.00000E+00  0.00000E+00  0.90712E+01  0.00000E+00  0.90712E+01  0.00000E+00  0.21603E+03  0.21603E+03  0.22510E+03
 0.32808E+01  0.00000E+00  0.00000E+00  0.00000E+00  0.41447E+02  0.00000E+00  0.29815E+03  0.00000E+00  0.00000E+00  0.00000E+00  0.00000E+00  0.00000E+00  0.00000E+00  0.00000E+00  0.29815E+03  0.00000E+00  0.00000E+00  0.00000E+00  0.00000E+00  0.00000E+00  0.00000E+00  0.00000E+00  0.00000E+00  0.90712E+01  0.00000E+00  0.90712E+01  0.00000E+00  0.21603E+03  0.21603E+03  0.22510E+03
 0.32792E+01  0.00000E+00  0.00000E+00  0.00000E+00  0.41439E+02  0.00000E+00  0.29815E+03  0.00000E+00  0.00000E+00  0.00000E+00  0.00000E+00  0.00000E+00  0.00000E+00  0.00000E+00  0.29815E+03  0.00000E+00  0.00000E+00  0.00000E+00  0.00000E+00  0.00000E+00  0.00000E+00  0.00000E+00  0.00000E+00  0.90712E+01  0.00000E+00  0.90712E+01  0.00000E+00  0.21603E+03  0.21603E+03  0.22510E+03
 0.33208E+01  0.00000E+00  0.00000E+00  0.00000E+00  0.41439E+02  0.00000E+00  0.29815E+03  0.00000E+00  0.00000E+00  0.00000E+00  0.00000E+00  0.00000E+00  0.00000E+00  0.00000E+00  0.29815E+03  0.00000E+00  0.00000E+00  0.00000E+00  0.00000E+00  0.00000E+00  0.00000E+00  0.00000E+00  0.00000E+00  0.90712E+01  0.00000E+00  0.90712E+01  0.00000E+00  0.21603E+03  0.21603E+03  0.22510E+03
 0.33192E+01  0.00000E+00  0.00000E+00  0.00000E+00  0.41427E+02  0.00000E+00  0.29815E+03  0.00000E+00  0.00000E+00  0.00000E+00  0.00000E+00  0.00000E+00  0.00000E+00  0.00000E+00  0.29815E+03  0.00000E+00  0.00000E+00  0.00000E+00  0.00000E+00  0.00000E+00  0.00000E+00  0.00000E+00  0.00000E+00  0.90712E+01  0.00000E+00  0.90712E+01  0.00000E+00  0.21603E+03  0.21603E+03  0.22510E+03
 0.33608E+01  0.00000E+00  0.00000E+00  0.00000E+00  0.41427E+02  0.00000E+00  0.29815E+03  0.00000E+00  0.00000E+00  0.00000E+00  0.00000E+00  0.00000E+00  0.00000E+00  0.00000E+00  0.29815E+03  0.00000E+00  0.00000E+00  0.00000E+00  0.00000E+00  0.00000E+00  0.00000E+00  0.00000E+00  0.00000E+00  0.90712E+01  0.00000E+00  0.90712E+01  0.00000E+00  0.21603E+03  0.21603E+03  0.22510E+03
 0.33592E+01  0.00000E+00  0.00000E+00  0.00000E+00  0.41411E+02  0.00000E+00  0.29815E+03  0.00000E+00  0.00000E+00  0.00000E+00  0.00000E+00  0.00000E+00  0.00000E+00  0.00000E+00  0.29815E+03  0.00000E+00  0.00000E+00  0.00000E+00  0.00000E+00  0.00000E+00  0.00000E+00  0.00000E+00  0.00000E+00  0.90712E+01  0.00000E+00  0.90712E+01  0.00000E+00  0.21603E+03  0.21603E+03  0.22510E+03
 0.34008E+01  0.00000E+00  0.00000E+00  0.00000E+00  0.41411E+02  0.00000E+00  0.29815E+03  0.00000E+00  0.00000E+00  0.00000E+00  0.00000E+00  0.00000E+00  0.00000E+00  0.00000E+00  0.29815E+03  0.00000E+00  0.00000E+00  0.00000E+00  0.00000E+00  0.00000E+00  0.00000E+00  0.00000E+00  0.00000E+00  0.90712E+01  0.00000E+00  0.90712E+01  0.00000E+00  0.21603E+03  0.21603E+03  0.22510E+03
 0.33992E+01  0.00000E+00  0.00000E+00  0.00000E+00  0.41395E+02  0.00000E+00  0.29815E+03  0.00000E+00  0.00000E+00  0.00000E+00  0.00000E+00  0.00000E+00  0.00000E+00  0.00000E+00  0.29815E+03  0.00000E+00  0.00000E+00  0.00000E+00  0.00000E+00  0.00000E+00  0.00000E+00  0.00000E+00  0.00000E+00  0.90712E+01  0.00000E+00  0.90712E+01  0.00000E+00  0.21603E+03  0.21603E+03  0.22510E+03
 0.34408E+01  0.00000E+00  0.00000E+00  0.00000E+00  0.41395E+02  0.00000E+00  0.29815E+03  0.00000E+00  0.00000E+00  0.00000E+00  0.00000E+00  0.00000E+00  0.00000E+00  0.00000E+00  0.29815E+03  0.00000E+00  0.00000E+00  0.00000E+00  0.00000E+00  0.00000E+00  0.00000E+00  0.00000E+00  0.00000E+00  0.90712E+01  0.00000E+00  0.90712E+01  0.00000E+00  0.21603E+03  0.21603E+03  0.22510E+03
 0.34392E+01  0.00000E+00  0.00000E+00  0.00000E+00  0.41379E+02  0.00000E+00  0.29815E+03  0.00000E+00  0.00000E+00  0.00000E+00  0.00000E+00  0.00000E+00  0.00000E+00  0.00000E+00  0.29815E+03  0.00000E+00  0.00000E+00  0.00000E+00  0.00000E+00  0.00000E+00  0.00000E+00  0.00000E+00  0.00000E+00  0.90712E+01  0.00000E+00  0.90712E+01  0.00000E+00  0.21603E+03  0.21603E+03  0.22510E+03
 0.34808E+01  0.00000E+00  0.00000E+00  0.00000E+00  0.41379E+02  0.00000E+00  0.29815E+03  0.00000E+00  0.00000E+00  0.00000E+00  0.00000E+00  0.00000E+00  0.00000E+00  0.00000E+00  0.29815E+03  0.00000E+00  0.00000E+00  0.00000E+00  0.00000E+00  0.00000E+00  0.00000E+00  0.00000E+00  0.00000E+00  0.90712E+01  0.00000E+00  0.90712E+01  0.00000E+00  0.21603E+03  0.21603E+03  0.22510E+03
 0.34892E+01  0.00000E+00  0.00000E+00  0.00000E+00  0.41365E+02  0.00000E+00  0.29815E+03  0.00000E+00  0.00000E+00  0.00000E+00  0.00000E+00  0.00000E+00  0.00000E+00  0.00000E+00  0.29815E+03  0.00000E+00  0.00000E+00  0.00000E+00  0.00000E+00  0.00000E+00  0.00000E+00  0.00000E+00  0.00000E+00  0.90712E+01  0.00000E+00  0.90712E+01  0.00000E+00  0.21603E+03  0.21603E+03  0.22510E+03
 0.35308E+01  0.00000E+00  0.00000E+00  0.00000E+00  0.41365E+02  0.00000E+00  0.29815E+03  0.00000E+00  0.00000E+00  0.00000E+00  0.00000E+00  0.00000E+00  0.00000E+00  0.00000E+00  0.29815E+03  0.00000E+00  0.00000E+00  0.00000E+00  0.00000E+00  0.00000E+00  0.00000E+00  0.00000E+00  0.00000E+00  0.90712E+01  0.00000E+00  0.90712E+01  0.00000E+00  0.21603E+03  0.21603E+03  0.22510E+03
 0.35292E+01  0.00000E+00  0.00000E+00  0.00000E+00  0.41351E+02  0.00000E+00  0.29815E+03  0.00000E+00  0.00000E+00  0.00000E+00  0.00000E+00  0.00000E+00  0.00000E+00  0.00000E+00  0.29815E+03  0.00000E+00  0.00000E+00  0.00000E+00  0.00000E+00  0.00000E+00  0.00000E+00  0.00000E+00  0.00000E+00  0.90712E+01  0.00000E+00  0.90712E+01  0.00000E+00  0.21603E+03  0.21603E+03  0.22510E+03
 0.35708E+01  0.00000E+00  0.00000E+00  0.00000E+00  0.41351E+02  0.00000E+00  0.29815E+03  0.00000E+00  0.00000E+00  0.00000E+00  0.00000E+00  0.00000E+00  0.00000E+00  0.00000E+00  0.29815E+03  0.00000E+00  0.00000E+00  0.00000E+00  0.00000E+00  0.00000E+00  0.00000E+00  0.00000E+00  0.00000E+00  0.90712E+01  0.00000E+00  0.90712E+01  0.00000E+00  0.21603E+03  0.21603E+03  0.22510E+03
 0.35692E+01  0.00000E+00  0.00000E+00  0.00000E+00  0.41339E+02  0.00000E+00  0.29815E+03  0.00000E+00  0.00000E+00  0.00000E+00  0.00000E+00  0.00000E+00  0.00000E+00  0.00000E+00  0.29815E+03  0.00000E+00  0.00000E+00  0.00000E+00  0.00000E+00  0.00000E+00  0.00000E+00  0.00000E+00  0.00000E+00  0.90712E+01  0.00000E+00  0.90712E+01  0.00000E+00  0.21603E+03  0.21603E+03  0.22510E+03
 0.36108E+01  0.00000E+00  0.00000E+00  0.00000E+00  0.41339E+02  0.00000E+00  0.29815E+03  0.00000E+00  0.00000E+00  0.00000E+00  0.00000E+00  0.00000E+00  0.00000E+00  0.00000E+00  0.29815E+03  0.00000E+00  0.00000E+00  0.00000E+00  0.00000E+00  0.00000E+00  0.00000E+00  0.00000E+00  0.00000E+00  0.90712E+01  0.00000E+00  0.90712E+01  0.00000E+00  0.21603E+03  0.21603E+03  0.22510E+03
 0.36092E+01  0.00000E+00  0.00000E+00  0.00000E+00  0.41326E+02  0.00000E+00  0.29815E+03  0.00000E+00  0.00000E+00  0.00000E+00  0.00000E+00  0.00000E+00  0.00000E+00  0.00000E+00  0.29815E+03  0.00000E+00  0.00000E+00  0.00000E+00  0.00000E+00  0.00000E+00  0.00000E+00  0.00000E+00  0.00000E+00  0.90712E+01  0.00000E+00  0.90712E+01  0.00000E+00  0.21603E+03  0.21603E+03  0.22510E+03
 0.36508E+01  0.00000E+00  0.00000E+00  0.00000E+00  0.41326E+02  0.00000E+00  0.29815E+03  0.00000E+00  0.00000E+00  0.00000E+00  0.00000E+00  0.00000E+00  0.00000E+00  0.00000E+00  0.29815E+03  0.00000E+00  0.00000E+00  0.00000E+00  0.00000E+00  0.00000E+00  0.00000E+00  0.00000E+00  0.00000E+00  0.90712E+01  0.00000E+00  0.90712E+01  0.00000E+00  0.21603E+03  0.21603E+03  0.22510E+03
 0.36492E+01  0.00000E+00  0.00000E+00  0.00000E+00  0.41312E+02  0.00000E+00  0.29815E+03  0.00000E+00  0.00000E+00  0.00000E+00  0.00000E+00  0.00000E+00  0.00000E+00  0.00000E+00  0.29815E+03  0.00000E+00  0.00000E+00  0.00000E+00  0.00000E+00  0.00000E+00  0.00000E+00  0.00000E+00  0.00000E+00  0.90712E+01  0.00000E+00  0.90712E+01  0.00000E+00  0.21603E+03  0.21603E+03  0.22510E+03
 0.36908E+01  0.00000E+00  0.00000E+00  0.00000E+00  0.41312E+02  0.00000E+00  0.29815E+03  0.00000E+00  0.00000E+00  0.00000E+00  0.00000E+00  0.00000E+00  0.00000E+00  0.00000E+00  0.29815E+03  0.00000E+00  0.00000E+00  0.00000E+00  0.00000E+00  0.00000E+00  0.00000E+00  0.00000E+00  0.00000E+00  0.90712E+01  0.00000E+00  0.90712E+01  0.00000E+00  0.21603E+03  0.21603E+03  0.22510E+03
 0.36892E+01  0.00000E+00  0.00000E+00  0.00000E+00  0.41298E+02  0.00000E+00  0.29815E+03  0.00000E+00  0.00000E+00  0.00000E+00  0.00000E+00  0.00000E+00  0.00000E+00  0.00000E+00  0.29815E+03  0.00000E+00  0.00000E+00  0.00000E+00  0.00000E+00  0.00000E+00  0.00000E+00  0.00000E+00  0.00000E+00  0.90712E+01  0.00000E+00  0.90712E+01  0.00000E+00  0.21603E+03  0.21603E+03  0.22510E+03
 0.37308E+01  0.00000E+00  0.00000E+00  0.00000E+00  0.41298E+02  0.00000E+00  0.29815E+03  0.00000E+00  0.00000E+00  0.00000E+00  0.00000E+00  0.00000E+00  0.00000E+00  0.00000E+00  0.29815E+03  0.00000E+00  0.00000E+00  0.00000E+00  0.00000E+00  0.00000E+00  0.00000E+00  0.00000E+00  0.00000E+00  0.90712E+01  0.00000E+00  0.90712E+01  0.00000E+00  0.21603E+03  0.21603E+03  0.22510E+03
 0.37392E+01  0.00000E+00  0.00000E+00  0.00000E+00  0.41283E+02  0.00000E+00  0.29815E+03  0.00000E+00  0.00000E+00  0.00000E+00  0.00000E+00  0.00000E+00  0.00000E+00  0.00000E+00  0.29815E+03  0.00000E+00  0.00000E+00  0.00000E+00  0.00000E+00  0.00000E+00  0.00000E+00  0.00000E+00  0.00000E+00  0.90712E+01  0.00000E+00  0.90712E+01  0.00000E+00  0.21603E+03  0.21603E+03  0.22510E+03
 0.37808E+01  0.00000E+00  0.00000E+00  0.00000E+00  0.41283E+02  0.00000E+00  0.29815E+03  0.00000E+00  0.00000E+00  0.00000E+00  0.00000E+00  0.00000E+00  0.00000E+00  0.00000E+00  0.29815E+03  0.00000E+00  0.00000E+00  0.00000E+00  0.00000E+00  0.00000E+00  0.00000E+00  0.00000E+00  0.00000E+00  0.90712E+01  0.00000E+00  0.90712E+01  0.00000E+00  0.21603E+03  0.21603E+03  0.22510E+03
 0.37792E+01  0.00000E+00  0.00000E+00  0.00000E+00  0.41267E+02  0.00000E+00  0.29815E+03  0.00000E+00  0.00000E+00  0.00000E+00  0.00000E+00  0.00000E+00  0.00000E+00  0.00000E+00  0.29815E+03  0.00000E+00  0.00000E+00  0.00000E+00  0.00000E+00  0.00000E+00  0.00000E+00  0.00000E+00  0.00000E+00  0.90712E+01  0.00000E+00  0.90712E+01  0.00000E+00  0.21603E+03  0.21603E+03  0.22510E+03
 0.38208E+01  0.00000E+00  0.00000E+00  0.00000E+00  0.41267E+02  0.00000E+00  0.29815E+03  0.00000E+00  0.00000E+00  0.00000E+00  0.00000E+00  0.00000E+00  0.00000E+00  0.00000E+00  0.29815E+03  0.00000E+00  0.00000E+00  0.00000E+00  0.00000E+00  0.00000E+00  0.00000E+00  0.00000E+00  0.00000E+00  0.90712E+01  0.00000E+00  0.90712E+01  0.00000E+00  0.21603E+03  0.21603E+03  0.22510E+03
 0.38192E+01  0.00000E+00  0.00000E+00  0.00000E+00  0.41253E+02  0.00000E+00  0.29815E+03  0.00000E+00  0.00000E+00  0.00000E+00  0.00000E+00  0.00000E+00  0.00000E+00  0.00000E+00  0.29815E+03  0.00000E+00  0.00000E+00  0.00000E+00  0.00000E+00  0.00000E+00  0.00000E+00  0.00000E+00  0.00000E+00  0.90712E+01  0.00000E+00  0.90712E+01  0.00000E+00  0.21603E+03  0.21603E+03  0.22510E+03
 0.38608E+01  0.00000E+00  0.00000E+00  0.00000E+00  0.41253E+02  0.00000E+00  0.29815E+03  0.00000E+00  0.00000E+00  0.00000E+00  0.00000E+00  0.00000E+00  0.00000E+00  0.00000E+00  0.29815E+03  0.00000E+00  0.00000E+00  0.00000E+00  0.00000E+00  0.00000E+00  0.00000E+00  0.00000E+00  0.00000E+00  0.90712E+01  0.00000E+00  0.90712E+01  0.00000E+00  0.21603E+03  0.21603E+03  0.22510E+03
 0.38592E+01  0.00000E+00  0.00000E+00  0.00000E+00  0.41239E+02  0.00000E+00  0.29815E+03  0.00000E+00  0.00000E+00  0.00000E+00  0.00000E+00  0.00000E+00  0.00000E+00  0.00000E+00  0.29815E+03  0.00000E+00  0.00000E+00  0.00000E+00  0.00000E+00  0.00000E+00  0.00000E+00  0.00000E+00  0.00000E+00  0.90712E+01  0.00000E+00  0.90712E+01  0.00000E+00  0.21603E+03  0.21603E+03  0.22510E+03
 0.39008E+01  0.00000E+00  0.00000E+00  0.00000E+00  0.41239E+02  0.00000E+00  0.29815E+03  0.00000E+00  0.00000E+00  0.00000E+00  0.00000E+00  0.00000E+00  0.00000E+00  0.00000E+00  0.29815E+03  0.00000E+00  0.00000E+00  0.00000E+00  0.00000E+00  0.00000E+00  0.00000E+00  0.00000E+00  0.00000E+00  0.90712E+01  0.00000E+00  0.90712E+01  0.00000E+00  0.21603E+03  0.21603E+03  0.22510E+03
 0.38992E+01  0.00000E+00  0.00000E+00  0.00000E+00  0.41226E+02  0.00000E+00  0.29815E+03  0.00000E+00  0.00000E+00  0.00000E+00  0.00000E+00  0.00000E+00  0.00000E+00  0.00000E+00  0.29815E+03  0.00000E+00  0.00000E+00  0.00000E+00  0.00000E+00  0.00000E+00  0.00000E+00  0.00000E+00  0.00000E+00  0.90712E+01  0.00000E+00  0.90712E+01  0.00000E+00  0.21603E+03  0.21603E+03  0.22510E+03
 0.39408E+01  0.00000E+00  0.00000E+00  0.00000E+00  0.41226E+02  0.00000E+00  0.29815E+03  0.00000E+00  0.00000E+00  0.00000E+00  0.00000E+00  0.00000E+00  0.00000E+00  0.00000E+00  0.29815E+03  0.00000E+00  0.00000E+00  0.00000E+00  0.00000E+00  0.00000E+00  0.00000E+00  0.00000E+00  0.00000E+00  0.90712E+01  0.00000E+00  0.90712E+01  0.00000E+00  0.21603E+03  0.21603E+03  0.22510E+03
 0.39392E+01  0.00000E+00  0.00000E+00  0.00000E+00  0.41216E+02  0.00000E+00  0.29815E+03  0.00000E+00  0.00000E+00  0.00000E+00  0.00000E+00  0.00000E+00  0.00000E+00  0.00000E+00  0.29815E+03  0.00000E+00  0.00000E+00  0.00000E+00  0.00000E+00  0.00000E+00  0.00000E+00  0.00000E+00  0.00000E+00  0.90712E+01  0.00000E+00  0.90712E+01  0.00000E+00  0.21603E+03  0.21603E+03  0.22510E+03
 0.39808E+01  0.00000E+00  0.00000E+00  0.00000E+00  0.41216E+02  0.00000E+00  0.29815E+03  0.00000E+00  0.00000E+00  0.00000E+00  0.00000E+00  0.00000E+00  0.00000E+00  0.00000E+00  0.29815E+03  0.00000E+00  0.00000E+00  0.00000E+00  0.00000E+00  0.00000E+00  0.00000E+00  0.00000E+00  0.00000E+00  0.90712E+01  0.00000E+00  0.90712E+01  0.00000E+00  0.21603E+03  0.21603E+03  0.22510E+03
 0.39792E+01  0.00000E+00  0.00000E+00  0.00000E+00  0.41208E+02  0.00000E+00  0.29815E+03  0.00000E+00  0.00000E+00  0.00000E+00  0.00000E+00  0.00000E+00  0.00000E+00  0.00000E+00  0.29815E+03  0.00000E+00  0.00000E+00  0.00000E+00  0.00000E+00  0.00000E+00  0.00000E+00  0.00000E+00  0.00000E+00  0.90712E+01  0.00000E+00  0.90712E+01  0.00000E+00  0.21603E+03  0.21603E+03  0.22510E+03
 0.40208E+01  0.00000E+00  0.00000E+00  0.00000E+00  0.41208E+02  0.00000E+00  0.29815E+03  0.00000E+00  0.00000E+00  0.00000E+00  0.00000E+00  0.00000E+00  0.00000E+00  0.00000E+00  0.29815E+03  0.00000E+00  0.00000E+00  0.00000E+00  0.00000E+00  0.00000E+00  0.00000E+00  0.00000E+00  0.00000E+00  0.90712E+01  0.00000E+00  0.90712E+01  0.00000E+00  0.21603E+03  0.21603E+03  0.22510E+03
 0.40292E+01  0.00000E+00  0.00000E+00  0.00000E+00  0.41200E+02  0.00000E+00  0.29815E+03  0.00000E+00  0.00000E+00  0.00000E+00  0.00000E+00  0.00000E+00  0.00000E+00  0.00000E+00  0.29815E+03  0.00000E+00  0.00000E+00  0.00000E+00  0.00000E+00  0.00000E+00  0.00000E+00  0.00000E+00  0.00000E+00  0.90712E+01  0.00000E+00  0.90712E+01  0.00000E+00  0.21603E+03  0.21603E+03  0.22510E+03
 0.40708E+01  0.00000E+00  0.00000E+00  0.00000E+00  0.41200E+02  0.00000E+00  0.29815E+03  0.00000E+00  0.00000E+00  0.00000E+00  0.00000E+00  0.00000E+00  0.00000E+00  0.00000E+00  0.29815E+03  0.00000E+00  0.00000E+00  0.00000E+00  0.00000E+00  0.00000E+00  0.00000E+00  0.00000E+00  0.00000E+00  0.90712E+01  0.00000E+00  0.90712E+01  0.00000E+00  0.21603E+03  0.21603E+03  0.22510E+03
 0.40692E+01  0.00000E+00  0.00000E+00  0.00000E+00  0.41194E+02  0.00000E+00  0.29815E+03  0.00000E+00  0.00000E+00  0.00000E+00  0.00000E+00  0.00000E+00  0.00000E+00  0.00000E+00  0.29815E+03  0.00000E+00  0.00000E+00  0.00000E+00  0.00000E+00  0.00000E+00  0.00000E+00  0.00000E+00  0.00000E+00  0.90712E+01  0.00000E+00  0.90712E+01  0.00000E+00  0.21603E+03  0.21603E+03  0.22510E+03
 0.41108E+01  0.00000E+00  0.00000E+00  0.00000E+00  0.41194E+02  0.00000E+00  0.29815E+03  0.00000E+00  0.00000E+00  0.00000E+00  0.00000E+00  0.00000E+00  0.00000E+00  0.00000E+00  0.29815E+03  0.00000E+00  0.00000E+00  0.00000E+00  0.00000E+00  0.00000E+00  0.00000E+00  0.00000E+00  0.00000E+00  0.90712E+01  0.00000E+00  0.90712E+01  0.00000E+00  0.21603E+03  0.21603E+03  0.22510E+03
 0.41092E+01  0.00000E+00  0.00000E+00  0.00000E+00  0.41188E+02  0.00000E+00  0.29815E+03  0.00000E+00  0.00000E+00  0.00000E+00  0.00000E+00  0.00000E+00  0.00000E+00  0.00000E+00  0.29815E+03  0.00000E+00  0.00000E+00  0.00000E+00  0.00000E+00  0.00000E+00  0.00000E+00  0.00000E+00  0.00000E+00  0.90712E+01  0.00000E+00  0.90712E+01  0.00000E+00  0.21603E+03  0.21603E+03  0.22510E+03
 0.41508E+01  0.00000E+00  0.00000E+00  0.00000E+00  0.41188E+02  0.00000E+00  0.29815E+03  0.00000E+00  0.00000E+00  0.00000E+00  0.00000E+00  0.00000E+00  0.00000E+00  0.00000E+00  0.29815E+03  0.00000E+00  0.00000E+00  0.00000E+00  0.00000E+00  0.00000E+00  0.00000E+00  0.00000E+00  0.00000E+00  0.90712E+01  0.00000E+00  0.90712E+01  0.00000E+00  0.21603E+03  0.21603E+03  0.22510E+03
 0.41492E+01  0.00000E+00  0.00000E+00  0.00000E+00  0.41183E+02  0.00000E+00  0.29815E+03  0.00000E+00  0.00000E+00  0.00000E+00  0.00000E+00  0.00000E+00  0.00000E+00  0.00000E+00  0.29815E+03  0.00000E+00  0.00000E+00  0.00000E+00  0.00000E+00  0.00000E+00  0.00000E+00  0.00000E+00  0.00000E+00  0.90712E+01  0.00000E+00  0.90712E+01  0.00000E+00  0.21603E+03  0.21603E+03  0.22510E+03
 0.41908E+01  0.00000E+00  0.00000E+00  0.00000E+00  0.41183E+02  0.00000E+00  0.29815E+03  0.00000E+00  0.00000E+00  0.00000E+00  0.00000E+00  0.00000E+00  0.00000E+00  0.00000E+00  0.29815E+03  0.00000E+00  0.00000E+00  0.00000E+00  0.00000E+00  0.00000E+00  0.00000E+00  0.00000E+00  0.00000E+00  0.90712E+01  0.00000E+00  0.90712E+01  0.00000E+00  0.21603E+03  0.21603E+03  0.22510E+03
 0.41892E+01  0.00000E+00  0.00000E+00  0.00000E+00  0.41178E+02  0.00000E+00  0.29815E+03  0.00000E+00  0.00000E+00  0.00000E+00  0.00000E+00  0.00000E+00  0.00000E+00  0.00000E+00  0.29815E+03  0.00000E+00  0.00000E+00  0.00000E+00  0.00000E+00  0.00000E+00  0.00000E+00  0.00000E+00  0.00000E+00  0.90712E+01  0.00000E+00  0.90712E+01  0.00000E+00  0.21603E+03  0.21603E+03  0.22510E+03
 0.42308E+01  0.00000E+00  0.00000E+00  0.00000E+00  0.41178E+02  0.00000E+00  0.29815E+03  0.00000E+00  0.00000E+00  0.00000E+00  0.00000E+00  0.00000E+00  0.00000E+00  0.00000E+00  0.29815E+03  0.00000E+00  0.00000E+00  0.00000E+00  0.00000E+00  0.00000E+00  0.00000E+00  0.00000E+00  0.00000E+00  0.90712E+01  0.00000E+00  0.90712E+01  0.00000E+00  0.21603E+03  0.21603E+03  0.22510E+03
 0.42292E+01  0.00000E+00  0.00000E+00  0.00000E+00  0.41173E+02  0.00000E+00  0.29815E+03  0.00000E+00  0.00000E+00  0.00000E+00  0.00000E+00  0.00000E+00  0.00000E+00  0.00000E+00  0.29815E+03  0.00000E+00  0.00000E+00  0.00000E+00  0.00000E+00  0.00000E+00  0.00000E+00  0.00000E+00  0.00000E+00  0.90712E+01  0.00000E+00  0.90712E+01  0.00000E+00  0.21603E+03  0.21603E+03  0.22510E+03
 0.42708E+01  0.00000E+00  0.00000E+00  0.00000E+00  0.41173E+02  0.00000E+00  0.29815E+03  0.00000E+00  0.00000E+00  0.00000E+00  0.00000E+00  0.00000E+00  0.00000E+00  0.00000E+00  0.29815E+03  0.00000E+00  0.00000E+00  0.00000E+00  0.00000E+00  0.00000E+00  0.00000E+00  0.00000E+00  0.00000E+00  0.90712E+01  0.00000E+00  0.90712E+01  0.00000E+00  0.21603E+03  0.21603E+03  0.22510E+03
 0.42792E+01  0.00000E+00  0.00000E+00  0.00000E+00  0.41167E+02  0.00000E+00  0.29815E+03  0.00000E+00  0.00000E+00  0.00000E+00  0.00000E+00  0.00000E+00  0.00000E+00  0.00000E+00  0.29815E+03  0.00000E+00  0.00000E+00  0.00000E+00  0.00000E+00  0.00000E+00  0.00000E+00  0.00000E+00  0.00000E+00  0.90712E+01  0.00000E+00  0.90712E+01  0.00000E+00  0.21603E+03  0.21603E+03  0.22510E+03
 0.43208E+01  0.00000E+00  0.00000E+00  0.00000E+00  0.41167E+02  0.00000E+00  0.29815E+03  0.00000E+00  0.00000E+00  0.00000E+00  0.00000E+00  0.00000E+00  0.00000E+00  0.00000E+00  0.29815E+03  0.00000E+00  0.00000E+00  0.00000E+00  0.00000E+00  0.00000E+00  0.00000E+00  0.00000E+00  0.00000E+00  0.90712E+01  0.00000E+00  0.90712E+01  0.00000E+00  0.21603E+03  0.21603E+03  0.22510E+03
 0.43192E+01  0.00000E+00  0.00000E+00  0.00000E+00  0.41160E+02  0.00000E+00  0.29815E+03  0.00000E+00  0.00000E+00  0.00000E+00  0.00000E+00  0.00000E+00  0.00000E+00  0.00000E+00  0.29815E+03  0.00000E+00  0.00000E+00  0.00000E+00  0.00000E+00  0.00000E+00  0.00000E+00  0.00000E+00  0.00000E+00  0.90712E+01  0.00000E+00  0.90712E+01  0.00000E+00  0.21603E+03  0.21603E+03  0.22510E+03
 0.43608E+01  0.00000E+00  0.00000E+00  0.00000E+00  0.41160E+02  0.00000E+00  0.29815E+03  0.00000E+00  0.00000E+00  0.00000E+00  0.00000E+00  0.00000E+00  0.00000E+00  0.00000E+00  0.29815E+03  0.00000E+00  0.00000E+00  0.00000E+00  0.00000E+00  0.00000E+00  0.00000E+00  0.00000E+00  0.00000E+00  0.90712E+01  0.00000E+00  0.90712E+01  0.00000E+00  0.21603E+03  0.21603E+03  0.22510E+03
 0.43592E+01  0.00000E+00  0.00000E+00  0.00000E+00  0.41152E+02  0.00000E+00  0.29815E+03  0.00000E+00  0.00000E+00  0.00000E+00  0.00000E+00  0.00000E+00  0.00000E+00  0.00000E+00  0.29815E+03  0.00000E+00  0.00000E+00  0.00000E+00  0.00000E+00  0.00000E+00  0.00000E+00  0.00000E+00  0.00000E+00  0.90712E+01  0.00000E+00  0.90712E+01  0.00000E+00  0.21603E+03  0.21603E+03  0.22510E+03
 0.44008E+01  0.00000E+00  0.00000E+00  0.00000E+00  0.41152E+02  0.00000E+00  0.29815E+03  0.00000E+00  0.00000E+00  0.00000E+00  0.00000E+00  0.00000E+00  0.00000E+00  0.00000E+00  0.29815E+03  0.00000E+00  0.00000E+00  0.00000E+00  0.00000E+00  0.00000E+00  0.00000E+00  0.00000E+00  0.00000E+00  0.90712E+01  0.00000E+00  0.90712E+01  0.00000E+00  0.21603E+03  0.21603E+03  0.22510E+03
 0.43992E+01  0.00000E+00  0.00000E+00  0.00000E+00  0.41144E+02  0.00000E+00  0.29815E+03  0.00000E+00  0.00000E+00  0.00000E+00  0.00000E+00  0.00000E+00  0.00000E+00  0.00000E+00  0.29815E+03  0.00000E+00  0.00000E+00  0.00000E+00  0.00000E+00  0.00000E+00  0.00000E+00  0.00000E+00  0.00000E+00  0.90712E+01  0.00000E+00  0.90712E+01  0.00000E+00  0.21603E+03  0.21603E+03  0.22510E+03
 0.44408E+01  0.00000E+00  0.00000E+00  0.00000E+00  0.41144E+02  0.00000E+00  0.29815E+03  0.00000E+00  0.00000E+00  0.00000E+00  0.00000E+00  0.00000E+00  0.00000E+00  0.00000E+00  0.29815E+03  0.00000E+00  0.00000E+00  0.00000E+00  0.00000E+00  0.00000E+00  0.00000E+00  0.00000E+00  0.00000E+00  0.90712E+01  0.00000E+00  0.90712E+01  0.00000E+00  0.21603E+03  0.21603E+03  0.22510E+03
 0.44392E+01  0.00000E+00  0.00000E+00  0.00000E+00  0.41136E+02  0.00000E+00  0.29815E+03  0.00000E+00  0.00000E+00  0.00000E+00  0.00000E+00  0.00000E+00  0.00000E+00  0.00000E+00  0.29815E+03  0.00000E+00  0.00000E+00  0.00000E+00  0.00000E+00  0.00000E+00  0.00000E+00  0.00000E+00  0.00000E+00  0.90712E+01  0.00000E+00  0.90712E+01  0.00000E+00  0.21603E+03  0.21603E+03  0.22510E+03
 0.44808E+01  0.00000E+00  0.00000E+00  0.00000E+00  0.41136E+02  0.00000E+00  0.29815E+03  0.00000E+00  0.00000E+00  0.00000E+00  0.00000E+00  0.00000E+00  0.00000E+00  0.00000E+00  0.29815E+03  0.00000E+00  0.00000E+00  0.00000E+00  0.00000E+00  0.00000E+00  0.00000E+00  0.00000E+00  0.00000E+00  0.90712E+01  0.00000E+00  0.90712E+01  0.00000E+00  0.21603E+03  0.21603E+03  0.22510E+03
 0.44792E+01  0.00000E+00  0.00000E+00  0.00000E+00  0.41129E+02  0.00000E+00  0.29815E+03  0.00000E+00  0.00000E+00  0.00000E+00  0.00000E+00  0.00000E+00  0.00000E+00  0.00000E+00  0.29815E+03  0.00000E+00  0.00000E+00  0.00000E+00  0.00000E+00  0.00000E+00  0.00000E+00  0.00000E+00  0.00000E+00  0.90712E+01  0.00000E+00  0.90712E+01  0.00000E+00  0.21603E+03  0.21603E+03  0.22510E+03
 0.45208E+01  0.00000E+00  0.00000E+00  0.00000E+00  0.41129E+02  0.00000E+00  0.29815E+03  0.00000E+00  0.00000E+00  0.00000E+00  0.00000E+00  0.00000E+00  0.00000E+00  0.00000E+00  0.29815E+03  0.00000E+00  0.00000E+00  0.00000E+00  0.00000E+00  0.00000E+00  0.00000E+00  0.00000E+00  0.00000E+00  0.90712E+01  0.00000E+00  0.90712E+01  0.00000E+00  0.21603E+03  0.21603E+03  0.22510E+03
 0.45292E+01  0.00000E+00  0.00000E+00  0.00000E+00  0.41123E+02  0.00000E+00  0.29815E+03  0.00000E+00  0.00000E+00  0.00000E+00  0.00000E+00  0.00000E+00  0.00000E+00  0.00000E+00  0.29815E+03  0.00000E+00  0.00000E+00  0.00000E+00  0.00000E+00  0.00000E+00  0.00000E+00  0.00000E+00  0.00000E+00  0.90712E+01  0.00000E+00  0.90712E+01  0.00000E+00  0.21603E+03  0.21603E+03  0.22510E+03
 0.45708E+01  0.00000E+00  0.00000E+00  0.00000E+00  0.41123E+02  0.00000E+00  0.29815E+03  0.00000E+00  0.00000E+00  0.00000E+00  0.00000E+00  0.00000E+00  0.00000E+00  0.00000E+00  0.29815E+03  0.00000E+00  0.00000E+00  0.00000E+00  0.00000E+00  0.00000E+00  0.00000E+00  0.00000E+00  0.00000E+00  0.90712E+01  0.00000E+00  0.90712E+01  0.00000E+00  0.21603E+03  0.21603E+03  0.22510E+03
 0.45692E+01  0.00000E+00  0.00000E+00  0.00000E+00  0.41119E+02  0.00000E+00  0.29815E+03  0.00000E+00  0.00000E+00  0.00000E+00  0.00000E+00  0.00000E+00  0.00000E+00  0.00000E+00  0.29815E+03  0.00000E+00  0.00000E+00  0.00000E+00  0.00000E+00  0.00000E+00  0.00000E+00  0.00000E+00  0.00000E+00  0.90712E+01  0.00000E+00  0.90712E+01  0.00000E+00  0.21603E+03  0.21603E+03  0.22510E+03
 0.46108E+01  0.00000E+00  0.00000E+00  0.00000E+00  0.41119E+02  0.00000E+00  0.29815E+03  0.00000E+00  0.00000E+00  0.00000E+00  0.00000E+00  0.00000E+00  0.00000E+00  0.00000E+00  0.29815E+03  0.00000E+00  0.00000E+00  0.00000E+00  0.00000E+00  0.00000E+00  0.00000E+00  0.00000E+00  0.00000E+00  0.90712E+01  0.00000E+00  0.90712E+01  0.00000E+00  0.21603E+03  0.21603E+03  0.22510E+03
 0.46092E+01  0.00000E+00  0.00000E+00  0.00000E+00  0.41117E+02  0.00000E+00  0.29815E+03  0.00000E+00  0.00000E+00  0.00000E+00  0.00000E+00  0.00000E+00  0.00000E+00  0.00000E+00  0.29815E+03  0.00000E+00  0.00000E+00  0.00000E+00  0.00000E+00  0.00000E+00  0.00000E+00  0.00000E+00  0.00000E+00  0.90712E+01  0.00000E+00  0.90712E+01  0.00000E+00  0.21603E+03  0.21603E+03  0.22510E+03
 0.46508E+01  0.00000E+00  0.00000E+00  0.00000E+00  0.41117E+02  0.00000E+00  0.29815E+03  0.00000E+00  0.00000E+00  0.00000E+00  0.00000E+00  0.00000E+00  0.00000E+00  0.00000E+00  0.29815E+03  0.00000E+00  0.00000E+00  0.00000E+00  0.00000E+00  0.00000E+00  0.00000E+00  0.00000E+00  0.00000E+00  0.90712E+01  0.00000E+00  0.90712E+01  0.00000E+00  0.21603E+03  0.21603E+03  0.22510E+03
 0.46492E+01  0.00000E+00  0.00000E+00  0.00000E+00  0.41116E+02  0.00000E+00  0.29815E+03  0.00000E+00  0.00000E+00  0.00000E+00  0.00000E+00  0.00000E+00  0.00000E+00  0.00000E+00  0.29815E+03  0.00000E+00  0.00000E+00  0.00000E+00  0.00000E+00  0.00000E+00  0.00000E+00  0.00000E+00  0.00000E+00  0.90712E+01  0.00000E+00  0.90712E+01  0.00000E+00  0.21603E+03  0.21603E+03  0.22510E+03
 0.46908E+01  0.00000E+00  0.00000E+00  0.00000E+00  0.41116E+02  0.00000E+00  0.29815E+03  0.00000E+00  0.00000E+00  0.00000E+00  0.00000E+00  0.00000E+00  0.00000E+00  0.00000E+00  0.29815E+03  0.00000E+00  0.00000E+00  0.00000E+00  0.00000E+00  0.00000E+00  0.00000E+00  0.00000E+00  0.00000E+00  0.90712E+01  0.00000E+00  0.90712E+01  0.00000E+00  0.21603E+03  0.21603E+03  0.22510E+03
 0.46892E+01  0.00000E+00  0.00000E+00  0.00000E+00  0.41115E+02  0.00000E+00  0.29815E+03  0.00000E+00  0.00000E+00  0.00000E+00  0.00000E+00  0.00000E+00  0.00000E+00  0.00000E+00  0.29815E+03  0.00000E+00  0.00000E+00  0.00000E+00  0.00000E+00  0.00000E+00  0.00000E+00  0.00000E+00  0.00000E+00  0.90712E+01  0.00000E+00  0.90712E+01  0.00000E+00  0.21603E+03  0.21603E+03  0.22510E+03
 0.47308E+01  0.00000E+00  0.00000E+00  0.00000E+00  0.41115E+02  0.00000E+00  0.29815E+03  0.00000E+00  0.00000E+00  0.00000E+00  0.00000E+00  0.00000E+00  0.00000E+00  0.00000E+00  0.29815E+03  0.00000E+00  0.00000E+00  0.00000E+00  0.00000E+00  0.00000E+00  0.00000E+00  0.00000E+00  0.00000E+00  0.90712E+01  0.00000E+00  0.90712E+01  0.00000E+00  0.21603E+03  0.21603E+03  0.22510E+03
 0.47292E+01  0.00000E+00  0.00000E+00  0.00000E+00  0.41115E+02  0.00000E+00  0.29815E+03  0.00000E+00  0.00000E+00  0.00000E+00  0.00000E+00  0.00000E+00  0.00000E+00  0.00000E+00  0.29815E+03  0.00000E+00  0.00000E+00  0.00000E+00  0.00000E+00  0.00000E+00  0.00000E+00  0.00000E+00  0.00000E+00  0.90712E+01  0.00000E+00  0.90712E+01  0.00000E+00  0.21603E+03  0.21603E+03  0.22510E+03
 0.47708E+01  0.00000E+00  0.00000E+00  0.00000E+00  0.41115E+02  0.00000E+00  0.29815E+03  0.00000E+00  0.00000E+00  0.00000E+00  0.00000E+00  0.00000E+00  0.00000E+00  0.00000E+00  0.29815E+03  0.00000E+00  0.00000E+00  0.00000E+00  0.00000E+00  0.00000E+00  0.00000E+00  0.00000E+00  0.00000E+00  0.90712E+01  0.00000E+00  0.90712E+01  0.00000E+00  0.21603E+03  0.21603E+03  0.22510E+03
