   45.000000000004569     
  0.89250E+00  0.00000E+00  0.38400E+03  0.38400E+03  0.38400E+03  0.38400E+03  0.38400E+03
  0.87750E+00  0.00000E+00  0.38400E+03  0.38400E+03  0.38400E+03  0.38400E+03  0.38400E+03
  0.86250E+00  0.00000E+00  0.38400E+03  0.38400E+03  0.38400E+03  0.38400E+03  0.38400E+03
  0.84750E+00  0.00000E+00  0.38400E+03  0.38400E+03  0.38400E+03  0.38400E+03  0.38400E+03
  0.83250E+00  0.00000E+00  0.38400E+03  0.38400E+03  0.38400E+03  0.38400E+03  0.38400E+03
  0.81750E+00  0.00000E+00  0.38400E+03  0.38400E+03  0.38400E+03  0.38400E+03  0.38400E+03
  0.80250E+00  0.00000E+00  0.38400E+03  0.38400E+03  0.38400E+03  0.38400E+03  0.38400E+03
  0.78750E+00  0.00000E+00  0.38400E+03  0.38400E+03  0.38400E+03  0.38400E+03  0.38400E+03
  0.77250E+00  0.00000E+00  0.38400E+03  0.38400E+03  0.38400E+03  0.38400E+03  0.38400E+03
  0.75750E+00  0.00000E+00  0.38400E+03  0.38400E+03  0.38400E+03  0.38400E+03  0.38400E+03
  0.74250E+00  0.00000E+00  0.38400E+03  0.38400E+03  0.38400E+03  0.38400E+03  0.38400E+03
  0.72750E+00  0.00000E+00  0.38400E+03  0.38400E+03  0.38400E+03  0.38400E+03  0.38400E+03
  0.71250E+00  0.00000E+00  0.38400E+03  0.38400E+03  0.38400E+03  0.38400E+03  0.38400E+03
  0.69750E+00  0.00000E+00  0.38400E+03  0.38400E+03  0.38400E+03  0.38400E+03  0.38400E+03
  0.68250E+00  0.00000E+00  0.38400E+03  0.38400E+03  0.38400E+03  0.38400E+03  0.38400E+03
  0.66750E+00  0.00000E+00  0.38400E+03  0.38400E+03  0.38400E+03  0.38400E+03  0.38400E+03
  0.65250E+00  0.00000E+00  0.38400E+03  0.38400E+03  0.38400E+03  0.38400E+03  0.38400E+03
  0.63750E+00  0.00000E+00  0.38400E+03  0.38400E+03  0.38400E+03  0.38400E+03  0.38400E+03
  0.62250E+00  0.00000E+00  0.38403E+03  0.38400E+03  0.38400E+03  0.38400E+03  0.38400E+03
  0.60750E+00  0.00000E+00  0.38851E+03  0.38433E+03  0.38401E+03  0.38400E+03  0.38400E+03
  0.59250E+00  0.14641E+01  0.79522E+03  0.40992E+03  0.38498E+03  0.38403E+03  0.38400E+03
  0.57750E+00  0.17314E+01  0.80771E+03  0.44044E+03  0.38861E+03  0.38427E+03  0.38402E+03
  0.56250E+00  0.19243E+01  0.81527E+03  0.46330E+03  0.39325E+03  0.38477E+03  0.38410E+03
  0.54750E+00  0.21240E+01  0.81775E+03  0.48563E+03  0.39964E+03  0.38573E+03  0.38430E+03
  0.53250E+00  0.23048E+01  0.81805E+03  0.50454E+03  0.40663E+03  0.38709E+03  0.38465E+03
  0.51750E+00  0.24397E+01  0.81868E+03  0.51851E+03  0.41276E+03  0.38853E+03  0.38509E+03
  0.50250E+00  0.25617E+01  0.81845E+03  0.53018E+03  0.41867E+03  0.39013E+03  0.38566E+03
  0.48750E+00  0.26723E+01  0.81803E+03  0.54017E+03  0.42431E+03  0.39185E+03  0.38633E+03
  0.47250E+00  0.27730E+01  0.81752E+03  0.54877E+03  0.42962E+03  0.39365E+03  0.38710E+03
  0.45750E+00  0.28614E+01  0.81722E+03  0.55616E+03  0.43452E+03  0.39545E+03  0.38793E+03
  0.44250E+00  0.29476E+01  0.81668E+03  0.56281E+03  0.43927E+03  0.39733E+03  0.38885E+03
  0.42750E+00  0.30275E+01  0.81617E+03  0.56870E+03  0.44371E+03  0.39921E+03  0.38983E+03
  0.41250E+00  0.30972E+01  0.81590E+03  0.57381E+03  0.44774E+03  0.40101E+03  0.39082E+03
  0.39750E+00  0.31631E+01  0.81559E+03  0.57840E+03  0.45152E+03  0.40281E+03  0.39184E+03
  0.38250E+00  0.32281E+01  0.81509E+03  0.58256E+03  0.45513E+03  0.40460E+03  0.39290E+03
  0.36750E+00  0.32827E+01  0.81489E+03  0.58616E+03  0.45830E+03  0.40624E+03  0.39390E+03
  0.35250E+00  0.33315E+01  0.81478E+03  0.58934E+03  0.46117E+03  0.40777E+03  0.39486E+03
  0.33750E+00  0.33771E+01  0.81565E+03  0.59286E+03  0.46414E+03  0.40936E+03  0.39587E+03
  0.32250E+00  0.34150E+01  0.82984E+03  0.60324E+03  0.46990E+03  0.41191E+03  0.39738E+03
  0.30750E+00  0.12800E+02  0.10108E+04  0.65863E+03  0.49064E+03  0.41910E+03  0.40103E+03
  0.29250E+00  0.12845E+02  0.10278E+04  0.66691E+03  0.49565E+03  0.42150E+03  0.40250E+03
  0.27750E+00  0.12945E+02  0.10288E+04  0.66987E+03  0.49822E+03  0.42300E+03  0.40353E+03
  0.26250E+00  0.13040E+02  0.10289E+04  0.67229E+03  0.50044E+03  0.42436E+03  0.40447E+03
  0.24750E+00  0.13134E+02  0.10288E+04  0.67462E+03  0.50262E+03  0.42571E+03  0.40542E+03
  0.23250E+00  0.13234E+02  0.10287E+04  0.67691E+03  0.50479E+03  0.42708E+03  0.40640E+03
  0.21750E+00  0.13326E+02  0.10286E+04  0.67904E+03  0.50682E+03  0.42838E+03  0.40734E+03
  0.20250E+00  0.13411E+02  0.10284E+04  0.68089E+03  0.50861E+03  0.42955E+03  0.40819E+03
  0.18750E+00  0.13469E+02  0.10285E+04  0.68235E+03  0.51002E+03  0.43046E+03  0.40887E+03
  0.17250E+00  0.13521E+02  0.10285E+04  0.68353E+03  0.51117E+03  0.43123E+03  0.40944E+03
  0.15750E+00  0.13560E+02  0.10285E+04  0.68449E+03  0.51211E+03  0.43186E+03  0.40990E+03
  0.14250E+00  0.13596E+02  0.10285E+04  0.68532E+03  0.51293E+03  0.43241E+03  0.41032E+03
  0.12750E+00  0.13628E+02  0.10284E+04  0.68607E+03  0.51366E+03  0.43291E+03  0.41069E+03
  0.11250E+00  0.13656E+02  0.10285E+04  0.68676E+03  0.51435E+03  0.43337E+03  0.41104E+03
  0.97500E-01  0.13689E+02  0.10284E+04  0.68746E+03  0.51505E+03  0.43385E+03  0.41141E+03
  0.82500E-01  0.13717E+02  0.10284E+04  0.68816E+03  0.51574E+03  0.43432E+03  0.41177E+03
  0.67500E-01  0.13751E+02  0.10284E+04  0.68891E+03  0.51648E+03  0.43483E+03  0.41215E+03
  0.52500E-01  0.13789E+02  0.10283E+04  0.68969E+03  0.51728E+03  0.43540E+03  0.41259E+03
  0.37500E-01  0.13839E+02  0.10258E+04  0.68952E+03  0.51764E+03  0.43581E+03  0.41295E+03
  0.22500E-01  0.14083E+02  0.98247E+03  0.67382E+03  0.51128E+03  0.43379E+03  0.41206E+03
  0.75000E-02  0.16790E+02  0.56097E+03  0.51960E+03  0.45802E+03  0.41707E+03  0.40410E+03
