   TIME(S)     FINJ(KG/S)     FDC(KG/S)    FSTM(KG/S)     TINJ(KG)       TDC(KG)      TSTM(KG)     TWATFLR(KG)    WBAL(KG)    FSTMJT(KG/S)   TSTMJT(KG)
 0.40000E+00   0.00000E+00   0.00000E+00   0.95333E+02   0.00000E+00   0.00000E+00   0.40340E+02   0.38378E+05   0.66960E-01   0.10872E+03   0.41703E+02
 0.80000E+00   0.00000E+00   0.00000E+00   0.92391E+02   0.00000E+00   0.00000E+00   0.81588E+02   0.38337E+05   0.47875E-01   0.10197E+03   0.85267E+02
 0.12000E+01   0.00000E+00   0.00000E+00   0.92232E+02   0.00000E+00   0.00000E+00   0.12147E+03   0.38297E+05   0.31484E-01   0.98529E+02   0.12750E+03
 0.16000E+01   0.00000E+00   0.00000E+00   0.95583E+02   0.00000E+00   0.00000E+00   0.15981E+03   0.38258E+05   0.27435E-01   0.10107E+03   0.16831E+03
 0.20000E+01   0.00000E+00   0.00000E+00   0.92785E+02   0.00000E+00   0.00000E+00   0.19725E+03   0.38221E+05   0.30745E-01   0.98934E+02   0.20800E+03
 0.24000E+01   0.00000E+00   0.00000E+00   0.96797E+02   0.00000E+00   0.00000E+00   0.23533E+03   0.38183E+05   0.28392E-01   0.10248E+03   0.24856E+03
 0.28000E+01   0.00000E+00   0.00000E+00   0.88814E+02   0.00000E+00   0.00000E+00   0.27248E+03   0.38146E+05   0.28524E-01   0.94519E+02   0.28775E+03
 0.32000E+01   0.00000E+00   0.00000E+00   0.92177E+02   0.00000E+00   0.00000E+00   0.30901E+03   0.38109E+05   0.25589E-01   0.97295E+02   0.32663E+03
 0.36000E+01   0.00000E+00   0.00000E+00   0.93015E+02   0.00000E+00   0.00000E+00   0.34547E+03   0.38073E+05   0.31364E-01   0.99288E+02   0.36541E+03
 0.40000E+01   0.00000E+00   0.00000E+00   0.10288E+03   0.00000E+00   0.00000E+00   0.38454E+03   0.38034E+05   0.29175E-01   0.10872E+03   0.40720E+03
 0.44000E+01   0.00000E+00   0.00000E+00   0.87385E+02   0.00000E+00   0.00000E+00   0.42270E+03   0.37996E+05   0.27101E-01   0.92806E+02   0.44715E+03
 0.48000E+01   0.00000E+00   0.00000E+00   0.94780E+02   0.00000E+00   0.00000E+00   0.45921E+03   0.37959E+05   0.25356E-01   0.99851E+02   0.48611E+03
 0.52000E+01   0.00000E+00   0.00000E+00   0.91053E+02   0.00000E+00   0.00000E+00   0.49569E+03   0.37923E+05   0.29565E-01   0.96966E+02   0.52472E+03
 0.56000E+01   0.00000E+00   0.00000E+00   0.98068E+02   0.00000E+00   0.00000E+00   0.53600E+03   0.37882E+05   0.19151E-01   0.10190E+03   0.56686E+03
 0.60000E+01   0.00000E+00   0.00000E+00   0.10087E+03   0.00000E+00   0.00000E+00   0.57512E+03   0.37843E+05   0.31258E-01   0.10712E+03   0.60846E+03
 0.64000E+01   0.00000E+00   0.00000E+00   0.10343E+03   0.00000E+00   0.00000E+00   0.61683E+03   0.37801E+05   0.26635E-01   0.10876E+03   0.65269E+03
 0.68000E+01   0.00000E+00   0.00000E+00   0.10134E+03   0.00000E+00   0.00000E+00   0.65724E+03   0.37761E+05   0.30352E-01   0.10741E+03   0.69546E+03
 0.72000E+01   0.00000E+00   0.00000E+00   0.10603E+03   0.00000E+00   0.00000E+00   0.69861E+03   0.37720E+05   0.31398E-01   0.11231E+03   0.73939E+03
 0.76000E+01   0.00000E+00   0.00000E+00   0.10737E+03   0.00000E+00   0.00000E+00   0.74105E+03   0.37677E+05   0.33906E-01   0.11416E+03   0.78435E+03
 0.80000E+01   0.00000E+00   0.00000E+00   0.10767E+03   0.00000E+00   0.00000E+00   0.78491E+03   0.37633E+05   0.25878E-01   0.11284E+03   0.83071E+03
 0.84000E+01   0.00000E+00   0.00000E+00   0.93548E+02   0.00000E+00   0.00000E+00   0.82453E+03   0.37594E+05   0.28627E-01   0.99273E+02   0.87230E+03
 0.88000E+01   0.00000E+00   0.00000E+00   0.10392E+03   0.00000E+00   0.00000E+00   0.86428E+03   0.37554E+05   0.29091E-01   0.10974E+03   0.91456E+03
 0.92000E+01   0.00000E+00   0.00000E+00   0.11521E+03   0.00000E+00   0.00000E+00   0.90684E+03   0.37511E+05   0.41179E-01   0.12318E+03   0.95982E+03
 0.96000E+01   0.00000E+00   0.00000E+00   0.11299E+03   0.00000E+00   0.00000E+00   0.95504E+03   0.37463E+05   0.20050E-01   0.11677E+03   0.10104E+04
 0.10000E+02   0.00000E+00   0.00000E+00   0.99358E+02   0.00000E+00   0.00000E+00   0.99533E+03   0.37423E+05   0.32807E-01   0.10572E+03   0.10526E+04
 0.10400E+02   0.00000E+00   0.00000E+00   0.11185E+03   0.00000E+00   0.00000E+00   0.10413E+04   0.37377E+05   0.17268E-01   0.11511E+03   0.11006E+04
 0.10800E+02   0.00000E+00   0.00000E+00   0.10569E+03   0.00000E+00   0.00000E+00   0.10833E+04   0.37335E+05   0.27321E-01   0.11098E+03   0.11447E+04
 0.11200E+02   0.00000E+00   0.00000E+00   0.11078E+03   0.00000E+00   0.00000E+00   0.11267E+04   0.37292E+05   0.29563E-01   0.11654E+03   0.11902E+04
 0.11600E+02   0.00000E+00   0.00000E+00   0.11284E+03   0.00000E+00   0.00000E+00   0.11723E+04   0.37246E+05   0.25048E-01   0.11772E+03   0.12380E+04
 0.12000E+02   0.00000E+00   0.00000E+00   0.10598E+03   0.00000E+00   0.00000E+00   0.12159E+04   0.37202E+05   0.23853E-01   0.11063E+03   0.12835E+04
 0.12400E+02   0.00000E+00   0.00000E+00   0.10196E+03   0.00000E+00   0.00000E+00   0.12573E+04   0.37161E+05   0.23976E-01   0.10665E+03   0.13268E+04
 0.12800E+02   0.00000E+00   0.00000E+00   0.11850E+03   0.00000E+00   0.00000E+00   0.13005E+04   0.37118E+05   0.30553E-01   0.12451E+03   0.13722E+04
 0.13200E+02   0.00000E+00   0.00000E+00   0.11416E+03   0.00000E+00   0.00000E+00   0.13487E+04   0.37070E+05   0.20077E-01   0.11809E+03   0.14224E+04
 0.13600E+02   0.00000E+00   0.00000E+00   0.93382E+02   0.00000E+00   0.00000E+00   0.13896E+04   0.37029E+05   0.18498E-01   0.97006E+02   0.14647E+04
 0.14000E+02   0.00000E+00   0.00000E+00   0.98569E+02   0.00000E+00   0.00000E+00   0.14272E+04   0.36991E+05   0.23886E-01   0.10328E+03   0.15040E+04
 0.14400E+02   0.00000E+00   0.00000E+00   0.12074E+03   0.00000E+00   0.00000E+00   0.14719E+04   0.36946E+05   0.21436E-01   0.12496E+03   0.15507E+04
 0.14800E+02   0.00000E+00   0.00000E+00   0.79845E+02   0.00000E+00   0.00000E+00   0.15125E+04   0.36906E+05   0.10486E-01   0.81883E+02   0.15924E+04
 0.15200E+02   0.00000E+00   0.00000E+00   0.68787E+02   0.00000E+00   0.00000E+00   0.15435E+04   0.36875E+05   0.15898E-01   0.71901E+02   0.16242E+04
 0.15600E+02   0.00000E+00   0.00000E+00   0.87625E+02   0.00000E+00   0.00000E+00   0.15761E+04   0.36842E+05   0.15365E-01   0.90637E+02   0.16581E+04
 0.16000E+02   0.00000E+00   0.00000E+00   0.76129E+02   0.00000E+00   0.00000E+00   0.16089E+04   0.36809E+05   0.12718E-01   0.78615E+02   0.16920E+04
 0.16400E+02   0.00000E+00   0.00000E+00   0.85944E+02   0.00000E+00   0.00000E+00   0.16408E+04   0.36777E+05   0.15197E-01   0.88930E+02   0.17251E+04
 0.16800E+02   0.00000E+00   0.00000E+00   0.81395E+02   0.00000E+00   0.00000E+00   0.16746E+04   0.36744E+05   0.13148E-01   0.83974E+02   0.17599E+04
 0.17200E+02   0.00000E+00   0.00000E+00   0.94821E+02   0.00000E+00   0.00000E+00   0.17092E+04   0.36709E+05   0.16872E-01   0.98149E+02   0.17957E+04
 0.17600E+02   0.00000E+00   0.00000E+00   0.97087E+02   0.00000E+00   0.00000E+00   0.17492E+04   0.36669E+05   0.11265E-01   0.99298E+02   0.18369E+04
 0.18000E+02   0.00000E+00   0.00000E+00   0.49309E+02   0.00000E+00   0.00000E+00   0.17786E+04   0.36640E+05   0.32622E-02   0.49920E+02   0.18668E+04
 0.18400E+02   0.00000E+00   0.00000E+00   0.40724E+02   0.00000E+00   0.00000E+00   0.17949E+04   0.36623E+05   0.67033E-02   0.42025E+02   0.18834E+04
 0.18800E+02   0.00000E+00   0.00000E+00   0.70234E+02   0.00000E+00   0.00000E+00   0.18161E+04   0.36602E+05   0.13052E-01   0.72807E+02   0.19054E+04
 0.19200E+02   0.00000E+00   0.00000E+00   0.98396E+02   0.00000E+00   0.00000E+00   0.18517E+04   0.36567E+05   0.11640E-01   0.10069E+03   0.19421E+04
 0.19600E+02   0.00000E+00   0.00000E+00   0.64938E+02   0.00000E+00   0.00000E+00   0.18853E+04   0.36533E+05   0.43015E-02   0.65764E+02   0.19763E+04
 0.20000E+02   0.00000E+00   0.00000E+00   0.38364E+02   0.00000E+00   0.00000E+00   0.19049E+04   0.36513E+05   0.32910E-02   0.38989E+02   0.19961E+04
 0.20400E+02   0.00000E+00   0.00000E+00   0.45394E+02   0.00000E+00   0.00000E+00   0.19198E+04   0.36498E+05   0.49876E-02   0.46360E+02   0.20114E+04
 0.20800E+02   0.00000E+00   0.00000E+00   0.44763E+02   0.00000E+00   0.00000E+00   0.19374E+04   0.36481E+05   0.48916E-02   0.45708E+02   0.20293E+04
 0.21200E+02   0.00000E+00   0.00000E+00   0.53722E+02   0.00000E+00   0.00000E+00   0.19572E+04   0.36461E+05   0.54701E-02   0.54783E+02   0.20494E+04
 0.21600E+02   0.00000E+00   0.00000E+00   0.73023E+02   0.00000E+00   0.00000E+00   0.19824E+04   0.36436E+05   0.70143E-02   0.74394E+02   0.20752E+04
 0.22000E+02   0.00000E+00   0.00000E+00   0.70737E+02   0.00000E+00   0.00000E+00   0.20120E+04   0.36406E+05   0.51712E-02   0.71741E+02   0.21053E+04
 0.22400E+02   0.00000E+00   0.00000E+00   0.61224E+02   0.00000E+00   0.00000E+00   0.20383E+04   0.36380E+05   0.41576E-02   0.62026E+02   0.21319E+04
 0.22800E+02   0.00000E+00   0.00000E+00   0.54203E+02   0.00000E+00   0.00000E+00   0.20614E+04   0.36357E+05   0.32431E-02   0.54823E+02   0.21553E+04
 0.23200E+02   0.00000E+00   0.00000E+00   0.42209E+02   0.00000E+00   0.00000E+00   0.20807E+04   0.36338E+05   0.19952E-02   0.42581E+02   0.21748E+04
 0.23600E+02   0.00000E+00   0.00000E+00   0.39007E+02   0.00000E+00   0.00000E+00   0.20964E+04   0.36322E+05   0.20839E-02   0.39396E+02   0.21906E+04
 0.24000E+02   0.00000E+00   0.00000E+00   0.60214E+02   0.00000E+00   0.00000E+00   0.21152E+04   0.36303E+05   0.38943E-02   0.60967E+02   0.22096E+04
 0.24400E+02   0.00000E+00   0.00000E+00   0.78806E+02   0.00000E+00   0.00000E+00   0.21446E+04   0.36274E+05   0.33702E-02   0.79454E+02   0.22393E+04
 0.24800E+02   0.00000E+00   0.00000E+00   0.81412E+02   0.00000E+00   0.00000E+00   0.21760E+04   0.36242E+05   0.35796E-02   0.82103E+02   0.22710E+04
 0.25200E+02   0.00000E+00   0.00000E+00   0.63022E+02   0.00000E+00   0.00000E+00   0.22081E+04   0.36210E+05   0.15973E-02   0.63315E+02   0.23032E+04
 0.25600E+02   0.00000E+00   0.00000E+00   0.53195E+02   0.00000E+00   0.00000E+00   0.22302E+04   0.36188E+05   0.15519E-02   0.53480E+02   0.23255E+04
 0.26000E+02   0.00000E+00   0.00000E+00   0.61987E+02   0.00000E+00   0.00000E+00   0.22534E+04   0.36165E+05   0.14500E-02   0.62252E+02   0.23488E+04
 0.26400E+02   0.00000E+00   0.00000E+00   0.64280E+02   0.00000E+00   0.00000E+00   0.22785E+04   0.36140E+05   0.12043E-02   0.64497E+02   0.23740E+04
 0.26800E+02   0.00000E+00   0.00000E+00   0.68791E+02   0.00000E+00   0.00000E+00   0.23054E+04   0.36113E+05   0.90205E-03   0.68948E+02   0.24009E+04
 0.27200E+02   0.00000E+00   0.00000E+00   0.66158E+02   0.00000E+00   0.00000E+00   0.23326E+04   0.36086E+05   0.44887E-03   0.66225E+02   0.24282E+04
 0.27600E+02   0.00000E+00   0.00000E+00   0.50101E+02   0.00000E+00   0.00000E+00   0.23561E+04   0.36062E+05  -0.88455E-04   0.50060E+02   0.24517E+04
 0.28000E+02   0.00000E+00   0.00000E+00   0.38705E+02   0.00000E+00   0.00000E+00   0.23735E+04   0.36045E+05  -0.13747E-02   0.38318E+02   0.24691E+04
 0.28400E+02   0.00000E+00   0.00000E+00   0.36345E+02   0.00000E+00   0.00000E+00   0.23883E+04   0.36030E+05  -0.34408E-02   0.35470E+02   0.24835E+04
 0.28800E+02   0.00000E+00   0.00000E+00   0.38267E+02   0.00000E+00   0.00000E+00   0.24033E+04   0.36015E+05  -0.13243E-02   0.37166E+02   0.24981E+04
 0.29200E+02   0.00000E+00   0.00000E+00   0.62623E+02   0.00000E+00   0.00000E+00   0.24218E+04   0.35996E+05  -0.43793E-02   0.59455E+02   0.25156E+04
 0.29600E+02   0.00000E+00   0.00000E+00   0.98549E+02   0.00000E+00   0.00000E+00   0.24568E+04   0.35961E+05  -0.72849E-02   0.94138E+02   0.25490E+04
 0.30000E+02   0.00000E+00   0.00000E+00   0.71808E+02   0.00000E+00   0.00000E+00   0.24910E+04   0.35927E+05  -0.12394E-01   0.64664E+02   0.25808E+04
 0.30400E+02   0.00000E+00   0.00000E+00   0.66841E+02   0.00000E+00   0.00000E+00   0.25178E+04   0.35900E+05  -0.16549E-01   0.58853E+02   0.26047E+04
 0.30800E+02   0.00000E+00   0.00000E+00   0.59830E+02   0.00000E+00   0.00000E+00   0.25434E+04   0.35875E+05  -0.22602E-01   0.49479E+02   0.26270E+04
 0.31200E+02   0.00000E+00   0.00000E+00   0.56299E+02   0.00000E+00   0.00000E+00   0.25660E+04   0.35852E+05  -0.36846E-01   0.42421E+02   0.26447E+04
 0.31600E+02   0.00000E+00   0.00000E+00   0.60027E+02   0.00000E+00   0.00000E+00   0.25893E+04   0.35829E+05  -0.36846E-01   0.46187E+02   0.26625E+04
 0.32000E+02   0.00000E+00   0.00000E+00   0.63983E+02   0.00000E+00   0.00000E+00   0.26140E+04   0.35804E+05  -0.38040E-01   0.49056E+02   0.26815E+04
 0.32400E+02   0.00000E+00   0.00000E+00   0.65030E+02   0.00000E+00   0.00000E+00   0.26400E+04   0.35778E+05  -0.38040E-01   0.50185E+02   0.27015E+04
 0.32800E+02   0.00000E+00   0.00000E+00   0.63828E+02   0.00000E+00   0.00000E+00   0.26657E+04   0.35753E+05  -0.39998E-01   0.47899E+02   0.27212E+04
 0.33200E+02   0.00000E+00   0.00000E+00   0.59085E+02   0.00000E+00   0.00000E+00   0.26904E+04   0.35728E+05  -0.39998E-01   0.43210E+02   0.27395E+04
 0.33600E+02   0.00000E+00   0.00000E+00   0.54351E+02   0.00000E+00   0.00000E+00   0.27127E+04   0.35706E+05  -0.41856E-01   0.36721E+02   0.27554E+04
 0.34000E+02   0.00000E+00   0.00000E+00   0.54993E+02   0.00000E+00   0.00000E+00   0.27341E+04   0.35684E+05  -0.51048E-01   0.33586E+02   0.27693E+04
 0.34400E+02   0.00000E+00   0.00000E+00   0.56783E+02   0.00000E+00   0.00000E+00   0.27562E+04   0.35662E+05  -0.51487E-01   0.35256E+02   0.27829E+04
 0.34800E+02   0.00000E+00   0.00000E+00   0.65036E+02   0.00000E+00   0.00000E+00   0.27804E+04   0.35638E+05  -0.52161E-01   0.43383E+02   0.27984E+04
 0.35200E+02   0.00000E+00   0.00000E+00   0.77233E+02   0.00000E+00   0.00000E+00   0.28090E+04   0.35609E+05  -0.52484E-01   0.54765E+02   0.28182E+04
 0.35600E+02   0.00000E+00   0.00000E+00   0.78532E+02   0.00000E+00   0.00000E+00   0.28408E+04   0.35577E+05  -0.52712E-01   0.55315E+02   0.28408E+04
 0.36000E+02   0.00000E+00   0.00000E+00   0.67906E+02   0.00000E+00   0.00000E+00   0.28702E+04   0.35548E+05  -0.53779E-01   0.44635E+02   0.28608E+04
 0.36400E+02   0.00000E+00   0.00000E+00   0.59126E+02   0.00000E+00   0.00000E+00   0.28954E+04   0.35523E+05  -0.54365E-01   0.35578E+02   0.28767E+04
 0.36800E+02   0.00000E+00   0.00000E+00   0.54674E+02   0.00000E+00   0.00000E+00   0.29180E+04   0.35500E+05  -0.54607E-01   0.31039E+02   0.28899E+04
 0.37200E+02   0.00000E+00   0.00000E+00   0.53357E+02   0.00000E+00   0.00000E+00   0.29396E+04   0.35479E+05  -0.54607E-01   0.29853E+02   0.29020E+04
 0.37600E+02   0.00000E+00   0.00000E+00   0.53263E+02   0.00000E+00   0.00000E+00   0.29609E+04   0.35457E+05  -0.55214E-01   0.29430E+02   0.29139E+04
 0.38000E+02   0.00000E+00   0.00000E+00   0.52818E+02   0.00000E+00   0.00000E+00   0.29821E+04   0.35436E+05  -0.56373E-01   0.28872E+02   0.29255E+04
 0.38400E+02   0.00000E+00   0.00000E+00   0.54238E+02   0.00000E+00   0.00000E+00   0.30035E+04   0.35415E+05  -0.57359E-01   0.29918E+02   0.29372E+04
 0.38800E+02   0.00000E+00   0.00000E+00   0.54973E+02   0.00000E+00   0.00000E+00   0.30253E+04   0.35393E+05  -0.58326E-01   0.30254E+02   0.29493E+04
 0.39200E+02   0.00000E+00   0.00000E+00   0.53015E+02   0.00000E+00   0.00000E+00   0.30470E+04   0.35371E+05  -0.58326E-01   0.28425E+02   0.29611E+04
 0.39600E+02   0.00000E+00   0.00000E+00   0.51315E+02   0.00000E+00   0.00000E+00   0.30679E+04   0.35350E+05  -0.59409E-01   0.26330E+02   0.29720E+04
 0.40000E+02   0.00000E+00   0.00000E+00   0.49825E+02   0.00000E+00   0.00000E+00   0.30880E+04   0.35330E+05  -0.59409E-01   0.24701E+02   0.29822E+04
 0.40400E+02   0.00000E+00   0.00000E+00   0.53579E+02   0.00000E+00   0.00000E+00   0.31079E+04   0.35310E+05  -0.59409E-01   0.28611E+02   0.29920E+04
 0.40800E+02   0.00000E+00   0.00000E+00   0.53775E+02   0.00000E+00   0.00000E+00   0.31299E+04   0.35288E+05  -0.59409E-01   0.28791E+02   0.30040E+04
 0.41200E+02   0.00000E+00   0.00000E+00   0.53774E+02   0.00000E+00   0.00000E+00   0.31513E+04   0.35267E+05  -0.59630E-01   0.28042E+02   0.30152E+04
 0.41600E+02   0.00000E+00   0.00000E+00   0.55323E+02   0.00000E+00   0.00000E+00   0.31731E+04   0.35245E+05  -0.59630E-01   0.29710E+02   0.30267E+04
 0.42000E+02   0.00000E+00   0.00000E+00   0.55975E+02   0.00000E+00   0.00000E+00   0.31954E+04   0.35223E+05  -0.62342E-01   0.29663E+02   0.30387E+04
 0.42400E+02   0.00000E+00   0.00000E+00   0.54052E+02   0.00000E+00   0.00000E+00   0.32175E+04   0.35201E+05  -0.62342E-01   0.27576E+02   0.30502E+04
 0.42800E+02   0.00000E+00   0.00000E+00   0.48865E+02   0.00000E+00   0.00000E+00   0.32382E+04   0.35180E+05  -0.62342E-01   0.22514E+02   0.30603E+04
 0.43200E+02   0.00000E+00   0.00000E+00   0.44494E+02   0.00000E+00   0.00000E+00   0.32566E+04   0.35162E+05  -0.62622E-01   0.17795E+02   0.30682E+04
 0.43600E+02   0.00000E+00   0.00000E+00   0.43837E+02   0.00000E+00   0.00000E+00   0.32744E+04   0.35144E+05  -0.62622E-01   0.16944E+02   0.30752E+04
 0.44000E+02   0.00000E+00   0.00000E+00   0.42582E+02   0.00000E+00   0.00000E+00   0.32916E+04   0.35127E+05  -0.63232E-01   0.14930E+02   0.30815E+04
 0.44400E+02   0.00000E+00   0.00000E+00   0.41383E+02   0.00000E+00   0.00000E+00   0.33084E+04   0.35110E+05  -0.63232E-01   0.13559E+02   0.30873E+04
 0.44800E+02   0.00000E+00   0.00000E+00   0.39844E+02   0.00000E+00   0.00000E+00   0.33246E+04   0.35094E+05  -0.63232E-01   0.12193E+02   0.30924E+04
 0.45200E+02   0.00000E+00   0.00000E+00   0.49714E+02   0.00000E+00   0.00000E+00   0.33409E+04   0.35077E+05  -0.64211E-01   0.21370E+02   0.30974E+04
 0.45600E+02   0.00000E+00   0.00000E+00   0.51464E+02   0.00000E+00   0.00000E+00   0.33623E+04   0.35056E+05  -0.66175E-01   0.22886E+02   0.31075E+04
 0.46000E+02   0.00000E+00   0.00000E+00   0.46995E+02   0.00000E+00   0.00000E+00   0.33816E+04   0.35037E+05  -0.66175E-01   0.18167E+02   0.31153E+04
 0.46400E+02   0.00000E+00   0.00000E+00   0.46777E+02   0.00000E+00   0.00000E+00   0.34005E+04   0.35018E+05  -0.67735E-01   0.17483E+02   0.31225E+04
 0.46800E+02   0.00000E+00   0.00000E+00   0.45149E+02   0.00000E+00   0.00000E+00   0.34188E+04   0.35000E+05  -0.67804E-01   0.15045E+02   0.31290E+04
 0.47200E+02   0.00000E+00   0.00000E+00   0.44951E+02   0.00000E+00   0.00000E+00   0.34368E+04   0.34982E+05  -0.69572E-01   0.14554E+02   0.31349E+04
 0.47600E+02   0.00000E+00   0.00000E+00   0.42528E+02   0.00000E+00   0.00000E+00   0.34544E+04   0.34964E+05  -0.69572E-01   0.11314E+02   0.31402E+04
 0.48000E+02   0.00000E+00   0.00000E+00   0.42392E+02   0.00000E+00   0.00000E+00   0.34710E+04   0.34947E+05  -0.71445E-01   0.10386E+02   0.31442E+04
 0.48400E+02   0.00000E+00   0.00000E+00   0.46781E+02   0.00000E+00   0.00000E+00   0.34892E+04   0.34929E+05  -0.73946E-01   0.14069E+02   0.31493E+04
 0.48800E+02   0.00000E+00   0.00000E+00   0.47840E+02   0.00000E+00   0.00000E+00   0.35082E+04   0.34910E+05  -0.75950E-01   0.14599E+02   0.31551E+04
 0.49200E+02   0.00000E+00   0.00000E+00   0.47471E+02   0.00000E+00   0.00000E+00   0.35273E+04   0.34891E+05  -0.77116E-01   0.13113E+02   0.31607E+04
 0.49600E+02   0.00000E+00   0.00000E+00   0.44983E+02   0.00000E+00   0.00000E+00   0.35458E+04   0.34873E+05  -0.79828E-01   0.10401E+02   0.31654E+04
 0.50000E+02   0.00000E+00   0.00000E+00   0.41332E+02   0.00000E+00   0.00000E+00   0.35622E+04   0.34856E+05  -0.80520E-01   0.57535E+01   0.31679E+04
 0.50400E+02   0.00000E+00   0.00000E+00   0.40702E+02   0.00000E+00   0.00000E+00   0.35790E+04   0.34839E+05  -0.80520E-01   0.53099E+01   0.31705E+04
 0.50800E+02   0.00000E+00   0.00000E+00   0.38879E+02   0.00000E+00   0.00000E+00   0.35947E+04   0.34824E+05  -0.80828E-01   0.30053E+01   0.31720E+04
 0.51200E+02   0.00000E+00   0.00000E+00   0.40235E+02   0.00000E+00   0.00000E+00   0.36106E+04   0.34808E+05  -0.80828E-01   0.36733E+01   0.31734E+04
 0.51600E+02   0.00000E+00   0.00000E+00   0.39899E+02   0.00000E+00   0.00000E+00   0.36267E+04   0.34792E+05  -0.81518E-01   0.25006E+01   0.31746E+04
 0.52000E+02   0.00000E+00   0.00000E+00   0.40036E+02   0.00000E+00   0.00000E+00   0.36426E+04   0.34776E+05  -0.83589E-01   0.24613E+01   0.31756E+04
 0.52400E+02   0.00000E+00   0.00000E+00   0.39558E+02   0.00000E+00   0.00000E+00   0.36585E+04   0.34760E+05  -0.83589E-01   0.21476E+01   0.31766E+04
 0.52800E+02   0.00000E+00   0.00000E+00   0.39212E+02   0.00000E+00   0.00000E+00   0.36742E+04   0.34744E+05  -0.84287E-01   0.12677E+01   0.31772E+04
 0.53200E+02   0.00000E+00   0.00000E+00   0.39972E+02   0.00000E+00   0.00000E+00   0.36899E+04   0.34728E+05  -0.84287E-01   0.16224E+01   0.31778E+04
 0.53600E+02   0.00000E+00   0.00000E+00   0.38850E+02   0.00000E+00   0.00000E+00   0.37054E+04   0.34713E+05  -0.84287E-01   0.00000E+00   0.31779E+04
 0.54000E+02   0.00000E+00   0.00000E+00   0.39176E+02   0.00000E+00   0.00000E+00   0.37210E+04   0.34697E+05  -0.84923E-01   0.00000E+00   0.31779E+04
 0.54400E+02   0.00000E+00   0.00000E+00   0.39273E+02   0.00000E+00   0.00000E+00   0.37367E+04   0.34682E+05  -0.84923E-01   0.00000E+00   0.31779E+04
 0.54800E+02   0.00000E+00   0.00000E+00   0.38953E+02   0.00000E+00   0.00000E+00   0.37523E+04   0.34666E+05  -0.84441E-01   0.00000E+00   0.31779E+04
 0.55200E+02   0.00000E+00   0.00000E+00   0.38789E+02   0.00000E+00   0.00000E+00   0.37678E+04   0.34651E+05  -0.84113E-01   0.00000E+00   0.31779E+04
 0.55600E+02   0.00000E+00   0.00000E+00   0.38994E+02   0.00000E+00   0.00000E+00   0.37834E+04   0.34635E+05  -0.82914E-01   0.00000E+00   0.31779E+04
 0.56000E+02   0.00000E+00   0.00000E+00   0.39736E+02   0.00000E+00   0.00000E+00   0.37992E+04   0.34619E+05  -0.79478E-01   0.00000E+00   0.31779E+04
 0.56400E+02   0.00000E+00   0.00000E+00   0.39465E+02   0.00000E+00   0.00000E+00   0.38150E+04   0.34603E+05  -0.78791E-01   0.00000E+00   0.31779E+04
 0.56800E+02   0.00000E+00   0.00000E+00   0.39364E+02   0.00000E+00   0.00000E+00   0.38309E+04   0.34587E+05  -0.76977E-01   0.00000E+00   0.31779E+04
 0.57200E+02   0.00000E+00   0.00000E+00   0.39117E+02   0.00000E+00   0.00000E+00   0.38466E+04   0.34572E+05  -0.73523E-01   0.00000E+00   0.31779E+04
 0.57600E+02   0.00000E+00   0.00000E+00   0.39138E+02   0.00000E+00   0.00000E+00   0.38623E+04   0.34556E+05  -0.71630E-01   0.00000E+00   0.31779E+04
 0.58000E+02   0.00000E+00   0.00000E+00   0.39411E+02   0.00000E+00   0.00000E+00   0.38780E+04   0.34540E+05  -0.70721E-01   0.00000E+00   0.31779E+04
 0.58400E+02   0.00000E+00   0.00000E+00   0.39470E+02   0.00000E+00   0.00000E+00   0.38938E+04   0.34525E+05  -0.68864E-01   0.00000E+00   0.31779E+04
 0.58800E+02   0.00000E+00   0.00000E+00   0.39684E+02   0.00000E+00   0.00000E+00   0.39096E+04   0.34509E+05  -0.68031E-01   0.00000E+00   0.31779E+04
 0.59200E+02   0.00000E+00   0.00000E+00   0.39354E+02   0.00000E+00   0.00000E+00   0.39253E+04   0.34493E+05  -0.67097E-01   0.00000E+00   0.31779E+04
 0.59600E+02   0.00000E+00   0.00000E+00   0.39119E+02   0.00000E+00   0.00000E+00   0.39410E+04   0.34477E+05  -0.19312E-01   0.00000E+00   0.31779E+04
 0.60000E+02   0.00000E+00   0.00000E+00   0.38870E+02   0.00000E+00   0.00000E+00   0.39565E+04   0.34462E+05   0.17063E-01   0.00000E+00   0.31779E+04
