   56  0.40000E+00  0.00000E+00  0.00000E+00  0.00000E+00  0.30000E+02  0.29815E+03  0.00000E+00  0.00000E+00  0.00000E+00  0.00000E+00  0.00000E+00  0.00000E+00  0.00000E+00  0.29815E+03  0.00000E+00  0.00000E+00  0.00000E+00  0.00000E+00  0.00000E+00  0.00000E+00  0.00000E+00  0.00000E+00
   56  0.80000E+00  0.00000E+00  0.00000E+00  0.00000E+00  0.30000E+02  0.29815E+03  0.00000E+00  0.00000E+00  0.00000E+00  0.00000E+00  0.00000E+00  0.00000E+00  0.00000E+00  0.29815E+03  0.00000E+00  0.00000E+00  0.00000E+00  0.00000E+00  0.00000E+00  0.00000E+00  0.00000E+00  0.00000E+00
   56  0.12000E+01  0.00000E+00  0.00000E+00  0.00000E+00  0.30000E+02  0.29815E+03  0.00000E+00  0.00000E+00  0.00000E+00  0.00000E+00  0.00000E+00  0.00000E+00  0.00000E+00  0.29815E+03  0.00000E+00  0.00000E+00  0.00000E+00  0.00000E+00  0.00000E+00  0.00000E+00  0.00000E+00  0.00000E+00
   56  0.16000E+01  0.00000E+00  0.00000E+00  0.00000E+00  0.30000E+02  0.29815E+03  0.00000E+00  0.00000E+00  0.00000E+00  0.00000E+00  0.00000E+00  0.00000E+00  0.00000E+00  0.29815E+03  0.00000E+00  0.00000E+00  0.00000E+00  0.00000E+00  0.00000E+00  0.00000E+00  0.00000E+00  0.00000E+00
   56  0.20000E+01  0.00000E+00  0.00000E+00  0.00000E+00  0.30000E+02  0.29815E+03  0.00000E+00  0.00000E+00  0.00000E+00  0.00000E+00  0.00000E+00  0.00000E+00  0.00000E+00  0.29815E+03  0.00000E+00  0.00000E+00  0.00000E+00  0.00000E+00  0.00000E+00  0.00000E+00  0.00000E+00  0.00000E+00
   56  0.24000E+01  0.00000E+00  0.00000E+00  0.00000E+00  0.30000E+02  0.29815E+03  0.00000E+00  0.00000E+00  0.00000E+00  0.00000E+00  0.00000E+00  0.00000E+00  0.00000E+00  0.29815E+03  0.00000E+00  0.00000E+00  0.00000E+00  0.00000E+00  0.00000E+00  0.00000E+00  0.00000E+00  0.00000E+00
   56  0.28000E+01  0.00000E+00  0.00000E+00  0.00000E+00  0.30000E+02  0.29815E+03  0.00000E+00  0.00000E+00  0.00000E+00  0.00000E+00  0.00000E+00  0.00000E+00  0.00000E+00  0.29815E+03  0.00000E+00  0.00000E+00  0.00000E+00  0.00000E+00  0.00000E+00  0.00000E+00  0.00000E+00  0.00000E+00
   56  0.32000E+01  0.00000E+00  0.00000E+00  0.00000E+00  0.30000E+02  0.29815E+03  0.00000E+00  0.00000E+00  0.00000E+00  0.00000E+00  0.00000E+00  0.00000E+00  0.00000E+00  0.29815E+03  0.00000E+00  0.00000E+00  0.00000E+00  0.00000E+00  0.00000E+00  0.00000E+00  0.00000E+00  0.00000E+00
   56  0.36000E+01  0.00000E+00  0.00000E+00  0.00000E+00  0.30000E+02  0.29815E+03  0.00000E+00  0.00000E+00  0.00000E+00  0.00000E+00  0.00000E+00  0.00000E+00  0.00000E+00  0.29815E+03  0.00000E+00  0.00000E+00  0.00000E+00  0.00000E+00  0.00000E+00  0.00000E+00  0.00000E+00  0.00000E+00
   56  0.40000E+01  0.00000E+00  0.00000E+00  0.00000E+00  0.30000E+02  0.29815E+03  0.00000E+00  0.00000E+00  0.00000E+00  0.00000E+00  0.00000E+00  0.00000E+00  0.00000E+00  0.29815E+03  0.00000E+00  0.00000E+00  0.00000E+00  0.00000E+00  0.00000E+00  0.00000E+00  0.00000E+00  0.00000E+00
   56  0.44000E+01  0.00000E+00  0.00000E+00  0.00000E+00  0.30058E+02  0.29815E+03  0.00000E+00  0.00000E+00  0.00000E+00  0.00000E+00  0.00000E+00  0.00000E+00  0.00000E+00  0.29815E+03  0.00000E+00  0.00000E+00  0.00000E+00  0.00000E+00  0.00000E+00  0.00000E+00  0.00000E+00  0.00000E+00
   56  0.48000E+01  0.00000E+00  0.00000E+00  0.00000E+00  0.31088E+02  0.29815E+03  0.00000E+00  0.00000E+00  0.00000E+00  0.00000E+00  0.00000E+00  0.00000E+00  0.00000E+00  0.29815E+03  0.00000E+00  0.00000E+00  0.00000E+00  0.00000E+00  0.00000E+00  0.00000E+00  0.00000E+00  0.00000E+00
   56  0.52000E+01  0.00000E+00  0.00000E+00  0.00000E+00  0.30426E+02  0.29815E+03  0.00000E+00  0.00000E+00  0.00000E+00  0.00000E+00  0.00000E+00  0.00000E+00  0.00000E+00  0.29815E+03  0.00000E+00  0.00000E+00  0.00000E+00  0.00000E+00  0.00000E+00  0.00000E+00  0.00000E+00  0.00000E+00
   56  0.56000E+01  0.00000E+00  0.00000E+00  0.00000E+00  0.30614E+02  0.29815E+03  0.00000E+00  0.00000E+00  0.00000E+00  0.00000E+00  0.00000E+00  0.00000E+00  0.00000E+00  0.29815E+03  0.00000E+00  0.00000E+00  0.00000E+00  0.00000E+00  0.00000E+00  0.00000E+00  0.00000E+00  0.00000E+00
   56  0.60000E+01  0.00000E+00  0.00000E+00  0.00000E+00  0.30556E+02  0.29815E+03  0.00000E+00  0.00000E+00  0.00000E+00  0.00000E+00  0.00000E+00  0.00000E+00  0.00000E+00  0.29815E+03  0.00000E+00  0.00000E+00  0.00000E+00  0.00000E+00  0.00000E+00  0.00000E+00  0.00000E+00  0.00000E+00
   56  0.64000E+01  0.00000E+00  0.00000E+00  0.00000E+00  0.30637E+02  0.29815E+03  0.00000E+00  0.00000E+00  0.00000E+00  0.00000E+00  0.00000E+00  0.00000E+00  0.00000E+00  0.29815E+03  0.00000E+00  0.00000E+00  0.00000E+00  0.00000E+00  0.00000E+00  0.00000E+00  0.00000E+00  0.00000E+00
   56  0.68000E+01  0.00000E+00  0.00000E+00  0.00000E+00  0.30669E+02  0.29815E+03  0.00000E+00  0.00000E+00  0.00000E+00  0.00000E+00  0.00000E+00  0.00000E+00  0.00000E+00  0.29815E+03  0.00000E+00  0.00000E+00  0.00000E+00  0.00000E+00  0.00000E+00  0.00000E+00  0.00000E+00  0.00000E+00
   56  0.72000E+01  0.00000E+00  0.00000E+00  0.00000E+00  0.30901E+02  0.29815E+03  0.00000E+00  0.00000E+00  0.00000E+00  0.00000E+00  0.00000E+00  0.00000E+00  0.00000E+00  0.29815E+03  0.00000E+00  0.00000E+00  0.00000E+00  0.00000E+00  0.00000E+00  0.00000E+00  0.00000E+00  0.00000E+00
   56  0.76000E+01  0.00000E+00  0.00000E+00  0.00000E+00  0.31008E+02  0.29815E+03  0.00000E+00  0.00000E+00  0.00000E+00  0.00000E+00  0.00000E+00  0.00000E+00  0.00000E+00  0.29815E+03  0.00000E+00  0.00000E+00  0.00000E+00  0.00000E+00  0.00000E+00  0.00000E+00  0.00000E+00  0.00000E+00
   56  0.80000E+01  0.00000E+00  0.00000E+00  0.00000E+00  0.31316E+02  0.29815E+03  0.00000E+00  0.00000E+00  0.00000E+00  0.00000E+00  0.00000E+00  0.00000E+00  0.00000E+00  0.29815E+03  0.00000E+00  0.00000E+00  0.00000E+00  0.00000E+00  0.00000E+00  0.00000E+00  0.00000E+00  0.00000E+00
   56  0.84000E+01  0.00000E+00  0.00000E+00  0.00000E+00  0.31514E+02  0.29815E+03  0.00000E+00  0.00000E+00  0.00000E+00  0.00000E+00  0.00000E+00  0.00000E+00  0.00000E+00  0.29815E+03  0.00000E+00  0.00000E+00  0.00000E+00  0.00000E+00  0.00000E+00  0.00000E+00  0.00000E+00  0.00000E+00
   56  0.88000E+01  0.00000E+00  0.00000E+00  0.00000E+00  0.31300E+02  0.29815E+03  0.00000E+00  0.00000E+00  0.00000E+00  0.00000E+00  0.00000E+00  0.00000E+00  0.00000E+00  0.29815E+03  0.00000E+00  0.00000E+00  0.00000E+00  0.00000E+00  0.00000E+00  0.00000E+00  0.00000E+00  0.00000E+00
   56  0.92000E+01  0.00000E+00  0.00000E+00  0.00000E+00  0.31262E+02  0.29815E+03  0.00000E+00  0.00000E+00  0.00000E+00  0.00000E+00  0.00000E+00  0.00000E+00  0.00000E+00  0.29815E+03  0.00000E+00  0.00000E+00  0.00000E+00  0.00000E+00  0.00000E+00  0.00000E+00  0.00000E+00  0.00000E+00
   56  0.96000E+01  0.00000E+00  0.00000E+00  0.00000E+00  0.31734E+02  0.29815E+03  0.00000E+00  0.00000E+00  0.00000E+00  0.00000E+00  0.00000E+00  0.00000E+00  0.00000E+00  0.29815E+03  0.00000E+00  0.00000E+00  0.00000E+00  0.00000E+00  0.00000E+00  0.00000E+00  0.00000E+00  0.00000E+00
   56  0.10000E+02  0.00000E+00  0.00000E+00  0.00000E+00  0.32656E+02  0.29815E+03  0.00000E+00  0.00000E+00  0.00000E+00  0.00000E+00  0.00000E+00  0.00000E+00  0.00000E+00  0.29815E+03  0.00000E+00  0.00000E+00  0.00000E+00  0.00000E+00  0.00000E+00  0.00000E+00  0.00000E+00  0.00000E+00
   56  0.10400E+02  0.00000E+00  0.00000E+00  0.00000E+00  0.31892E+02  0.29815E+03  0.00000E+00  0.00000E+00  0.00000E+00  0.00000E+00  0.00000E+00  0.00000E+00  0.00000E+00  0.29815E+03  0.00000E+00  0.00000E+00  0.00000E+00  0.00000E+00  0.00000E+00  0.00000E+00  0.00000E+00  0.00000E+00
   56  0.10800E+02  0.00000E+00  0.00000E+00  0.00000E+00  0.32253E+02  0.29815E+03  0.00000E+00  0.00000E+00  0.00000E+00  0.00000E+00  0.00000E+00  0.00000E+00  0.00000E+00  0.29815E+03  0.00000E+00  0.00000E+00  0.00000E+00  0.00000E+00  0.00000E+00  0.00000E+00  0.00000E+00  0.00000E+00
   56  0.11200E+02  0.00000E+00  0.00000E+00  0.00000E+00  0.32308E+02  0.29815E+03  0.00000E+00  0.00000E+00  0.00000E+00  0.00000E+00  0.00000E+00  0.00000E+00  0.00000E+00  0.29815E+03  0.00000E+00  0.00000E+00  0.00000E+00  0.00000E+00  0.00000E+00  0.00000E+00  0.00000E+00  0.00000E+00
   56  0.11600E+02  0.00000E+00  0.00000E+00  0.00000E+00  0.32553E+02  0.29815E+03  0.00000E+00  0.00000E+00  0.00000E+00  0.00000E+00  0.00000E+00  0.00000E+00  0.00000E+00  0.29815E+03  0.00000E+00  0.00000E+00  0.00000E+00  0.00000E+00  0.00000E+00  0.00000E+00  0.00000E+00  0.00000E+00
   56  0.12000E+02  0.00000E+00  0.00000E+00  0.00000E+00  0.32708E+02  0.29815E+03  0.00000E+00  0.00000E+00  0.00000E+00  0.00000E+00  0.00000E+00  0.00000E+00  0.00000E+00  0.29815E+03  0.00000E+00  0.00000E+00  0.00000E+00  0.00000E+00  0.00000E+00  0.00000E+00  0.00000E+00  0.00000E+00
   56  0.12400E+02  0.00000E+00  0.00000E+00  0.00000E+00  0.32655E+02  0.29815E+03  0.00000E+00  0.00000E+00  0.00000E+00  0.00000E+00  0.00000E+00  0.00000E+00  0.00000E+00  0.29815E+03  0.00000E+00  0.00000E+00  0.00000E+00  0.00000E+00  0.00000E+00  0.00000E+00  0.00000E+00  0.00000E+00
   56  0.12800E+02  0.00000E+00  0.00000E+00  0.00000E+00  0.32722E+02  0.29815E+03  0.00000E+00  0.00000E+00  0.00000E+00  0.00000E+00  0.00000E+00  0.00000E+00  0.00000E+00  0.29815E+03  0.00000E+00  0.00000E+00  0.00000E+00  0.00000E+00  0.00000E+00  0.00000E+00  0.00000E+00  0.00000E+00
   56  0.13200E+02  0.00000E+00  0.00000E+00  0.00000E+00  0.33250E+02  0.29815E+03  0.00000E+00  0.00000E+00  0.00000E+00  0.00000E+00  0.00000E+00  0.00000E+00  0.00000E+00  0.29815E+03  0.00000E+00  0.00000E+00  0.00000E+00  0.00000E+00  0.00000E+00  0.00000E+00  0.00000E+00  0.00000E+00
   56  0.13600E+02  0.00000E+00  0.00000E+00  0.00000E+00  0.33460E+02  0.29815E+03  0.00000E+00  0.00000E+00  0.00000E+00  0.00000E+00  0.00000E+00  0.00000E+00  0.00000E+00  0.29815E+03  0.00000E+00  0.00000E+00  0.00000E+00  0.00000E+00  0.00000E+00  0.00000E+00  0.00000E+00  0.00000E+00
   56  0.14000E+02  0.00000E+00  0.00000E+00  0.00000E+00  0.33337E+02  0.29815E+03  0.00000E+00  0.00000E+00  0.00000E+00  0.00000E+00  0.00000E+00  0.00000E+00  0.00000E+00  0.29815E+03  0.00000E+00  0.00000E+00  0.00000E+00  0.00000E+00  0.00000E+00  0.00000E+00  0.00000E+00  0.00000E+00
   56  0.14400E+02  0.00000E+00  0.00000E+00  0.00000E+00  0.34401E+02  0.29815E+03  0.00000E+00  0.00000E+00  0.00000E+00  0.00000E+00  0.00000E+00  0.00000E+00  0.00000E+00  0.29815E+03  0.00000E+00  0.00000E+00  0.00000E+00  0.00000E+00  0.00000E+00  0.00000E+00  0.00000E+00  0.00000E+00
   56  0.14800E+02  0.00000E+00  0.00000E+00  0.00000E+00  0.33689E+02  0.29815E+03  0.00000E+00  0.00000E+00  0.00000E+00  0.00000E+00  0.00000E+00  0.00000E+00  0.00000E+00  0.29815E+03  0.00000E+00  0.00000E+00  0.00000E+00  0.00000E+00  0.00000E+00  0.00000E+00  0.00000E+00  0.00000E+00
   56  0.15200E+02  0.00000E+00  0.00000E+00  0.00000E+00  0.33551E+02  0.29815E+03  0.00000E+00  0.00000E+00  0.00000E+00  0.00000E+00  0.00000E+00  0.00000E+00  0.00000E+00  0.29815E+03  0.00000E+00  0.00000E+00  0.00000E+00  0.00000E+00  0.00000E+00  0.00000E+00  0.00000E+00  0.00000E+00
   56  0.15600E+02  0.00000E+00  0.00000E+00  0.00000E+00  0.34026E+02  0.29815E+03  0.00000E+00  0.00000E+00  0.00000E+00  0.00000E+00  0.00000E+00  0.00000E+00  0.00000E+00  0.29815E+03  0.00000E+00  0.00000E+00  0.00000E+00  0.00000E+00  0.00000E+00  0.00000E+00  0.00000E+00  0.00000E+00
   56  0.16000E+02  0.00000E+00  0.00000E+00  0.00000E+00  0.34143E+02  0.29815E+03  0.00000E+00  0.00000E+00  0.00000E+00  0.00000E+00  0.00000E+00  0.00000E+00  0.00000E+00  0.29815E+03  0.00000E+00  0.00000E+00  0.00000E+00  0.00000E+00  0.00000E+00  0.00000E+00  0.00000E+00  0.00000E+00
   56  0.16400E+02  0.00000E+00  0.00000E+00  0.00000E+00  0.34371E+02  0.29815E+03  0.00000E+00  0.00000E+00  0.00000E+00  0.00000E+00  0.00000E+00  0.00000E+00  0.00000E+00  0.29815E+03  0.00000E+00  0.00000E+00  0.00000E+00  0.00000E+00  0.00000E+00  0.00000E+00  0.00000E+00  0.00000E+00
   56  0.16800E+02  0.00000E+00  0.00000E+00  0.00000E+00  0.34733E+02  0.29815E+03  0.00000E+00  0.00000E+00  0.00000E+00  0.00000E+00  0.00000E+00  0.00000E+00  0.00000E+00  0.29815E+03  0.00000E+00  0.00000E+00  0.00000E+00  0.00000E+00  0.00000E+00  0.00000E+00  0.00000E+00  0.00000E+00
   56  0.17200E+02  0.00000E+00  0.00000E+00  0.00000E+00  0.34977E+02  0.29815E+03  0.00000E+00  0.00000E+00  0.00000E+00  0.00000E+00  0.00000E+00  0.00000E+00  0.00000E+00  0.29815E+03  0.00000E+00  0.00000E+00  0.00000E+00  0.00000E+00  0.00000E+00  0.00000E+00  0.00000E+00  0.00000E+00
   56  0.17600E+02  0.00000E+00  0.00000E+00  0.00000E+00  0.34735E+02  0.29815E+03  0.00000E+00  0.00000E+00  0.00000E+00  0.00000E+00  0.00000E+00  0.00000E+00  0.00000E+00  0.29815E+03  0.00000E+00  0.00000E+00  0.00000E+00  0.00000E+00  0.00000E+00  0.00000E+00  0.00000E+00  0.00000E+00
   56  0.18000E+02  0.00000E+00  0.00000E+00  0.00000E+00  0.34775E+02  0.29815E+03  0.00000E+00  0.00000E+00  0.00000E+00  0.00000E+00  0.00000E+00  0.00000E+00  0.00000E+00  0.29815E+03  0.00000E+00  0.00000E+00  0.00000E+00  0.00000E+00  0.00000E+00  0.00000E+00  0.00000E+00  0.00000E+00
   56  0.18400E+02  0.00000E+00  0.00000E+00  0.00000E+00  0.35470E+02  0.29815E+03  0.00000E+00  0.00000E+00  0.00000E+00  0.00000E+00  0.00000E+00  0.00000E+00  0.00000E+00  0.29815E+03  0.00000E+00  0.00000E+00  0.00000E+00  0.00000E+00  0.00000E+00  0.00000E+00  0.00000E+00  0.00000E+00
   56  0.18800E+02  0.00000E+00  0.00000E+00  0.00000E+00  0.36532E+02  0.29815E+03  0.00000E+00  0.00000E+00  0.00000E+00  0.00000E+00  0.00000E+00  0.00000E+00  0.00000E+00  0.29815E+03  0.00000E+00  0.00000E+00  0.00000E+00  0.00000E+00  0.00000E+00  0.00000E+00  0.00000E+00  0.00000E+00
   56  0.19200E+02  0.00000E+00  0.00000E+00  0.00000E+00  0.35648E+02  0.29815E+03  0.00000E+00  0.00000E+00  0.00000E+00  0.00000E+00  0.00000E+00  0.00000E+00  0.00000E+00  0.29815E+03  0.00000E+00  0.00000E+00  0.00000E+00  0.00000E+00  0.00000E+00  0.00000E+00  0.00000E+00  0.00000E+00
   56  0.19600E+02  0.00000E+00  0.00000E+00  0.00000E+00  0.35234E+02  0.29815E+03  0.00000E+00  0.00000E+00  0.00000E+00  0.00000E+00  0.00000E+00  0.00000E+00  0.00000E+00  0.29815E+03  0.00000E+00  0.00000E+00  0.00000E+00  0.00000E+00  0.00000E+00  0.00000E+00  0.00000E+00  0.00000E+00
   56  0.20000E+02  0.00000E+00  0.00000E+00  0.00000E+00  0.35887E+02  0.29815E+03  0.00000E+00  0.00000E+00  0.00000E+00  0.00000E+00  0.00000E+00  0.00000E+00  0.00000E+00  0.29815E+03  0.00000E+00  0.00000E+00  0.00000E+00  0.00000E+00  0.00000E+00  0.00000E+00  0.00000E+00  0.00000E+00
   56  0.20400E+02  0.00000E+00  0.00000E+00  0.00000E+00  0.36166E+02  0.29815E+03  0.00000E+00  0.00000E+00  0.00000E+00  0.00000E+00  0.00000E+00  0.00000E+00  0.00000E+00  0.29815E+03  0.00000E+00  0.00000E+00  0.00000E+00  0.00000E+00  0.00000E+00  0.00000E+00  0.00000E+00  0.00000E+00
   56  0.20800E+02  0.00000E+00  0.00000E+00  0.00000E+00  0.36726E+02  0.29815E+03  0.00000E+00  0.00000E+00  0.00000E+00  0.00000E+00  0.00000E+00  0.00000E+00  0.00000E+00  0.29815E+03  0.00000E+00  0.00000E+00  0.00000E+00  0.00000E+00  0.00000E+00  0.00000E+00  0.00000E+00  0.00000E+00
   56  0.21200E+02  0.00000E+00  0.00000E+00  0.00000E+00  0.37027E+02  0.29815E+03  0.00000E+00  0.00000E+00  0.00000E+00  0.00000E+00  0.00000E+00  0.00000E+00  0.00000E+00  0.29815E+03  0.00000E+00  0.00000E+00  0.00000E+00  0.00000E+00  0.00000E+00  0.00000E+00  0.00000E+00  0.00000E+00
   56  0.21600E+02  0.00000E+00  0.00000E+00  0.00000E+00  0.36987E+02  0.29815E+03  0.00000E+00  0.00000E+00  0.00000E+00  0.00000E+00  0.00000E+00  0.00000E+00  0.00000E+00  0.29815E+03  0.00000E+00  0.00000E+00  0.00000E+00  0.00000E+00  0.00000E+00  0.00000E+00  0.00000E+00  0.00000E+00
   56  0.22000E+02  0.00000E+00  0.00000E+00  0.00000E+00  0.36768E+02  0.29815E+03  0.00000E+00  0.00000E+00  0.00000E+00  0.00000E+00  0.00000E+00  0.00000E+00  0.00000E+00  0.29815E+03  0.00000E+00  0.00000E+00  0.00000E+00  0.00000E+00  0.00000E+00  0.00000E+00  0.00000E+00  0.00000E+00
   56  0.22400E+02  0.00000E+00  0.00000E+00  0.00000E+00  0.36562E+02  0.29815E+03  0.00000E+00  0.00000E+00  0.00000E+00  0.00000E+00  0.00000E+00  0.00000E+00  0.00000E+00  0.29815E+03  0.00000E+00  0.00000E+00  0.00000E+00  0.00000E+00  0.00000E+00  0.00000E+00  0.00000E+00  0.00000E+00
   56  0.22800E+02  0.00000E+00  0.00000E+00  0.00000E+00  0.36740E+02  0.29815E+03  0.00000E+00  0.00000E+00  0.00000E+00  0.00000E+00  0.00000E+00  0.00000E+00  0.00000E+00  0.29815E+03  0.00000E+00  0.00000E+00  0.00000E+00  0.00000E+00  0.00000E+00  0.00000E+00  0.00000E+00  0.00000E+00
   56  0.23200E+02  0.00000E+00  0.00000E+00  0.00000E+00  0.37397E+02  0.29815E+03  0.00000E+00  0.00000E+00  0.00000E+00  0.00000E+00  0.00000E+00  0.00000E+00  0.00000E+00  0.29815E+03  0.00000E+00  0.00000E+00  0.00000E+00  0.00000E+00  0.00000E+00  0.00000E+00  0.00000E+00  0.00000E+00
   56  0.23600E+02  0.00000E+00  0.00000E+00  0.00000E+00  0.37480E+02  0.29815E+03  0.00000E+00  0.00000E+00  0.00000E+00  0.00000E+00  0.00000E+00  0.00000E+00  0.00000E+00  0.29815E+03  0.00000E+00  0.00000E+00  0.00000E+00  0.00000E+00  0.00000E+00  0.00000E+00  0.00000E+00  0.00000E+00
   56  0.24000E+02  0.00000E+00  0.00000E+00  0.00000E+00  0.37320E+02  0.29815E+03  0.00000E+00  0.00000E+00  0.00000E+00  0.00000E+00  0.00000E+00  0.00000E+00  0.00000E+00  0.29815E+03  0.00000E+00  0.00000E+00  0.00000E+00  0.00000E+00  0.00000E+00  0.00000E+00  0.00000E+00  0.00000E+00
   56  0.24400E+02  0.00000E+00  0.00000E+00  0.00000E+00  0.36425E+02  0.29815E+03  0.00000E+00  0.00000E+00  0.00000E+00  0.00000E+00  0.00000E+00  0.00000E+00  0.00000E+00  0.29815E+03  0.00000E+00  0.00000E+00  0.00000E+00  0.00000E+00  0.00000E+00  0.00000E+00  0.00000E+00  0.00000E+00
   56  0.24800E+02  0.00000E+00  0.00000E+00  0.00000E+00  0.35436E+02  0.29815E+03  0.00000E+00  0.00000E+00  0.00000E+00  0.00000E+00  0.00000E+00  0.00000E+00  0.00000E+00  0.29815E+03  0.00000E+00  0.00000E+00  0.00000E+00  0.00000E+00  0.00000E+00  0.00000E+00  0.00000E+00  0.00000E+00
   56  0.25200E+02  0.00000E+00  0.00000E+00  0.00000E+00  0.34791E+02  0.29815E+03  0.00000E+00  0.00000E+00  0.00000E+00  0.00000E+00  0.00000E+00  0.00000E+00  0.00000E+00  0.29815E+03  0.00000E+00  0.00000E+00  0.00000E+00  0.00000E+00  0.00000E+00  0.00000E+00  0.00000E+00  0.00000E+00
   56  0.25600E+02  0.00000E+00  0.00000E+00  0.00000E+00  0.34333E+02  0.29815E+03  0.00000E+00  0.00000E+00  0.00000E+00  0.00000E+00  0.00000E+00  0.00000E+00  0.00000E+00  0.29815E+03  0.00000E+00  0.00000E+00  0.00000E+00  0.00000E+00  0.00000E+00  0.00000E+00  0.00000E+00  0.00000E+00
   56  0.26000E+02  0.00000E+00  0.00000E+00  0.00000E+00  0.34042E+02  0.29815E+03  0.00000E+00  0.00000E+00  0.00000E+00  0.00000E+00  0.00000E+00  0.00000E+00  0.00000E+00  0.29815E+03  0.00000E+00  0.00000E+00  0.00000E+00  0.00000E+00  0.00000E+00  0.00000E+00  0.00000E+00  0.00000E+00
   56  0.26400E+02  0.00000E+00  0.00000E+00  0.00000E+00  0.33742E+02  0.29815E+03  0.00000E+00  0.00000E+00  0.00000E+00  0.00000E+00  0.00000E+00  0.00000E+00  0.00000E+00  0.29815E+03  0.00000E+00  0.00000E+00  0.00000E+00  0.00000E+00  0.00000E+00  0.00000E+00  0.00000E+00  0.00000E+00
   56  0.26800E+02  0.00000E+00  0.00000E+00  0.00000E+00  0.33150E+02  0.29815E+03  0.00000E+00  0.00000E+00  0.00000E+00  0.00000E+00  0.00000E+00  0.00000E+00  0.00000E+00  0.29815E+03  0.00000E+00  0.00000E+00  0.00000E+00  0.00000E+00  0.00000E+00  0.00000E+00  0.00000E+00  0.00000E+00
   56  0.27200E+02  0.00000E+00  0.00000E+00  0.00000E+00  0.32672E+02  0.29815E+03  0.00000E+00  0.00000E+00  0.00000E+00  0.00000E+00  0.00000E+00  0.00000E+00  0.00000E+00  0.29815E+03  0.00000E+00  0.00000E+00  0.00000E+00  0.00000E+00  0.00000E+00  0.00000E+00  0.00000E+00  0.00000E+00
   56  0.27600E+02  0.00000E+00  0.00000E+00  0.00000E+00  0.32324E+02  0.29815E+03  0.00000E+00  0.00000E+00  0.00000E+00  0.00000E+00  0.00000E+00  0.00000E+00  0.00000E+00  0.29815E+03  0.00000E+00  0.00000E+00  0.00000E+00  0.00000E+00  0.00000E+00  0.00000E+00  0.00000E+00  0.00000E+00
   56  0.28000E+02  0.00000E+00  0.00000E+00  0.00000E+00  0.32137E+02  0.29815E+03  0.00000E+00  0.00000E+00  0.00000E+00  0.00000E+00  0.00000E+00  0.00000E+00  0.00000E+00  0.29815E+03  0.00000E+00  0.00000E+00  0.00000E+00  0.00000E+00  0.00000E+00  0.00000E+00  0.00000E+00  0.00000E+00
   56  0.28400E+02  0.00000E+00  0.00000E+00  0.00000E+00  0.32116E+02  0.29815E+03  0.00000E+00  0.00000E+00  0.00000E+00  0.00000E+00  0.00000E+00  0.00000E+00  0.00000E+00  0.29815E+03  0.00000E+00  0.00000E+00  0.00000E+00  0.00000E+00  0.00000E+00  0.00000E+00  0.00000E+00  0.00000E+00
   56  0.28800E+02  0.00000E+00  0.00000E+00  0.00000E+00  0.33284E+02  0.29815E+03  0.00000E+00  0.00000E+00  0.00000E+00  0.00000E+00  0.00000E+00  0.00000E+00  0.00000E+00  0.29815E+03  0.00000E+00  0.00000E+00  0.00000E+00  0.00000E+00  0.00000E+00  0.00000E+00  0.00000E+00  0.00000E+00
   56  0.29200E+02  0.00000E+00  0.00000E+00  0.00000E+00  0.34492E+02  0.29815E+03  0.00000E+00  0.00000E+00  0.00000E+00  0.00000E+00  0.00000E+00  0.00000E+00  0.00000E+00  0.29815E+03  0.00000E+00  0.00000E+00  0.00000E+00  0.00000E+00  0.00000E+00  0.00000E+00  0.00000E+00  0.00000E+00
   56  0.29600E+02  0.00000E+00  0.00000E+00  0.00000E+00  0.34925E+02  0.29815E+03  0.00000E+00  0.00000E+00  0.00000E+00  0.00000E+00  0.00000E+00  0.00000E+00  0.00000E+00  0.29815E+03  0.00000E+00  0.00000E+00  0.00000E+00  0.00000E+00  0.00000E+00  0.00000E+00  0.00000E+00  0.00000E+00
   56  0.30000E+02  0.00000E+00  0.00000E+00  0.00000E+00  0.34931E+02  0.29815E+03  0.00000E+00  0.00000E+00  0.00000E+00  0.00000E+00  0.00000E+00  0.00000E+00  0.00000E+00  0.29815E+03  0.00000E+00  0.00000E+00  0.00000E+00  0.00000E+00  0.00000E+00  0.00000E+00  0.00000E+00  0.00000E+00
   56  0.30400E+02  0.00000E+00  0.00000E+00  0.00000E+00  0.35101E+02  0.29815E+03  0.00000E+00  0.00000E+00  0.00000E+00  0.00000E+00  0.00000E+00  0.00000E+00  0.00000E+00  0.29815E+03  0.00000E+00  0.00000E+00  0.00000E+00  0.00000E+00  0.00000E+00  0.00000E+00  0.00000E+00  0.00000E+00
   56  0.30800E+02  0.00000E+00  0.00000E+00  0.00000E+00  0.35317E+02  0.29815E+03  0.00000E+00  0.00000E+00  0.00000E+00  0.00000E+00  0.00000E+00  0.00000E+00  0.00000E+00  0.29815E+03  0.00000E+00  0.00000E+00  0.00000E+00  0.00000E+00  0.00000E+00  0.00000E+00  0.00000E+00  0.00000E+00
   56  0.31200E+02  0.00000E+00  0.00000E+00  0.00000E+00  0.35412E+02  0.29815E+03  0.00000E+00  0.00000E+00  0.00000E+00  0.00000E+00  0.00000E+00  0.00000E+00  0.00000E+00  0.29815E+03  0.00000E+00  0.00000E+00  0.00000E+00  0.00000E+00  0.00000E+00  0.00000E+00  0.00000E+00  0.00000E+00
   56  0.31600E+02  0.00000E+00  0.00000E+00  0.00000E+00  0.35619E+02  0.29815E+03  0.00000E+00  0.00000E+00  0.00000E+00  0.00000E+00  0.00000E+00  0.00000E+00  0.00000E+00  0.29815E+03  0.00000E+00  0.00000E+00  0.00000E+00  0.00000E+00  0.00000E+00  0.00000E+00  0.00000E+00  0.00000E+00
   56  0.32000E+02  0.00000E+00  0.00000E+00  0.00000E+00  0.35911E+02  0.29815E+03  0.00000E+00  0.00000E+00  0.00000E+00  0.00000E+00  0.00000E+00  0.00000E+00  0.00000E+00  0.29815E+03  0.00000E+00  0.00000E+00  0.00000E+00  0.00000E+00  0.00000E+00  0.00000E+00  0.00000E+00  0.00000E+00
   56  0.32400E+02  0.00000E+00  0.00000E+00  0.00000E+00  0.36181E+02  0.29815E+03  0.00000E+00  0.00000E+00  0.00000E+00  0.00000E+00  0.00000E+00  0.00000E+00  0.00000E+00  0.29815E+03  0.00000E+00  0.00000E+00  0.00000E+00  0.00000E+00  0.00000E+00  0.00000E+00  0.00000E+00  0.00000E+00
   56  0.32800E+02  0.00000E+00  0.00000E+00  0.00000E+00  0.36544E+02  0.29815E+03  0.00000E+00  0.00000E+00  0.00000E+00  0.00000E+00  0.00000E+00  0.00000E+00  0.00000E+00  0.29815E+03  0.00000E+00  0.00000E+00  0.00000E+00  0.00000E+00  0.00000E+00  0.00000E+00  0.00000E+00  0.00000E+00
   56  0.33200E+02  0.00000E+00  0.00000E+00  0.00000E+00  0.37132E+02  0.29815E+03  0.00000E+00  0.00000E+00  0.00000E+00  0.00000E+00  0.00000E+00  0.00000E+00  0.00000E+00  0.29815E+03  0.00000E+00  0.00000E+00  0.00000E+00  0.00000E+00  0.00000E+00  0.00000E+00  0.00000E+00  0.00000E+00
   56  0.33600E+02  0.00000E+00  0.00000E+00  0.00000E+00  0.37950E+02  0.29815E+03  0.00000E+00  0.00000E+00  0.00000E+00  0.00000E+00  0.00000E+00  0.00000E+00  0.00000E+00  0.29815E+03  0.00000E+00  0.00000E+00  0.00000E+00  0.00000E+00  0.00000E+00  0.00000E+00  0.00000E+00  0.00000E+00
   56  0.34000E+02  0.00000E+00  0.00000E+00  0.00000E+00  0.38906E+02  0.29815E+03  0.00000E+00  0.00000E+00  0.00000E+00  0.00000E+00  0.00000E+00  0.00000E+00  0.00000E+00  0.29815E+03  0.00000E+00  0.00000E+00  0.00000E+00  0.00000E+00  0.00000E+00  0.00000E+00  0.00000E+00  0.00000E+00
   56  0.34400E+02  0.00000E+00  0.00000E+00  0.00000E+00  0.39553E+02  0.29815E+03  0.00000E+00  0.00000E+00  0.00000E+00  0.00000E+00  0.00000E+00  0.00000E+00  0.00000E+00  0.29815E+03  0.00000E+00  0.00000E+00  0.00000E+00  0.00000E+00  0.00000E+00  0.00000E+00  0.00000E+00  0.00000E+00
   56  0.34800E+02  0.00000E+00  0.00000E+00  0.00000E+00  0.39701E+02  0.29815E+03  0.00000E+00  0.00000E+00  0.00000E+00  0.00000E+00  0.00000E+00  0.00000E+00  0.00000E+00  0.29815E+03  0.00000E+00  0.00000E+00  0.00000E+00  0.00000E+00  0.00000E+00  0.00000E+00  0.00000E+00  0.00000E+00
   56  0.35200E+02  0.00000E+00  0.00000E+00  0.00000E+00  0.39990E+02  0.29815E+03  0.00000E+00  0.00000E+00  0.00000E+00  0.00000E+00  0.00000E+00  0.00000E+00  0.00000E+00  0.29815E+03  0.00000E+00  0.00000E+00  0.00000E+00  0.00000E+00  0.00000E+00  0.00000E+00  0.00000E+00  0.00000E+00
   56  0.35600E+02  0.00000E+00  0.00000E+00  0.00000E+00  0.40481E+02  0.29815E+03  0.00000E+00  0.00000E+00  0.00000E+00  0.00000E+00  0.00000E+00  0.00000E+00  0.00000E+00  0.29815E+03  0.00000E+00  0.00000E+00  0.00000E+00  0.00000E+00  0.00000E+00  0.00000E+00  0.00000E+00  0.00000E+00
   56  0.36000E+02  0.00000E+00  0.00000E+00  0.00000E+00  0.41134E+02  0.29815E+03  0.00000E+00  0.00000E+00  0.00000E+00  0.00000E+00  0.00000E+00  0.00000E+00  0.00000E+00  0.29815E+03  0.00000E+00  0.00000E+00  0.00000E+00  0.00000E+00  0.00000E+00  0.00000E+00  0.00000E+00  0.00000E+00
   56  0.36400E+02  0.00000E+00  0.00000E+00  0.00000E+00  0.41944E+02  0.29815E+03  0.00000E+00  0.00000E+00  0.00000E+00  0.00000E+00  0.00000E+00  0.00000E+00  0.00000E+00  0.29815E+03  0.00000E+00  0.00000E+00  0.00000E+00  0.00000E+00  0.00000E+00  0.00000E+00  0.00000E+00  0.00000E+00
   56  0.36800E+02  0.00000E+00  0.00000E+00  0.12017E+00  0.42790E+02  0.29815E+03  0.37661E-01  0.82507E-01  0.12017E+00  0.12017E+00  0.12017E+00  0.00000E+00  0.00000E+00  0.29815E+03  0.35523E+01  0.00000E+00  0.00000E+00  0.00000E+00  0.00000E+00  0.00000E+00  0.00000E+00  0.00000E+00
   56  0.37200E+02  0.00000E+00  0.00000E+00  0.58633E+01  0.43966E+02  0.22369E+04  0.18376E+01  0.40257E+01  0.58633E+01  0.58633E+01  0.58633E+01  0.00000E+00  0.00000E+00  0.39127E+03  0.20590E+02  0.11393E+04  0.38060E+03  0.00000E+00  0.00000E+00  0.00000E+00  0.64453E+03  0.68660E+00
   56  0.37600E+02  0.00000E+00  0.00000E+00  0.13738E+02  0.43819E+02  0.22406E+04  0.43057E+01  0.94327E+01  0.13738E+02  0.13738E+02  0.13738E+02  0.00000E+00  0.00000E+00  0.40245E+03  0.20107E+02  0.11428E+04  0.15895E+03  0.00000E+00  0.00000E+00  0.00000E+00  0.64194E+03  0.68659E+00
   56  0.38000E+02  0.00000E+00  0.00000E+00  0.17298E+02  0.44415E+02  0.22443E+04  0.54213E+01  0.11877E+02  0.17298E+02  0.17298E+02  0.17298E+02  0.00000E+00  0.00000E+00  0.40877E+03  0.23489E+02  0.11460E+04  0.12581E+03  0.00000E+00  0.00000E+00  0.00000E+00  0.63938E+03  0.68659E+00
   56  0.38400E+02  0.00000E+00  0.00000E+00  0.20547E+02  0.44839E+02  0.22480E+04  0.64397E+01  0.14107E+02  0.20547E+02  0.20547E+02  0.20547E+02  0.00000E+00  0.00000E+00  0.41359E+03  0.23930E+02  0.11492E+04  0.10574E+03  0.00000E+00  0.00000E+00  0.00000E+00  0.63681E+03  0.68658E+00
   56  0.38800E+02  0.00000E+00  0.00000E+00  0.23003E+02  0.45527E+02  0.22500E+04  0.72096E+01  0.15793E+02  0.23003E+02  0.23003E+02  0.23003E+02  0.00000E+00  0.00000E+00  0.41501E+03  0.25067E+02  0.11494E+04  0.94417E+02  0.00000E+00  0.00000E+00  0.00000E+00  0.62245E+03  0.68523E+00
   56  0.39200E+02  0.00000E+00  0.00000E+00  0.25178E+02  0.46561E+02  0.22513E+04  0.78917E+01  0.17286E+02  0.25178E+02  0.25178E+02  0.25178E+02  0.00000E+00  0.00000E+00  0.41595E+03  0.25762E+02  0.11482E+04  0.86267E+02  0.00000E+00  0.00000E+00  0.00000E+00  0.60418E+03  0.68338E+00
   56  0.39600E+02  0.00000E+00  0.00000E+00  0.27060E+02  0.46879E+02  0.22525E+04  0.84820E+01  0.18578E+02  0.27060E+02  0.27060E+02  0.27060E+02  0.00000E+00  0.00000E+00  0.41678E+03  0.26239E+02  0.11494E+04  0.80263E+02  0.00000E+00  0.00000E+00  0.00000E+00  0.58791E+03  0.68169E+00
   56  0.40000E+02  0.00000E+00  0.00000E+00  0.28704E+02  0.47929E+02  0.22536E+04  0.89974E+01  0.19706E+02  0.28704E+02  0.28704E+02  0.28704E+02  0.00000E+00  0.00000E+00  0.41753E+03  0.26801E+02  0.11513E+04  0.75681E+02  0.00000E+00  0.00000E+00  0.00000E+00  0.57344E+03  0.68015E+00
   56  0.40400E+02  0.00000E+00  0.00000E+00  0.30256E+02  0.48535E+02  0.22546E+04  0.94844E+01  0.20772E+02  0.30256E+02  0.30256E+02  0.30256E+02  0.00000E+00  0.00000E+00  0.41822E+03  0.27097E+02  0.11530E+04  0.71802E+02  0.00000E+00  0.00000E+00  0.00000E+00  0.56078E+03  0.67877E+00
   56  0.40800E+02  0.00000E+00  0.00000E+00  0.31643E+02  0.49268E+02  0.22555E+04  0.99197E+01  0.21724E+02  0.31643E+02  0.31643E+02  0.31643E+02  0.00000E+00  0.00000E+00  0.41885E+03  0.27620E+02  0.11545E+04  0.68663E+02  0.00000E+00  0.00000E+00  0.00000E+00  0.54959E+03  0.67753E+00
   56  0.41200E+02  0.00000E+00  0.00000E+00  0.33001E+02  0.49526E+02  0.22563E+04  0.10346E+02  0.22655E+02  0.33001E+02  0.33001E+02  0.33001E+02  0.00000E+00  0.00000E+00  0.41945E+03  0.27930E+02  0.11559E+04  0.65843E+02  0.00000E+00  0.00000E+00  0.00000E+00  0.53967E+03  0.67641E+00
   56  0.41600E+02  0.00000E+00  0.00000E+00  0.34225E+02  0.49603E+02  0.22570E+04  0.10730E+02  0.23495E+02  0.34225E+02  0.34225E+02  0.34225E+02  0.00000E+00  0.00000E+00  0.42000E+03  0.28355E+02  0.11572E+04  0.64737E+02  0.00000E+00  0.00000E+00  0.00000E+00  0.53075E+03  0.67539E+00
   56  0.42000E+02  0.00000E+00  0.00000E+00  0.35397E+02  0.50419E+02  0.22577E+04  0.11098E+02  0.24299E+02  0.35397E+02  0.35397E+02  0.35397E+02  0.00000E+00  0.00000E+00  0.42057E+03  0.28565E+02  0.11583E+04  0.65084E+02  0.00000E+00  0.00000E+00  0.00000E+00  0.52260E+03  0.67445E+00
   56  0.42400E+02  0.00000E+00  0.00000E+00  0.36476E+02  0.51075E+02  0.22583E+04  0.11437E+02  0.25039E+02  0.36476E+02  0.36476E+02  0.36476E+02  0.00000E+00  0.00000E+00  0.42113E+03  0.28855E+02  0.11594E+04  0.65626E+02  0.00000E+00  0.00000E+00  0.00000E+00  0.51505E+03  0.67356E+00
   56  0.42800E+02  0.00000E+00  0.00000E+00  0.37519E+02  0.51904E+02  0.22589E+04  0.11764E+02  0.25755E+02  0.37519E+02  0.37519E+02  0.37519E+02  0.00000E+00  0.00000E+00  0.42171E+03  0.29038E+02  0.11604E+04  0.65965E+02  0.00000E+00  0.00000E+00  0.00000E+00  0.50793E+03  0.67271E+00
   56  0.43200E+02  0.00000E+00  0.00000E+00  0.38264E+02  0.51855E+02  0.22595E+04  0.11998E+02  0.26266E+02  0.38264E+02  0.38264E+02  0.38264E+02  0.00000E+00  0.00000E+00  0.42229E+03  0.28570E+02  0.11614E+04  0.65425E+02  0.00000E+00  0.00000E+00  0.00000E+00  0.50127E+03  0.67190E+00
   56  0.43600E+02  0.00000E+00  0.00000E+00  0.39111E+02  0.52057E+02  0.22600E+04  0.12265E+02  0.26846E+02  0.39111E+02  0.39111E+02  0.39111E+02  0.00000E+00  0.00000E+00  0.42286E+03  0.28672E+02  0.11623E+04  0.65264E+02  0.00000E+00  0.00000E+00  0.00000E+00  0.49511E+03  0.67115E+00
   56  0.44000E+02  0.00000E+00  0.00000E+00  0.40108E+02  0.52643E+02  0.22605E+04  0.12578E+02  0.27530E+02  0.40108E+02  0.40108E+02  0.40108E+02  0.00000E+00  0.00000E+00  0.42344E+03  0.29182E+02  0.11632E+04  0.66333E+02  0.00000E+00  0.00000E+00  0.00000E+00  0.48911E+03  0.67041E+00
   56  0.44400E+02  0.00000E+00  0.00000E+00  0.40958E+02  0.53012E+02  0.22610E+04  0.12845E+02  0.28113E+02  0.40958E+02  0.40958E+02  0.40958E+02  0.00000E+00  0.00000E+00  0.42403E+03  0.29369E+02  0.11641E+04  0.66735E+02  0.00000E+00  0.00000E+00  0.00000E+00  0.48334E+03  0.66969E+00
   56  0.44800E+02  0.00000E+00  0.00000E+00  0.41694E+02  0.53436E+02  0.22615E+04  0.13077E+02  0.28617E+02  0.41694E+02  0.41694E+02  0.41694E+02  0.00000E+00  0.00000E+00  0.42462E+03  0.29319E+02  0.11649E+04  0.66732E+02  0.00000E+00  0.00000E+00  0.00000E+00  0.47792E+03  0.66901E+00
   56  0.45200E+02  0.00000E+00  0.00000E+00  0.42427E+02  0.53692E+02  0.22620E+04  0.13307E+02  0.29119E+02  0.42427E+02  0.42427E+02  0.42427E+02  0.00000E+00  0.00000E+00  0.42522E+03  0.29344E+02  0.11657E+04  0.66806E+02  0.00000E+00  0.00000E+00  0.00000E+00  0.47282E+03  0.66836E+00
   56  0.45600E+02  0.00000E+00  0.00000E+00  0.43066E+02  0.53748E+02  0.22624E+04  0.13509E+02  0.29557E+02  0.43066E+02  0.43066E+02  0.43066E+02  0.00000E+00  0.00000E+00  0.42581E+03  0.29179E+02  0.11664E+04  0.66631E+02  0.00000E+00  0.00000E+00  0.00000E+00  0.46806E+03  0.66775E+00
   56  0.46000E+02  0.00000E+00  0.00000E+00  0.43738E+02  0.53802E+02  0.22628E+04  0.13720E+02  0.30018E+02  0.43738E+02  0.43738E+02  0.43738E+02  0.00000E+00  0.00000E+00  0.42641E+03  0.29252E+02  0.11671E+04  0.66665E+02  0.00000E+00  0.00000E+00  0.00000E+00  0.46364E+03  0.66717E+00
   56  0.46400E+02  0.00000E+00  0.00000E+00  0.44551E+02  0.54000E+02  0.22632E+04  0.13976E+02  0.30575E+02  0.44551E+02  0.44551E+02  0.44551E+02  0.00000E+00  0.00000E+00  0.42701E+03  0.29677E+02  0.11678E+04  0.67489E+02  0.00000E+00  0.00000E+00  0.00000E+00  0.45943E+03  0.66662E+00
   56  0.46800E+02  0.00000E+00  0.00000E+00  0.45180E+02  0.53997E+02  0.22636E+04  0.14174E+02  0.31006E+02  0.45180E+02  0.45180E+02  0.45180E+02  0.00000E+00  0.00000E+00  0.42762E+03  0.29696E+02  0.11684E+04  0.67601E+02  0.00000E+00  0.00000E+00  0.00000E+00  0.45548E+03  0.66610E+00
   56  0.47200E+02  0.00000E+00  0.00000E+00  0.45740E+02  0.53864E+02  0.22639E+04  0.14350E+02  0.31390E+02  0.45740E+02  0.45740E+02  0.45740E+02  0.00000E+00  0.00000E+00  0.42823E+03  0.29548E+02  0.11690E+04  0.67390E+02  0.00000E+00  0.00000E+00  0.00000E+00  0.45183E+03  0.66562E+00
   56  0.47600E+02  0.00000E+00  0.00000E+00  0.46196E+02  0.53587E+02  0.22642E+04  0.14494E+02  0.31702E+02  0.46196E+02  0.46196E+02  0.46196E+02  0.00000E+00  0.00000E+00  0.42884E+03  0.29129E+02  0.11695E+04  0.66857E+02  0.00000E+00  0.00000E+00  0.00000E+00  0.44847E+03  0.66517E+00
   56  0.48000E+02  0.00000E+00  0.00000E+00  0.45724E+02  0.52253E+02  0.22645E+04  0.14347E+02  0.31377E+02  0.45724E+02  0.45724E+02  0.45724E+02  0.00000E+00  0.00000E+00  0.42941E+03  0.26367E+02  0.11700E+04  0.62423E+02  0.00000E+00  0.00000E+00  0.00000E+00  0.44561E+03  0.66478E+00
   56  0.48400E+02  0.00000E+00  0.00000E+00  0.46327E+02  0.52226E+02  0.22647E+04  0.14536E+02  0.31790E+02  0.46327E+02  0.46327E+02  0.46327E+02  0.00000E+00  0.00000E+00  0.42993E+03  0.26840E+02  0.11704E+04  0.62177E+02  0.00000E+00  0.00000E+00  0.00000E+00  0.44318E+03  0.66445E+00
   56  0.48800E+02  0.00000E+00  0.00000E+00  0.47196E+02  0.52630E+02  0.22649E+04  0.14810E+02  0.32386E+02  0.47196E+02  0.47196E+02  0.47196E+02  0.00000E+00  0.00000E+00  0.43048E+03  0.27911E+02  0.11708E+04  0.64495E+02  0.00000E+00  0.00000E+00  0.00000E+00  0.44064E+03  0.66411E+00
   56  0.49200E+02  0.00000E+00  0.00000E+00  0.47630E+02  0.52614E+02  0.22652E+04  0.14947E+02  0.32684E+02  0.47630E+02  0.47630E+02  0.47630E+02  0.00000E+00  0.00000E+00  0.43105E+03  0.27823E+02  0.11712E+04  0.64560E+02  0.00000E+00  0.00000E+00  0.00000E+00  0.43816E+03  0.66377E+00
   56  0.49600E+02  0.00000E+00  0.00000E+00  0.47765E+02  0.52239E+02  0.22654E+04  0.14989E+02  0.32775E+02  0.47765E+02  0.47765E+02  0.47765E+02  0.00000E+00  0.00000E+00  0.43161E+03  0.26965E+02  0.11716E+04  0.63037E+02  0.00000E+00  0.00000E+00  0.00000E+00  0.43591E+03  0.66346E+00
   56  0.50000E+02  0.00000E+00  0.00000E+00  0.48004E+02  0.52053E+02  0.22656E+04  0.15065E+02  0.32939E+02  0.48004E+02  0.48004E+02  0.48004E+02  0.00000E+00  0.00000E+00  0.43214E+03  0.26424E+02  0.11719E+04  0.62055E+02  0.00000E+00  0.00000E+00  0.00000E+00  0.43389E+03  0.66318E+00
   56  0.50400E+02  0.00000E+00  0.00000E+00  0.48018E+02  0.51676E+02  0.22658E+04  0.15070E+02  0.32948E+02  0.48018E+02  0.48018E+02  0.48018E+02  0.00000E+00  0.00000E+00  0.43266E+03  0.25362E+02  0.11722E+04  0.60267E+02  0.00000E+00  0.00000E+00  0.00000E+00  0.43209E+03  0.66293E+00
   56  0.50800E+02  0.00000E+00  0.00000E+00  0.48258E+02  0.51595E+02  0.22659E+04  0.15146E+02  0.33112E+02  0.48258E+02  0.48258E+02  0.48258E+02  0.00000E+00  0.00000E+00  0.43315E+03  0.25130E+02  0.11725E+04  0.59400E+02  0.00000E+00  0.00000E+00  0.00000E+00  0.43052E+03  0.66271E+00
   56  0.51200E+02  0.00000E+00  0.00000E+00  0.49110E+02  0.52308E+02  0.22661E+04  0.15414E+02  0.33696E+02  0.49110E+02  0.49110E+02  0.49110E+02  0.00000E+00  0.00000E+00  0.43367E+03  0.26333E+02  0.11727E+04  0.61719E+02  0.00000E+00  0.00000E+00  0.00000E+00  0.42895E+03  0.66249E+00
   56  0.51600E+02  0.00000E+00  0.00000E+00  0.49302E+02  0.52494E+02  0.22662E+04  0.15474E+02  0.33828E+02  0.49302E+02  0.50130E+02  0.50130E+02  0.16517E-01  0.44505E+00  0.43469E+03  0.25914E+02  0.26615E+04  0.61081E+02  0.31265E+03  0.00000E+00  0.00000E+00  0.42776E+03  0.66233E+00
   56  0.52000E+02  0.00000E+00  0.00000E+00  0.49311E+02  0.52549E+02  0.22663E+04  0.15477E+02  0.33833E+02  0.49311E+02  0.50053E+02  0.50053E+02  0.14828E-01  0.39871E+00  0.43669E+03  0.24942E+02  0.25079E+04  0.59274E+02  0.28010E+03  0.00000E+00  0.00000E+00  0.42684E+03  0.66220E+00
   56  0.52400E+02  0.00000E+00  0.00000E+00  0.49406E+02  0.52628E+02  0.22664E+04  0.15508E+02  0.33898E+02  0.49406E+02  0.50084E+02  0.50084E+02  0.13533E-01  0.36332E+00  0.43856E+03  0.24258E+02  0.23902E+04  0.57921E+02  0.25524E+03  0.00000E+00  0.00000E+00  0.42573E+03  0.66204E+00
   56  0.52800E+02  0.00000E+00  0.00000E+00  0.48787E+02  0.51795E+02  0.22665E+04  0.15314E+02  0.33473E+02  0.48787E+02  0.49338E+02  0.49338E+02  0.11160E-01  0.29875E+00  0.44026E+03  0.21670E+02  0.21779E+04  0.53723E+02  0.20988E+03  0.00000E+00  0.00000E+00  0.42475E+03  0.66190E+00
   56  0.53200E+02  0.00000E+00  0.00000E+00  0.48321E+02  0.51056E+02  0.22665E+04  0.15168E+02  0.33153E+02  0.48321E+02  0.48759E+02  0.48759E+02  0.89946E-02  0.24016E+00  0.44159E+03  0.20029E+02  0.19777E+04  0.49383E+02  0.16871E+03  0.00000E+00  0.00000E+00  0.42404E+03  0.66180E+00
   56  0.53600E+02  0.00000E+00  0.00000E+00  0.49337E+02  0.51941E+02  0.22666E+04  0.15487E+02  0.33850E+02  0.49337E+02  0.49858E+02  0.49858E+02  0.10445E-01  0.27936E+00  0.44297E+03  0.22128E+02  0.21090E+04  0.53557E+02  0.19626E+03  0.00000E+00  0.00000E+00  0.42316E+03  0.66168E+00
   56  0.54000E+02  0.00000E+00  0.00000E+00  0.49591E+02  0.52173E+02  0.22667E+04  0.15568E+02  0.34023E+02  0.49591E+02  0.50107E+02  0.50107E+02  0.10305E-01  0.27557E+00  0.44448E+03  0.22241E+02  0.20984E+04  0.54092E+02  0.19360E+03  0.00000E+00  0.00000E+00  0.42233E+03  0.66156E+00
   56  0.54400E+02  0.00000E+00  0.00000E+00  0.49265E+02  0.51875E+02  0.22668E+04  0.15465E+02  0.33799E+02  0.49265E+02  0.49708E+02  0.49708E+02  0.89255E-02  0.23829E+00  0.44590E+03  0.20747E+02  0.19746E+04  0.51345E+02  0.16741E+03  0.00000E+00  0.00000E+00  0.42161E+03  0.66146E+00
   56  0.54800E+02  0.00000E+00  0.00000E+00  0.49075E+02  0.51652E+02  0.22668E+04  0.15406E+02  0.33669E+02  0.49075E+02  0.49464E+02  0.49464E+02  0.78528E-02  0.20938E+00  0.44712E+03  0.19681E+02  0.18772E+04  0.49092E+02  0.14710E+03  0.00000E+00  0.00000E+00  0.42094E+03  0.66136E+00
   56  0.55200E+02  0.00000E+00  0.00000E+00  0.48967E+02  0.51498E+02  0.22669E+04  0.15373E+02  0.33594E+02  0.48967E+02  0.49320E+02  0.49320E+02  0.71624E-02  0.19081E+00  0.44823E+03  0.18896E+02  0.18155E+04  0.47672E+02  0.13406E+03  0.00000E+00  0.00000E+00  0.42030E+03  0.66127E+00
   56  0.55600E+02  0.00000E+00  0.00000E+00  0.48640E+02  0.51132E+02  0.22669E+04  0.15271E+02  0.33369E+02  0.48640E+02  0.48941E+02  0.48941E+02  0.61451E-02  0.16351E+00  0.44921E+03  0.17641E+02  0.17243E+04  0.45214E+02  0.11488E+03  0.00000E+00  0.00000E+00  0.41977E+03  0.66120E+00
   56  0.56000E+02  0.00000E+00  0.00000E+00  0.48826E+02  0.51270E+02  0.22670E+04  0.15329E+02  0.33497E+02  0.48826E+02  0.49124E+02  0.49124E+02  0.60665E-02  0.16141E+00  0.45007E+03  0.17954E+02  0.17150E+04  0.45195E+02  0.11340E+03  0.00000E+00  0.00000E+00  0.41931E+03  0.66113E+00
   56  0.56400E+02  0.00000E+00  0.00000E+00  0.49210E+02  0.51574E+02  0.22670E+04  0.15450E+02  0.33760E+02  0.49210E+02  0.49538E+02  0.49538E+02  0.66269E-02  0.17644E+00  0.45105E+03  0.18607E+02  0.17673E+04  0.47033E+02  0.12396E+03  0.00000E+00  0.00000E+00  0.41878E+03  0.66106E+00
   56  0.56800E+02  0.00000E+00  0.00000E+00  0.48932E+02  0.51223E+02  0.22671E+04  0.15363E+02  0.33569E+02  0.48932E+02  0.49218E+02  0.49218E+02  0.57952E-02  0.15414E+00  0.45198E+03  0.17531E+02  0.16931E+04  0.44922E+02  0.10829E+03  0.00000E+00  0.00000E+00  0.41831E+03  0.66099E+00
   56  0.57200E+02  0.00000E+00  0.00000E+00  0.48569E+02  0.50874E+02  0.22671E+04  0.15250E+02  0.33319E+02  0.48569E+02  0.48837E+02  0.48837E+02  0.54942E-02  0.14608E+00  0.45280E+03  0.16222E+02  0.16651E+04  0.44219E+02  0.10263E+03  0.00000E+00  0.00000E+00  0.41799E+03  0.66095E+00
   56  0.57600E+02  0.00000E+00  0.00000E+00  0.48449E+02  0.50847E+02  0.22671E+04  0.15212E+02  0.33237E+02  0.48449E+02  0.48716E+02  0.48716E+02  0.54720E-02  0.14549E+00  0.45362E+03  0.15684E+02  0.16632E+04  0.44312E+02  0.10221E+03  0.00000E+00  0.00000E+00  0.41781E+03  0.66092E+00
   56  0.58000E+02  0.00000E+00  0.00000E+00  0.48422E+02  0.50942E+02  0.22671E+04  0.15204E+02  0.33218E+02  0.48422E+02  0.48686E+02  0.48686E+02  0.54196E-02  0.14409E+00  0.45443E+03  0.15433E+02  0.16585E+04  0.44316E+02  0.10123E+03  0.00000E+00  0.00000E+00  0.41769E+03  0.66090E+00
   56  0.58400E+02  0.00000E+00  0.00000E+00  0.48278E+02  0.50840E+02  0.22671E+04  0.15159E+02  0.33119E+02  0.48278E+02  0.48541E+02  0.48541E+02  0.54037E-02  0.14366E+00  0.45524E+03  0.14924E+02  0.16571E+04  0.44430E+02  0.10093E+03  0.00000E+00  0.00000E+00  0.41763E+03  0.66090E+00
   56  0.58800E+02  0.00000E+00  0.00000E+00  0.48405E+02  0.50885E+02  0.22671E+04  0.15199E+02  0.33206E+02  0.48405E+02  0.48664E+02  0.48664E+02  0.53075E-02  0.14109E+00  0.45605E+03  0.15163E+02  0.16486E+04  0.44297E+02  0.99121E+02  0.00000E+00  0.00000E+00  0.41761E+03  0.66089E+00
   56  0.59200E+02  0.00000E+00  0.00000E+00  0.48406E+02  0.50720E+02  0.22671E+04  0.15200E+02  0.33206E+02  0.48406E+02  0.48661E+02  0.48661E+02  0.52494E-02  0.13953E+00  0.45685E+03  0.14981E+02  0.16432E+04  0.44272E+02  0.98030E+02  0.00000E+00  0.00000E+00  0.41756E+03  0.66089E+00
   56  0.59600E+02  0.00000E+00  0.00000E+00  0.48056E+02  0.50213E+02  0.22671E+04  0.15090E+02  0.32966E+02  0.48056E+02  0.48312E+02  0.48312E+02  0.52945E-02  0.14074E+00  0.45766E+03  0.13879E+02  0.16472E+04  0.44575E+02  0.98877E+02  0.00000E+00  0.00000E+00  0.41761E+03  0.66089E+00
   56  0.60000E+02  0.00000E+00  0.00000E+00  0.47835E+02  0.50016E+02  0.22671E+04  0.15021E+02  0.32814E+02  0.47835E+02  0.48090E+02  0.48090E+02  0.52991E-02  0.14086E+00  0.45847E+03  0.13159E+02  0.16476E+04  0.44762E+02  0.98963E+02  0.00000E+00  0.00000E+00  0.41777E+03  0.66092E+00
