   60.000000000012243     
  0.89250E+00  0.00000E+00  0.38400E+03  0.38400E+03  0.38400E+03  0.38400E+03  0.38400E+03
  0.87750E+00  0.00000E+00  0.38400E+03  0.38400E+03  0.38400E+03  0.38400E+03  0.38400E+03
  0.86250E+00  0.00000E+00  0.38400E+03  0.38400E+03  0.38400E+03  0.38400E+03  0.38400E+03
  0.84750E+00  0.00000E+00  0.38400E+03  0.38400E+03  0.38400E+03  0.38400E+03  0.38400E+03
  0.83250E+00  0.00000E+00  0.38400E+03  0.38400E+03  0.38400E+03  0.38400E+03  0.38400E+03
  0.81750E+00  0.00000E+00  0.38400E+03  0.38400E+03  0.38400E+03  0.38400E+03  0.38400E+03
  0.80250E+00  0.00000E+00  0.38400E+03  0.38400E+03  0.38400E+03  0.38400E+03  0.38400E+03
  0.78750E+00  0.00000E+00  0.38400E+03  0.38400E+03  0.38400E+03  0.38400E+03  0.38400E+03
  0.77250E+00  0.00000E+00  0.38402E+03  0.38402E+03  0.38401E+03  0.38401E+03  0.38400E+03
  0.75750E+00  0.00000E+00  0.38434E+03  0.38428E+03  0.38416E+03  0.38408E+03  0.38405E+03
  0.74250E+00  0.00000E+00  0.38779E+03  0.38711E+03  0.38582E+03  0.38487E+03  0.38455E+03
  0.72750E+00  0.00000E+00  0.41331E+03  0.40822E+03  0.39815E+03  0.39075E+03  0.38829E+03
  0.71250E+00  0.21487E+01  0.50662E+03  0.49174E+03  0.44754E+03  0.41420E+03  0.40315E+03
  0.69750E+00  0.33512E+01  0.64205E+03  0.58331E+03  0.49092E+03  0.43274E+03  0.41459E+03
  0.68250E+00  0.42914E+01  0.80374E+03  0.63253E+03  0.51279E+03  0.44587E+03  0.42503E+03
  0.66750E+00  0.44696E+01  0.81254E+03  0.64418E+03  0.52489E+03  0.45637E+03  0.43448E+03
  0.65250E+00  0.47237E+01  0.80973E+03  0.64994E+03  0.53420E+03  0.46588E+03  0.44358E+03
  0.63750E+00  0.48391E+01  0.81125E+03  0.65544E+03  0.54141E+03  0.47310E+03  0.45053E+03
  0.62250E+00  0.49240E+01  0.81270E+03  0.65965E+03  0.54691E+03  0.47878E+03  0.45609E+03
  0.60750E+00  0.50340E+01  0.81241E+03  0.66266E+03  0.55157E+03  0.48402E+03  0.46136E+03
  0.59250E+00  0.51261E+01  0.81252E+03  0.66550E+03  0.55589E+03  0.48890E+03  0.46630E+03
  0.57750E+00  0.52090E+01  0.81273E+03  0.66807E+03  0.55979E+03  0.49332E+03  0.47081E+03
  0.56250E+00  0.52756E+01  0.81332E+03  0.67057E+03  0.56341E+03  0.49741E+03  0.47500E+03
  0.54750E+00  0.53529E+01  0.81334E+03  0.67267E+03  0.56678E+03  0.50134E+03  0.47908E+03
  0.53250E+00  0.54284E+01  0.81327E+03  0.67459E+03  0.56993E+03  0.50506E+03  0.48299E+03
  0.51750E+00  0.54871E+01  0.81363E+03  0.67651E+03  0.57284E+03  0.50845E+03  0.48653E+03
  0.50250E+00  0.55427E+01  0.81390E+03  0.67820E+03  0.57547E+03  0.51153E+03  0.48976E+03
  0.48750E+00  0.55950E+01  0.81412E+03  0.67973E+03  0.57787E+03  0.51437E+03  0.49274E+03
  0.47250E+00  0.56440E+01  0.81432E+03  0.68114E+03  0.58009E+03  0.51702E+03  0.49553E+03
  0.45750E+00  0.56880E+01  0.81458E+03  0.68249E+03  0.58219E+03  0.51952E+03  0.49814E+03
  0.44250E+00  0.57321E+01  0.81475E+03  0.68372E+03  0.58415E+03  0.52187E+03  0.50062E+03
  0.42750E+00  0.57738E+01  0.81491E+03  0.68487E+03  0.58598E+03  0.52408E+03  0.50295E+03
  0.41250E+00  0.58106E+01  0.81514E+03  0.68598E+03  0.58771E+03  0.52616E+03  0.50514E+03
  0.39750E+00  0.58460E+01  0.81534E+03  0.68701E+03  0.58933E+03  0.52811E+03  0.50720E+03
  0.38250E+00  0.58816E+01  0.81546E+03  0.68793E+03  0.59083E+03  0.52994E+03  0.50913E+03
  0.36750E+00  0.59117E+01  0.81577E+03  0.68893E+03  0.59232E+03  0.53170E+03  0.51098E+03
  0.35250E+00  0.59383E+01  0.81687E+03  0.69057E+03  0.59428E+03  0.53381E+03  0.51312E+03
  0.33750E+00  0.59595E+01  0.82243E+03  0.69603E+03  0.59914E+03  0.53813E+03  0.51722E+03
  0.32250E+00  0.59496E+01  0.85022E+03  0.71823E+03  0.61529E+03  0.55029E+03  0.52801E+03
  0.30750E+00  0.21304E+02  0.10018E+04  0.79065E+03  0.65567E+03  0.57586E+03  0.54921E+03
  0.29250E+00  0.21065E+02  0.10337E+04  0.81031E+03  0.67012E+03  0.58687E+03  0.55905E+03
  0.27750E+00  0.21086E+02  0.10391E+04  0.81461E+03  0.67413E+03  0.59052E+03  0.56255E+03
  0.26250E+00  0.21132E+02  0.10400E+04  0.81592E+03  0.67571E+03  0.59223E+03  0.56429E+03
  0.24750E+00  0.21182E+02  0.10404E+04  0.81675E+03  0.67686E+03  0.59355E+03  0.56567E+03
  0.23250E+00  0.21237E+02  0.10405E+04  0.81748E+03  0.67792E+03  0.59479E+03  0.56697E+03
  0.21750E+00  0.21286E+02  0.10406E+04  0.81815E+03  0.67890E+03  0.59594E+03  0.56818E+03
  0.20250E+00  0.21334E+02  0.10407E+04  0.81873E+03  0.67977E+03  0.59696E+03  0.56925E+03
  0.18750E+00  0.21365E+02  0.10409E+04  0.81926E+03  0.68051E+03  0.59782E+03  0.57015E+03
  0.17250E+00  0.21393E+02  0.10410E+04  0.81968E+03  0.68111E+03  0.59852E+03  0.57088E+03
  0.15750E+00  0.21413E+02  0.10412E+04  0.82005E+03  0.68161E+03  0.59911E+03  0.57150E+03
  0.14250E+00  0.21433E+02  0.10413E+04  0.82035E+03  0.68205E+03  0.59962E+03  0.57203E+03
  0.12750E+00  0.21450E+02  0.10414E+04  0.82063E+03  0.68244E+03  0.60007E+03  0.57250E+03
  0.11250E+00  0.21465E+02  0.10415E+04  0.82089E+03  0.68281E+03  0.60050E+03  0.57295E+03
  0.97500E-01  0.21484E+02  0.10415E+04  0.82114E+03  0.68316E+03  0.60092E+03  0.57339E+03
  0.82500E-01  0.21499E+02  0.10416E+04  0.82139E+03  0.68352E+03  0.60133E+03  0.57383E+03
  0.67500E-01  0.21518E+02  0.10415E+04  0.82148E+03  0.68373E+03  0.60163E+03  0.57415E+03
  0.52500E-01  0.21548E+02  0.10396E+04  0.82026E+03  0.68280E+03  0.60094E+03  0.57356E+03
  0.37500E-01  0.21660E+02  0.10249E+04  0.81019E+03  0.67478E+03  0.59467E+03  0.56794E+03
  0.22500E-01  0.22461E+02  0.94094E+03  0.75466E+03  0.63593E+03  0.56684E+03  0.54388E+03
  0.75000E-02  0.27404E+02  0.57709E+03  0.55802E+03  0.52594E+03  0.49937E+03  0.48928E+03
