   TIME(S)      HFALL(M)     DJET(M)      DFALL(M)     UJET(M)      UFALL(M)     WEBER(-)     FROUDE(-)    XPSAITO(M)   XPEPSTN(M)   XLPENT(M)    XLPENA(M)     DWAT(M)      FRAG(-)     XMBEDT(KG)   XMCORT(KG)   TSINJO(K)     TSINJ(K)   EINJO(J/KG)   EINJ(J/KG)   PV(KG/M3)    PL(KG/M3)   XDOTJ(KG/S)
  0.40000E+00  0.77162E+01  0.30000E+00  0.17154E+00  0.42593E+01  0.13026E+02  0.73206E+02  0.10073E+03  0.10145E+02  0.84160E+01  0.84160E+01  0.46483E+00  0.46483E+00  0.10741E+00  0.10476E+03  0.87388E+03  0.22740E+04  0.22740E+04  0.10447E+01  0.10447E+01  0.22625E+01  0.92163E+03  0.21847E+04
  0.80000E+00  0.77154E+01  0.30000E+00  0.17155E+00  0.42593E+01  0.13026E+02  0.73201E+02  0.10072E+03  0.10145E+02  0.84162E+01  0.84162E+01  0.43515E+00  0.43515E+00  0.10073E+00  0.19879E+03  0.17478E+04  0.22740E+04  0.22740E+04  0.10447E+01  0.10447E+01  0.22625E+01  0.92163E+03  0.21847E+04
  0.12000E+01  0.77174E+01  0.30000E+00  0.17154E+00  0.42593E+01  0.13027E+02  0.73213E+02  0.10075E+03  0.10146E+02  0.84157E+01  0.84157E+01  0.42007E+00  0.42007E+00  0.97339E-01  0.28993E+03  0.26216E+04  0.22740E+04  0.22740E+04  0.10447E+01  0.10447E+01  0.22625E+01  0.92163E+03  0.21847E+04
  0.16000E+01  0.76993E+01  0.30000E+00  0.17163E+00  0.42593E+01  0.13014E+02  0.73098E+02  0.10048E+03  0.10138E+02  0.84201E+01  0.84201E+01  0.43143E+00  0.43143E+00  0.99850E-01  0.37802E+03  0.34955E+04  0.22740E+04  0.22740E+04  0.10447E+01  0.10447E+01  0.22625E+01  0.92163E+03  0.21847E+04
  0.20000E+01  0.77002E+01  0.30000E+00  0.17162E+00  0.42593E+01  0.13014E+02  0.73104E+02  0.10050E+03  0.10138E+02  0.84199E+01  0.84199E+01  0.42205E+00  0.42205E+00  0.97739E-01  0.46369E+03  0.43694E+04  0.22740E+04  0.22740E+04  0.10447E+01  0.10447E+01  0.22625E+01  0.92163E+03  0.21847E+04
  0.24000E+01  0.76806E+01  0.30000E+00  0.17172E+00  0.42593E+01  0.13000E+02  0.72979E+02  0.10021E+03  0.10129E+02  0.84247E+01  0.84247E+01  0.43783E+00  0.43783E+00  0.10124E+00  0.55124E+03  0.52433E+04  0.22740E+04  0.22740E+04  0.10447E+01  0.10447E+01  0.22625E+01  0.92163E+03  0.21847E+04
  0.28000E+01  0.77096E+01  0.30000E+00  0.17158E+00  0.42593E+01  0.13021E+02  0.73164E+02  0.10063E+03  0.10142E+02  0.84176E+01  0.84176E+01  0.40264E+00  0.40264E+00  0.93377E-01  0.63582E+03  0.61171E+04  0.22740E+04  0.22740E+04  0.10447E+01  0.10447E+01  0.22625E+01  0.92163E+03  0.21847E+04
  0.32000E+01  0.76942E+01  0.30000E+00  0.17165E+00  0.42593E+01  0.13010E+02  0.73066E+02  0.10041E+03  0.10135E+02  0.84213E+01  0.84213E+01  0.41495E+00  0.41495E+00  0.96120E-01  0.71973E+03  0.69910E+04  0.22740E+04  0.22740E+04  0.10447E+01  0.10447E+01  0.22625E+01  0.92163E+03  0.21847E+04
  0.36000E+01  0.76823E+01  0.30000E+00  0.17171E+00  0.42593E+01  0.13001E+02  0.72990E+02  0.10024E+03  0.10130E+02  0.84243E+01  0.84243E+01  0.42383E+00  0.42383E+00  0.98089E-01  0.80343E+03  0.78649E+04  0.22740E+04  0.22740E+04  0.10447E+01  0.10447E+01  0.22625E+01  0.92163E+03  0.21847E+04
  0.40000E+01  0.76384E+01  0.30000E+00  0.17193E+00  0.42593E+01  0.12968E+02  0.72711E+02  0.99598E+02  0.10111E+02  0.84350E+01  0.84350E+01  0.46585E+00  0.46585E+00  0.10741E+00  0.89361E+03  0.87388E+04  0.22740E+04  0.22740E+04  0.10447E+01  0.10447E+01  0.22625E+01  0.92163E+03  0.21847E+04
  0.44000E+01  0.77037E+01  0.30000E+00  0.17161E+00  0.42593E+01  0.13017E+02  0.73126E+02  0.10055E+03  0.10140E+02  0.84190E+01  0.84190E+01  0.39523E+00  0.39523E+00  0.91685E-01  0.97985E+03  0.96126E+04  0.22740E+04  0.22740E+04  0.10447E+01  0.10447E+01  0.22625E+01  0.92163E+03  0.21847E+04
  0.48000E+01  0.76717E+01  0.30000E+00  0.17177E+00  0.42593E+01  0.12993E+02  0.72922E+02  0.10008E+03  0.10126E+02  0.84269E+01  0.84269E+01  0.42642E+00  0.42642E+00  0.98645E-01  0.10639E+04  0.10487E+05  0.22740E+04  0.22740E+04  0.10447E+01  0.10447E+01  0.22625E+01  0.92163E+03  0.21847E+04
  0.52000E+01  0.76812E+01  0.30000E+00  0.17172E+00  0.42593E+01  0.13000E+02  0.72983E+02  0.10022E+03  0.10130E+02  0.84245E+01  0.84245E+01  0.41367E+00  0.41367E+00  0.95795E-01  0.11473E+04  0.11360E+05  0.22740E+04  0.22740E+04  0.10447E+01  0.10447E+01  0.22625E+01  0.92163E+03  0.21847E+04
  0.56000E+01  0.76751E+01  0.30000E+00  0.20576E+00  0.65449E+01  0.13913E+02  0.10016E+03  0.95803E+02  0.11867E+02  0.10095E+02  0.10095E+02  0.33624E+00  0.33624E+00  0.65509E-01  0.12382E+04  0.12469E+05  0.22740E+04  0.22740E+04  0.10447E+01  0.10447E+01  0.22625E+01  0.92163E+03  0.33570E+04
  0.60000E+01  0.76762E+01  0.30000E+00  0.20575E+00  0.65449E+01  0.13914E+02  0.10017E+03  0.95816E+02  0.11868E+02  0.10094E+02  0.10094E+02  0.35379E+00  0.35379E+00  0.68869E-01  0.13280E+04  0.13812E+05  0.22740E+04  0.22740E+04  0.10447E+01  0.10447E+01  0.22625E+01  0.92163E+03  0.33570E+04
  0.64000E+01  0.76727E+01  0.30000E+00  0.20577E+00  0.65449E+01  0.13911E+02  0.10014E+03  0.95774E+02  0.11866E+02  0.10095E+02  0.10095E+02  0.35932E+00  0.35932E+00  0.69920E-01  0.14234E+04  0.15154E+05  0.22740E+04  0.22740E+04  0.10447E+01  0.10447E+01  0.22625E+01  0.92163E+03  0.33570E+04
  0.68000E+01  0.76744E+01  0.30000E+00  0.20576E+00  0.65449E+01  0.13913E+02  0.10015E+03  0.95794E+02  0.11867E+02  0.10095E+02  0.10095E+02  0.35478E+00  0.35478E+00  0.69055E-01  0.15158E+04  0.16497E+05  0.22740E+04  0.22740E+04  0.10447E+01  0.10447E+01  0.22625E+01  0.92163E+03  0.33570E+04
  0.72000E+01  0.76558E+01  0.30000E+00  0.20586E+00  0.65449E+01  0.13899E+02  0.10001E+03  0.95567E+02  0.11858E+02  0.10100E+02  0.10100E+02  0.37144E+00  0.37144E+00  0.72204E-01  0.16106E+04  0.17840E+05  0.22740E+04  0.22740E+04  0.10447E+01  0.10447E+01  0.22625E+01  0.92163E+03  0.33570E+04
  0.76000E+01  0.76471E+01  0.30000E+00  0.20591E+00  0.65449E+01  0.13893E+02  0.99946E+02  0.95463E+02  0.11855E+02  0.10102E+02  0.10102E+02  0.37774E+00  0.37774E+00  0.73389E-01  0.17076E+04  0.19183E+05  0.22740E+04  0.22740E+04  0.10447E+01  0.10447E+01  0.22625E+01  0.92163E+03  0.33570E+04
  0.80000E+01  0.76494E+01  0.30000E+00  0.20589E+00  0.65449E+01  0.13895E+02  0.99963E+02  0.95490E+02  0.11856E+02  0.10101E+02  0.10101E+02  0.37329E+00  0.37329E+00  0.72545E-01  0.18076E+04  0.20526E+05  0.22740E+04  0.22740E+04  0.10447E+01  0.10447E+01  0.22625E+01  0.92163E+03  0.33570E+04
  0.84000E+01  0.76913E+01  0.30000E+00  0.20568E+00  0.65449E+01  0.13925E+02  0.10028E+03  0.96000E+02  0.11875E+02  0.10090E+02  0.10090E+02  0.32730E+00  0.32730E+00  0.63822E-01  0.18974E+04  0.21868E+05  0.22740E+04  0.22740E+04  0.10447E+01  0.10447E+01  0.22625E+01  0.92163E+03  0.33570E+04
  0.88000E+01  0.76557E+01  0.30000E+00  0.20586E+00  0.65449E+01  0.13899E+02  0.10001E+03  0.95567E+02  0.11858E+02  0.10100E+02  0.10100E+02  0.36279E+00  0.36279E+00  0.70552E-01  0.19886E+04  0.23211E+05  0.22740E+04  0.22740E+04  0.10447E+01  0.10447E+01  0.22625E+01  0.92163E+03  0.33570E+04
  0.92000E+01  0.76094E+01  0.30000E+00  0.20610E+00  0.65449E+01  0.13867E+02  0.99658E+02  0.95004E+02  0.11837E+02  0.10111E+02  0.10111E+02  0.40861E+00  0.40861E+00  0.79189E-01  0.20863E+04  0.24554E+05  0.22740E+04  0.22740E+04  0.10447E+01  0.10447E+01  0.22625E+01  0.92163E+03  0.33570E+04
  0.96000E+01  0.76286E+01  0.30000E+00  0.20600E+00  0.65449E+01  0.13880E+02  0.99804E+02  0.95238E+02  0.11846E+02  0.10106E+02  0.10106E+02  0.38675E+00  0.38675E+00  0.75071E-01  0.21955E+04  0.25897E+05  0.22740E+04  0.22740E+04  0.10447E+01  0.10447E+01  0.22625E+01  0.92163E+03  0.33570E+04
  0.10000E+02  0.76614E+01  0.30000E+00  0.20583E+00  0.65449E+01  0.13903E+02  0.10005E+03  0.95636E+02  0.11861E+02  0.10098E+02  0.10098E+02  0.34921E+00  0.34921E+00  0.67968E-01  0.22865E+04  0.27240E+05  0.22740E+04  0.22740E+04  0.10447E+01  0.10447E+01  0.22625E+01  0.92163E+03  0.33570E+04
  0.10400E+02  0.76242E+01  0.30000E+00  0.22895E+00  0.87675E+01  0.15054E+02  0.13046E+03  0.10079E+03  0.13544E+02  0.11232E+02  0.11232E+02  0.31462E+00  0.31462E+00  0.55237E-01  0.23902E+04  0.28805E+05  0.22740E+04  0.22740E+04  0.10448E+01  0.10448E+01  0.22625E+01  0.92163E+03  0.44970E+04
  0.10800E+02  0.76480E+01  0.30000E+00  0.22883E+00  0.87675E+01  0.15069E+02  0.13066E+03  0.10105E+03  0.13555E+02  0.11226E+02  0.11226E+02  0.30303E+00  0.30303E+00  0.53256E-01  0.24852E+04  0.30603E+05  0.22740E+04  0.22740E+04  0.10448E+01  0.10448E+01  0.22625E+01  0.92163E+03  0.44970E+04
  0.11200E+02  0.76332E+01  0.30000E+00  0.22890E+00  0.87675E+01  0.15059E+02  0.13053E+03  0.10089E+03  0.13548E+02  0.11230E+02  0.11230E+02  0.31853E+00  0.31853E+00  0.55924E-01  0.25835E+04  0.32402E+05  0.22740E+04  0.22740E+04  0.10448E+01  0.10448E+01  0.22625E+01  0.92163E+03  0.44970E+04
  0.11600E+02  0.76253E+01  0.30000E+00  0.22894E+00  0.87675E+01  0.15054E+02  0.13046E+03  0.10080E+03  0.13545E+02  0.11232E+02  0.11232E+02  0.32187E+00  0.32187E+00  0.56492E-01  0.26867E+04  0.34201E+05  0.22740E+04  0.22740E+04  0.10448E+01  0.10448E+01  0.22625E+01  0.92163E+03  0.44970E+04
  0.12000E+02  0.76380E+01  0.30000E+00  0.22888E+00  0.87675E+01  0.15063E+02  0.13057E+03  0.10094E+03  0.13550E+02  0.11229E+02  0.11229E+02  0.30214E+00  0.30214E+00  0.53091E-01  0.27849E+04  0.36000E+05  0.22740E+04  0.22740E+04  0.10448E+01  0.10448E+01  0.22625E+01  0.92163E+03  0.44970E+04
  0.12400E+02  0.76423E+01  0.30000E+00  0.22886E+00  0.87675E+01  0.15065E+02  0.13061E+03  0.10099E+03  0.13552E+02  0.11228E+02  0.11228E+02  0.29110E+00  0.29110E+00  0.51181E-01  0.28782E+04  0.37799E+05  0.22740E+04  0.22740E+04  0.10448E+01  0.10448E+01  0.22625E+01  0.92163E+03  0.44970E+04
  0.12800E+02  0.75869E+01  0.30000E+00  0.22914E+00  0.87675E+01  0.15029E+02  0.13014E+03  0.10038E+03  0.13528E+02  0.11241E+02  0.11241E+02  0.34101E+00  0.34101E+00  0.59751E-01  0.29763E+04  0.39598E+05  0.22740E+04  0.22740E+04  0.10448E+01  0.10448E+01  0.22625E+01  0.92163E+03  0.44970E+04
  0.13200E+02  0.75919E+01  0.30000E+00  0.22911E+00  0.87675E+01  0.15032E+02  0.13018E+03  0.10044E+03  0.13530E+02  0.11240E+02  0.11240E+02  0.32313E+00  0.32313E+00  0.56670E-01  0.30846E+04  0.41396E+05  0.22740E+04  0.22740E+04  0.10448E+01  0.10448E+01  0.22625E+01  0.92163E+03  0.44970E+04
  0.13600E+02  0.76347E+01  0.30000E+00  0.22890E+00  0.87675E+01  0.15060E+02  0.13054E+03  0.10091E+03  0.13549E+02  0.11230E+02  0.11230E+02  0.26449E+00  0.26449E+00  0.46551E-01  0.31759E+04  0.43195E+05  0.22740E+04  0.22740E+04  0.10448E+01  0.10448E+01  0.22625E+01  0.92163E+03  0.44970E+04
  0.14000E+02  0.76103E+01  0.30000E+00  0.22902E+00  0.87675E+01  0.15044E+02  0.13034E+03  0.10064E+03  0.13538E+02  0.11236E+02  0.11236E+02  0.28196E+00  0.28196E+00  0.49560E-01  0.32606E+04  0.44994E+05  0.22740E+04  0.22740E+04  0.10448E+01  0.10448E+01  0.22625E+01  0.92163E+03  0.44970E+04
  0.14400E+02  0.75416E+01  0.30000E+00  0.22936E+00  0.87675E+01  0.15000E+02  0.12975E+03  0.99890E+02  0.13508E+02  0.11252E+02  0.11252E+02  0.34261E+00  0.34261E+00  0.59968E-01  0.33615E+04  0.46793E+05  0.22740E+04  0.22740E+04  0.10448E+01  0.10448E+01  0.22625E+01  0.92163E+03  0.44970E+04
  0.14800E+02  0.76436E+01  0.30000E+00  0.22885E+00  0.87675E+01  0.15066E+02  0.13062E+03  0.10100E+03  0.13553E+02  0.11228E+02  0.11228E+02  0.22280E+00  0.22280E+00  0.39294E-01  0.34514E+04  0.48592E+05  0.22740E+04  0.22740E+04  0.10448E+01  0.10448E+01  0.22625E+01  0.92163E+03  0.44970E+04
  0.15200E+02  0.76204E+01  0.30000E+00  0.25050E+00  0.11898E+02  0.17066E+02  0.18341E+03  0.11839E+03  0.16061E+02  0.12289E+02  0.12289E+02  0.15722E+00  0.15722E+00  0.25423E-01  0.35201E+04  0.50864E+05  0.22740E+04  0.22740E+04  0.10449E+01  0.10449E+01  0.22625E+01  0.92163E+03  0.61029E+04
  0.15600E+02  0.75910E+01  0.30000E+00  0.25062E+00  0.11898E+02  0.17049E+02  0.18314E+03  0.11810E+03  0.16049E+02  0.12295E+02  0.12295E+02  0.19862E+00  0.19862E+00  0.32047E-01  0.35933E+04  0.53305E+05  0.22740E+04  0.22740E+04  0.10449E+01  0.10449E+01  0.22625E+01  0.92163E+03  0.61029E+04
  0.16000E+02  0.76137E+01  0.30000E+00  0.25053E+00  0.11898E+02  0.17062E+02  0.18335E+03  0.11833E+03  0.16058E+02  0.12291E+02  0.12291E+02  0.17202E+00  0.17202E+00  0.27796E-01  0.36664E+04  0.55746E+05  0.22740E+04  0.22740E+04  0.10449E+01  0.10449E+01  0.22625E+01  0.92163E+03  0.61029E+04
  0.16400E+02  0.75829E+01  0.30000E+00  0.25066E+00  0.11898E+02  0.17044E+02  0.18306E+03  0.11802E+03  0.16046E+02  0.12297E+02  0.12297E+02  0.19488E+00  0.19488E+00  0.31444E-01  0.37377E+04  0.58188E+05  0.22740E+04  0.22740E+04  0.10449E+01  0.10449E+01  0.22625E+01  0.92163E+03  0.61029E+04
  0.16800E+02  0.75830E+01  0.30000E+00  0.25066E+00  0.11898E+02  0.17044E+02  0.18306E+03  0.11802E+03  0.16046E+02  0.12297E+02  0.12297E+02  0.18393E+00  0.18393E+00  0.29691E-01  0.38129E+04  0.60629E+05  0.22740E+04  0.22740E+04  0.10449E+01  0.10449E+01  0.22625E+01  0.92163E+03  0.61029E+04
  0.17200E+02  0.75380E+01  0.30000E+00  0.25085E+00  0.11898E+02  0.17018E+02  0.18265E+03  0.11757E+03  0.16027E+02  0.12306E+02  0.12306E+02  0.21542E+00  0.21542E+00  0.34703E-01  0.38902E+04  0.63070E+05  0.22740E+04  0.22740E+04  0.10449E+01  0.10449E+01  0.22625E+01  0.92163E+03  0.61029E+04
  0.17600E+02  0.75063E+01  0.30000E+00  0.25098E+00  0.11898E+02  0.17000E+02  0.18235E+03  0.11726E+03  0.16014E+02  0.12313E+02  0.12313E+02  0.21808E+00  0.21808E+00  0.35110E-01  0.39791E+04  0.65511E+05  0.22740E+04  0.22740E+04  0.10449E+01  0.10449E+01  0.22625E+01  0.92163E+03  0.61029E+04
  0.18000E+02  0.76055E+01  0.30000E+00  0.25056E+00  0.11898E+02  0.17057E+02  0.18327E+03  0.11825E+03  0.16055E+02  0.12292E+02  0.12292E+02  0.10897E+00  0.10897E+00  0.17651E-01  0.40435E+04  0.67952E+05  0.22740E+04  0.22740E+04  0.10449E+01  0.10449E+01  0.22625E+01  0.92163E+03  0.61029E+04
  0.18400E+02  0.76187E+01  0.30000E+00  0.25051E+00  0.11898E+02  0.17065E+02  0.18339E+03  0.11838E+03  0.16060E+02  0.12290E+02  0.12290E+02  0.91648E-01  0.91648E-01  0.14859E-01  0.40794E+04  0.70393E+05  0.22740E+04  0.22740E+04  0.10449E+01  0.10449E+01  0.22625E+01  0.92163E+03  0.61029E+04
  0.18800E+02  0.75457E+01  0.30000E+00  0.25081E+00  0.11898E+02  0.17023E+02  0.18272E+03  0.11765E+03  0.16030E+02  0.12305E+02  0.12305E+02  0.15941E+00  0.15941E+00  0.25743E-01  0.41268E+04  0.72835E+05  0.22740E+04  0.22740E+04  0.10449E+01  0.10449E+01  0.22625E+01  0.92163E+03  0.61029E+04
  0.19200E+02  0.74755E+01  0.30000E+00  0.25111E+00  0.11898E+02  0.16982E+02  0.18206E+03  0.11695E+03  0.16002E+02  0.12320E+02  0.12320E+02  0.22128E+00  0.22128E+00  0.35601E-01  0.42060E+04  0.75276E+05  0.22740E+04  0.22740E+04  0.10449E+01  0.10449E+01  0.22625E+01  0.92163E+03  0.61029E+04
  0.19600E+02  0.75379E+01  0.30000E+00  0.25085E+00  0.11898E+02  0.17018E+02  0.18264E+03  0.11757E+03  0.16027E+02  0.12307E+02  0.12307E+02  0.14392E+00  0.14392E+00  0.23253E-01  0.42798E+04  0.77717E+05  0.22740E+04  0.22740E+04  0.10449E+01  0.10449E+01  0.22625E+01  0.92163E+03  0.61029E+04
  0.20000E+02  0.75861E+01  0.30000E+00  0.25064E+00  0.11898E+02  0.17046E+02  0.18309E+03  0.11805E+03  0.16047E+02  0.12296E+02  0.12296E+02  0.85051E-01  0.85051E-01  0.13785E-01  0.43226E+04  0.80158E+05  0.22740E+04  0.22740E+04  0.10449E+01  0.10449E+01  0.22625E+01  0.92163E+03  0.61029E+04
  0.20400E+02  0.75777E+01  0.30000E+00  0.26009E+00  0.13902E+02  0.18496E+02  0.22367E+03  0.13394E+03  0.17737E+02  0.12760E+02  0.12760E+02  0.89815E-01  0.89815E-01  0.14028E-01  0.43555E+04  0.82604E+05  0.22740E+04  0.22740E+04  0.10450E+01  0.10450E+01  0.22625E+01  0.92163E+03  0.71306E+04
  0.20800E+02  0.75377E+01  0.30000E+00  0.26024E+00  0.13902E+02  0.18474E+02  0.22328E+03  0.13355E+03  0.17722E+02  0.12767E+02  0.12767E+02  0.88598E-01  0.88598E-01  0.13831E-01  0.43941E+04  0.85456E+05  0.22740E+04  0.22740E+04  0.10450E+01  0.10450E+01  0.22625E+01  0.92163E+03  0.71306E+04
  0.21200E+02  0.75271E+01  0.30000E+00  0.26028E+00  0.13902E+02  0.18469E+02  0.22318E+03  0.13345E+03  0.17717E+02  0.12769E+02  0.12769E+02  0.10628E+00  0.10628E+00  0.16577E-01  0.44376E+04  0.88309E+05  0.22740E+04  0.22740E+04  0.10450E+01  0.10450E+01  0.22625E+01  0.92163E+03  0.71306E+04
  0.21600E+02  0.74865E+01  0.30000E+00  0.26043E+00  0.13902E+02  0.18447E+02  0.22279E+03  0.13306E+03  0.17702E+02  0.12777E+02  0.12777E+02  0.14463E+00  0.14463E+00  0.22511E-01  0.44932E+04  0.91161E+05  0.22740E+04  0.22740E+04  0.10450E+01  0.10450E+01  0.22625E+01  0.92163E+03  0.71306E+04
  0.22000E+02  0.74855E+01  0.30000E+00  0.26044E+00  0.13902E+02  0.18447E+02  0.22278E+03  0.13305E+03  0.17702E+02  0.12777E+02  0.12777E+02  0.13944E+00  0.13944E+00  0.21708E-01  0.45581E+04  0.94013E+05  0.22740E+04  0.22740E+04  0.10450E+01  0.10450E+01  0.22625E+01  0.92163E+03  0.71306E+04
  0.22400E+02  0.74981E+01  0.30000E+00  0.26039E+00  0.13902E+02  0.18453E+02  0.22290E+03  0.13317E+03  0.17706E+02  0.12775E+02  0.12775E+02  0.12045E+00  0.12045E+00  0.18769E-01  0.46156E+04  0.96865E+05  0.22740E+04  0.22740E+04  0.10450E+01  0.10450E+01  0.22625E+01  0.92163E+03  0.71306E+04
  0.22800E+02  0.75013E+01  0.30000E+00  0.26038E+00  0.13902E+02  0.18455E+02  0.22293E+03  0.13321E+03  0.17708E+02  0.12774E+02  0.12774E+02  0.10640E+00  0.10640E+00  0.16589E-01  0.46660E+04  0.99718E+05  0.22740E+04  0.22740E+04  0.10450E+01  0.10450E+01  0.22625E+01  0.92163E+03  0.71306E+04
  0.23200E+02  0.75226E+01  0.30000E+00  0.26030E+00  0.13902E+02  0.18466E+02  0.22314E+03  0.13341E+03  0.17716E+02  0.12770E+02  0.12770E+02  0.82535E-01  0.82535E-01  0.12885E-01  0.47081E+04  0.10257E+06  0.22740E+04  0.22740E+04  0.10450E+01  0.10450E+01  0.22625E+01  0.92163E+03  0.71306E+04
  0.23600E+02  0.75262E+01  0.30000E+00  0.26028E+00  0.13902E+02  0.18468E+02  0.22317E+03  0.13344E+03  0.17717E+02  0.12769E+02  0.12769E+02  0.76340E-01  0.76340E-01  0.11921E-01  0.47423E+04  0.10542E+06  0.22740E+04  0.22740E+04  0.10450E+01  0.10450E+01  0.22625E+01  0.92163E+03  0.71306E+04
  0.24000E+02  0.74825E+01  0.30000E+00  0.26045E+00  0.13902E+02  0.18445E+02  0.22275E+03  0.13302E+03  0.17700E+02  0.12777E+02  0.12777E+02  0.11841E+00  0.11841E+00  0.18448E-01  0.47833E+04  0.10827E+06  0.22740E+04  0.22740E+04  0.10450E+01  0.10450E+01  0.22625E+01  0.92163E+03  0.71306E+04
  0.24400E+02  0.74424E+01  0.30000E+00  0.26060E+00  0.13902E+02  0.18424E+02  0.22237E+03  0.13264E+03  0.17685E+02  0.12785E+02  0.12785E+02  0.15462E+00  0.15462E+00  0.24042E-01  0.48473E+04  0.11113E+06  0.22740E+04  0.22740E+04  0.10450E+01  0.10450E+01  0.22625E+01  0.92163E+03  0.71306E+04
  0.24800E+02  0.74282E+01  0.30000E+00  0.26065E+00  0.13902E+02  0.18416E+02  0.22223E+03  0.13250E+03  0.17680E+02  0.12787E+02  0.12787E+02  0.15984E+00  0.15984E+00  0.24844E-01  0.49157E+04  0.11398E+06  0.22740E+04  0.22740E+04  0.10450E+01  0.10450E+01  0.22625E+01  0.92163E+03  0.71306E+04
  0.25200E+02  0.74223E+01  0.30000E+00  0.26856E+00  0.16176E+02  0.20185E+02  0.27498E+03  0.15449E+03  0.19669E+02  0.13175E+02  0.13175E+02  0.10891E+00  0.10891E+00  0.16464E-01  0.49853E+04  0.11717E+06  0.22740E+04  0.22740E+04  0.10451E+01  0.10451E+01  0.22625E+01  0.92163E+03  0.82966E+04
  0.25600E+02  0.74454E+01  0.30000E+00  0.26848E+00  0.16176E+02  0.20196E+02  0.27521E+03  0.15470E+03  0.19677E+02  0.13172E+02  0.13172E+02  0.91904E-01  0.91904E-01  0.13906E-01  0.50332E+04  0.12049E+06  0.22740E+04  0.22740E+04  0.10451E+01  0.10451E+01  0.22625E+01  0.92163E+03  0.82966E+04
  0.26000E+02  0.74252E+01  0.30000E+00  0.26855E+00  0.16176E+02  0.20186E+02  0.27500E+03  0.15451E+03  0.19670E+02  0.13175E+02  0.13175E+02  0.10707E+00  0.10707E+00  0.16187E-01  0.50835E+04  0.12381E+06  0.22740E+04  0.22740E+04  0.10451E+01  0.10451E+01  0.22625E+01  0.92163E+03  0.82966E+04
  0.26400E+02  0.74124E+01  0.30000E+00  0.26859E+00  0.16176E+02  0.20180E+02  0.27488E+03  0.15440E+03  0.19665E+02  0.13177E+02  0.13177E+02  0.11096E+00  0.11096E+00  0.16771E-01  0.51379E+04  0.12712E+06  0.22740E+04  0.22740E+04  0.10451E+01  0.10451E+01  0.22625E+01  0.92163E+03  0.82966E+04
  0.26800E+02  0.73946E+01  0.30000E+00  0.26865E+00  0.16176E+02  0.20171E+02  0.27470E+03  0.15423E+03  0.19659E+02  0.13180E+02  0.13180E+02  0.11868E+00  0.11868E+00  0.17928E-01  0.51960E+04  0.13044E+06  0.22740E+04  0.22740E+04  0.10451E+01  0.10451E+01  0.22625E+01  0.92163E+03  0.82966E+04
  0.27200E+02  0.73828E+01  0.30000E+00  0.26869E+00  0.16176E+02  0.20165E+02  0.27458E+03  0.15412E+03  0.19655E+02  0.13182E+02  0.13182E+02  0.11399E+00  0.11399E+00  0.17220E-01  0.52549E+04  0.13376E+06  0.22740E+04  0.22740E+04  0.10451E+01  0.10451E+01  0.22625E+01  0.92163E+03  0.82966E+04
  0.27600E+02  0.74040E+01  0.30000E+00  0.26862E+00  0.16176E+02  0.20176E+02  0.27479E+03  0.15432E+03  0.19662E+02  0.13178E+02  0.13178E+02  0.86051E-01  0.86051E-01  0.13017E-01  0.53056E+04  0.13708E+06  0.22740E+04  0.22740E+04  0.10451E+01  0.10451E+01  0.22625E+01  0.92163E+03  0.82966E+04
  0.28000E+02  0.74145E+01  0.30000E+00  0.26858E+00  0.16176E+02  0.20181E+02  0.27490E+03  0.15441E+03  0.19666E+02  0.13177E+02  0.13177E+02  0.65807E-01  0.65807E-01  0.99636E-02  0.53430E+04  0.14040E+06  0.22740E+04  0.22740E+04  0.10451E+01  0.10451E+01  0.22625E+01  0.92163E+03  0.82966E+04
  0.28400E+02  0.74023E+01  0.30000E+00  0.26862E+00  0.16176E+02  0.20175E+02  0.27478E+03  0.15430E+03  0.19662E+02  0.13178E+02  0.13178E+02  0.60914E-01  0.60914E-01  0.92232E-02  0.53741E+04  0.14372E+06  0.22740E+04  0.22740E+04  0.10451E+01  0.10451E+01  0.22625E+01  0.92163E+03  0.82966E+04
  0.28800E+02  0.73853E+01  0.30000E+00  0.26868E+00  0.16176E+02  0.20167E+02  0.27461E+03  0.15414E+03  0.19656E+02  0.13181E+02  0.13181E+02  0.63847E-01  0.63847E-01  0.96642E-02  0.54056E+04  0.14704E+06  0.22740E+04  0.22740E+04  0.10451E+01  0.10451E+01  0.22625E+01  0.92163E+03  0.82966E+04
  0.29200E+02  0.73421E+01  0.30000E+00  0.26882E+00  0.16176E+02  0.20146E+02  0.27418E+03  0.15374E+03  0.19640E+02  0.13188E+02  0.13188E+02  0.10234E+00  0.10234E+00  0.15460E-01  0.54434E+04  0.15036E+06  0.22740E+04  0.22740E+04  0.10451E+01  0.10451E+01  0.22625E+01  0.92163E+03  0.82966E+04
  0.29600E+02  0.72733E+01  0.30000E+00  0.26904E+00  0.16176E+02  0.20112E+02  0.27349E+03  0.15310E+03  0.19616E+02  0.13199E+02  0.13199E+02  0.16255E+00  0.16255E+00  0.24478E-01  0.55155E+04  0.15367E+06  0.22740E+04  0.22740E+04  0.10451E+01  0.10451E+01  0.22625E+01  0.92163E+03  0.82966E+04
  0.30000E+02  0.73090E+01  0.30000E+00  0.26893E+00  0.16176E+02  0.20130E+02  0.27385E+03  0.15343E+03  0.19629E+02  0.13193E+02  0.13193E+02  0.11139E+00  0.11139E+00  0.16814E-01  0.55840E+04  0.15699E+06  0.22740E+04  0.22740E+04  0.10451E+01  0.10451E+01  0.22625E+01  0.92163E+03  0.82966E+04
  0.30400E+02  0.73064E+01  0.30000E+00  0.26894E+00  0.16176E+02  0.20128E+02  0.27382E+03  0.15341E+03  0.19628E+02  0.13194E+02  0.13194E+02  0.10134E+00  0.10134E+00  0.15303E-01  0.56357E+04  0.16031E+06  0.22740E+04  0.22740E+04  0.10451E+01  0.10451E+01  0.22625E+01  0.92163E+03  0.82966E+04
  0.30800E+02  0.73109E+01  0.30000E+00  0.26925E+00  0.16289E+02  0.20222E+02  0.27661E+03  0.15466E+03  0.19731E+02  0.13209E+02  0.13209E+02  0.84630E-01  0.84630E-01  0.12773E-01  0.56837E+04  0.16364E+06  0.22740E+04  0.22740E+04  0.10454E+01  0.10454E+01  0.22625E+01  0.92163E+03  0.83549E+04
  0.31200E+02  0.73123E+01  0.30000E+00  0.26925E+00  0.16289E+02  0.20223E+02  0.27662E+03  0.15467E+03  0.19731E+02  0.13209E+02  0.13209E+02  0.72524E-01  0.72524E-01  0.10951E-01  0.57220E+04  0.16698E+06  0.22740E+04  0.22740E+04  0.10454E+01  0.10454E+01  0.22625E+01  0.92163E+03  0.83549E+04
  0.31600E+02  0.72934E+01  0.30000E+00  0.26931E+00  0.16289E+02  0.20213E+02  0.27643E+03  0.15450E+03  0.19724E+02  0.13212E+02  0.13212E+02  0.79001E-01  0.79001E-01  0.11923E-01  0.57602E+04  0.17033E+06  0.22740E+04  0.22740E+04  0.10454E+01  0.10454E+01  0.22625E+01  0.92163E+03  0.83549E+04
  0.32000E+02  0.72795E+01  0.30000E+00  0.26935E+00  0.16289E+02  0.20207E+02  0.27629E+03  0.15437E+03  0.19720E+02  0.13214E+02  0.13214E+02  0.83938E-01  0.83938E-01  0.12664E-01  0.58012E+04  0.17367E+06  0.22740E+04  0.22740E+04  0.10454E+01  0.10454E+01  0.22625E+01  0.92163E+03  0.83549E+04
  0.32400E+02  0.72694E+01  0.30000E+00  0.26939E+00  0.16289E+02  0.20202E+02  0.27619E+03  0.15427E+03  0.19716E+02  0.13216E+02  0.13216E+02  0.85886E-01  0.85886E-01  0.12955E-01  0.58444E+04  0.17701E+06  0.22740E+04  0.22740E+04  0.10454E+01  0.10454E+01  0.22625E+01  0.92163E+03  0.83549E+04
  0.32800E+02  0.72615E+01  0.30000E+00  0.26941E+00  0.16289E+02  0.20198E+02  0.27611E+03  0.15420E+03  0.19713E+02  0.13217E+02  0.13217E+02  0.81968E-01  0.81968E-01  0.12365E-01  0.58868E+04  0.18035E+06  0.22740E+04  0.22740E+04  0.10454E+01  0.10454E+01  0.22625E+01  0.92163E+03  0.83549E+04
  0.33200E+02  0.72567E+01  0.30000E+00  0.26943E+00  0.16289E+02  0.20196E+02  0.27606E+03  0.15416E+03  0.19711E+02  0.13218E+02  0.13218E+02  0.73926E-01  0.73926E-01  0.11154E-01  0.59264E+04  0.18369E+06  0.22740E+04  0.22740E+04  0.10454E+01  0.10454E+01  0.22625E+01  0.92163E+03  0.83549E+04
  0.33600E+02  0.72573E+01  0.30000E+00  0.26943E+00  0.16289E+02  0.20196E+02  0.27607E+03  0.15416E+03  0.19712E+02  0.13218E+02  0.13218E+02  0.62797E-01  0.62797E-01  0.94793E-02  0.59607E+04  0.18704E+06  0.22740E+04  0.22740E+04  0.10454E+01  0.10454E+01  0.22625E+01  0.92163E+03  0.83549E+04
  0.34000E+02  0.72525E+01  0.30000E+00  0.26944E+00  0.16289E+02  0.20194E+02  0.27602E+03  0.15412E+03  0.19710E+02  0.13219E+02  0.13219E+02  0.57428E-01  0.57428E-01  0.86701E-02  0.59907E+04  0.19038E+06  0.22740E+04  0.22740E+04  0.10454E+01  0.10454E+01  0.22625E+01  0.92163E+03  0.83549E+04
  0.34400E+02  0.72402E+01  0.30000E+00  0.26948E+00  0.16289E+02  0.20188E+02  0.27590E+03  0.15400E+03  0.19706E+02  0.13221E+02  0.13221E+02  0.60299E-01  0.60299E-01  0.91011E-02  0.60200E+04  0.19372E+06  0.22740E+04  0.22740E+04  0.10454E+01  0.10454E+01  0.22625E+01  0.92163E+03  0.83549E+04
  0.34800E+02  0.72179E+01  0.30000E+00  0.26955E+00  0.16289E+02  0.20177E+02  0.27568E+03  0.15380E+03  0.19698E+02  0.13224E+02  0.13224E+02  0.74257E-01  0.74257E-01  0.11199E-01  0.60535E+04  0.19706E+06  0.22740E+04  0.22740E+04  0.10454E+01  0.10454E+01  0.22625E+01  0.92163E+03  0.83549E+04
  0.35200E+02  0.71902E+01  0.30000E+00  0.26964E+00  0.16289E+02  0.20163E+02  0.27540E+03  0.15354E+03  0.19688E+02  0.13229E+02  0.13229E+02  0.93841E-01  0.93841E-01  0.14137E-01  0.60960E+04  0.20040E+06  0.22740E+04  0.22740E+04  0.10454E+01  0.10454E+01  0.22625E+01  0.92163E+03  0.83549E+04
  0.35600E+02  0.71778E+01  0.30000E+00  0.26969E+00  0.16289E+02  0.20157E+02  0.27528E+03  0.15342E+03  0.19683E+02  0.13231E+02  0.13231E+02  0.94802E-01  0.94802E-01  0.14279E-01  0.61447E+04  0.20375E+06  0.22740E+04  0.22740E+04  0.10454E+01  0.10454E+01  0.22625E+01  0.92163E+03  0.83549E+04
  0.36000E+02  0.71848E+01  0.30000E+00  0.26966E+00  0.16289E+02  0.20161E+02  0.27535E+03  0.15349E+03  0.19686E+02  0.13229E+02  0.13229E+02  0.76438E-01  0.76438E-01  0.11522E-01  0.61880E+04  0.20709E+06  0.22740E+04  0.22740E+04  0.10454E+01  0.10454E+01  0.22625E+01  0.92163E+03  0.83549E+04
  0.36400E+02  0.71913E+01  0.30000E+00  0.26964E+00  0.16289E+02  0.20164E+02  0.27541E+03  0.15355E+03  0.19688E+02  0.13228E+02  0.13228E+02  0.60887E-01  0.60887E-01  0.91843E-02  0.62223E+04  0.21043E+06  0.22740E+04  0.22740E+04  0.10454E+01  0.10454E+01  0.22625E+01  0.92163E+03  0.83549E+04
  0.36800E+02  0.71910E+01  0.30000E+00  0.26964E+00  0.16289E+02  0.20164E+02  0.27541E+03  0.15355E+03  0.19688E+02  0.13228E+02  0.13228E+02  0.53103E-01  0.53103E-01  0.80125E-02  0.62507E+04  0.21377E+06  0.22740E+04  0.22740E+04  0.10454E+01  0.10454E+01  0.22625E+01  0.92163E+03  0.83549E+04
  0.37200E+02  0.71850E+01  0.30000E+00  0.26966E+00  0.16289E+02  0.20161E+02  0.27535E+03  0.15349E+03  0.19686E+02  0.13229E+02  0.13229E+02  0.51074E-01  0.51074E-01  0.77064E-02  0.62768E+04  0.21711E+06  0.22740E+04  0.22740E+04  0.10454E+01  0.10454E+01  0.22625E+01  0.92163E+03  0.83549E+04
  0.37600E+02  0.71779E+01  0.30000E+00  0.26969E+00  0.16289E+02  0.20157E+02  0.27528E+03  0.15342E+03  0.19683E+02  0.13231E+02  0.13231E+02  0.50354E-01  0.50354E-01  0.75973E-02  0.63024E+04  0.22046E+06  0.22740E+04  0.22740E+04  0.10454E+01  0.10454E+01  0.22625E+01  0.92163E+03  0.83549E+04
  0.38000E+02  0.71704E+01  0.30000E+00  0.26971E+00  0.16289E+02  0.20154E+02  0.27520E+03  0.15336E+03  0.19681E+02  0.13232E+02  0.13232E+02  0.49402E-01  0.49402E-01  0.74532E-02  0.63275E+04  0.22380E+06  0.22740E+04  0.22740E+04  0.10454E+01  0.10454E+01  0.22625E+01  0.92163E+03  0.83549E+04
  0.38400E+02  0.71593E+01  0.30000E+00  0.26975E+00  0.16289E+02  0.20148E+02  0.27509E+03  0.15325E+03  0.19677E+02  0.13234E+02  0.13234E+02  0.51201E-01  0.51201E-01  0.77231E-02  0.63527E+04  0.22714E+06  0.22740E+04  0.22740E+04  0.10454E+01  0.10454E+01  0.22625E+01  0.92163E+03  0.83549E+04
  0.38800E+02  0.71505E+01  0.30000E+00  0.26977E+00  0.16289E+02  0.20144E+02  0.27501E+03  0.15317E+03  0.19674E+02  0.13235E+02  0.13235E+02  0.51783E-01  0.51783E-01  0.78099E-02  0.63789E+04  0.23048E+06  0.22740E+04  0.22740E+04  0.10454E+01  0.10454E+01  0.22625E+01  0.92163E+03  0.83549E+04
  0.39200E+02  0.71467E+01  0.30000E+00  0.26979E+00  0.16289E+02  0.20142E+02  0.27497E+03  0.15313E+03  0.19672E+02  0.13236E+02  0.13236E+02  0.48648E-01  0.48648E-01  0.73377E-02  0.64043E+04  0.23382E+06  0.22740E+04  0.22740E+04  0.10454E+01  0.10454E+01  0.22625E+01  0.92163E+03  0.83549E+04
  0.39600E+02  0.71433E+01  0.30000E+00  0.26980E+00  0.16289E+02  0.20140E+02  0.27493E+03  0.15310E+03  0.19671E+02  0.13236E+02  0.13236E+02  0.45059E-01  0.45059E-01  0.67969E-02  0.64278E+04  0.23717E+06  0.22740E+04  0.22740E+04  0.10454E+01  0.10454E+01  0.22625E+01  0.92163E+03  0.83549E+04
  0.40000E+02  0.71388E+01  0.30000E+00  0.26981E+00  0.16289E+02  0.20138E+02  0.27489E+03  0.15306E+03  0.19669E+02  0.13237E+02  0.13237E+02  0.42270E-01  0.42270E-01  0.63765E-02  0.64498E+04  0.24051E+06  0.22740E+04  0.22740E+04  0.10454E+01  0.10454E+01  0.22625E+01  0.92163E+03  0.83549E+04
  0.40400E+02  0.71490E+01  0.30000E+00  0.26380E+00  0.14448E+02  0.18685E+02  0.23122E+03  0.13478E+03  0.18045E+02  0.12941E+02  0.12941E+02  0.53974E-01  0.53974E-01  0.83238E-02  0.64710E+04  0.24364E+06  0.22740E+04  0.22740E+04  0.10459E+01  0.10459E+01  0.22625E+01  0.92163E+03  0.74100E+04
  0.40800E+02  0.71254E+01  0.30000E+00  0.26388E+00  0.14448E+02  0.18673E+02  0.23099E+03  0.13455E+03  0.18036E+02  0.12946E+02  0.12946E+02  0.54333E-01  0.54333E-01  0.83763E-02  0.64968E+04  0.24660E+06  0.22740E+04  0.22740E+04  0.10459E+01  0.10459E+01  0.22625E+01  0.92163E+03  0.74100E+04
  0.41200E+02  0.71177E+01  0.30000E+00  0.26391E+00  0.14448E+02  0.18669E+02  0.23091E+03  0.13448E+03  0.18033E+02  0.12947E+02  0.12947E+02  0.52922E-01  0.52922E-01  0.81584E-02  0.65209E+04  0.24957E+06  0.22740E+04  0.22740E+04  0.10459E+01  0.10459E+01  0.22625E+01  0.92163E+03  0.74100E+04
  0.41600E+02  0.71080E+01  0.30000E+00  0.26395E+00  0.14448E+02  0.18664E+02  0.23082E+03  0.13439E+03  0.18030E+02  0.12949E+02  0.12949E+02  0.56085E-01  0.56085E-01  0.86437E-02  0.65458E+04  0.25253E+06  0.22740E+04  0.22740E+04  0.10459E+01  0.10459E+01  0.22625E+01  0.92163E+03  0.74100E+04
  0.42000E+02  0.71056E+01  0.30000E+00  0.26396E+00  0.14448E+02  0.18662E+02  0.23079E+03  0.13437E+03  0.18029E+02  0.12949E+02  0.12949E+02  0.55998E-01  0.55998E-01  0.86300E-02  0.65716E+04  0.25549E+06  0.22740E+04  0.22740E+04  0.10459E+01  0.10459E+01  0.22625E+01  0.92163E+03  0.74100E+04
  0.42400E+02  0.70997E+01  0.30000E+00  0.26398E+00  0.14448E+02  0.18659E+02  0.23073E+03  0.13431E+03  0.18027E+02  0.12950E+02  0.12950E+02  0.52054E-01  0.52054E-01  0.80228E-02  0.65965E+04  0.25846E+06  0.22740E+04  0.22740E+04  0.10459E+01  0.10459E+01  0.22625E+01  0.92163E+03  0.74100E+04
  0.42800E+02  0.71124E+01  0.30000E+00  0.26393E+00  0.14448E+02  0.18666E+02  0.23086E+03  0.13443E+03  0.18031E+02  0.12948E+02  0.12948E+02  0.42475E-01  0.42475E-01  0.65500E-02  0.66182E+04  0.26142E+06  0.22740E+04  0.22740E+04  0.10459E+01  0.10459E+01  0.22625E+01  0.92163E+03  0.74100E+04
  0.43200E+02  0.71225E+01  0.30000E+00  0.26389E+00  0.14448E+02  0.18671E+02  0.23096E+03  0.13453E+03  0.18035E+02  0.12946E+02  0.12946E+02  0.33555E-01  0.33555E-01  0.51770E-02  0.66351E+04  0.26439E+06  0.22740E+04  0.22740E+04  0.10459E+01  0.10459E+01  0.22625E+01  0.92163E+03  0.74100E+04
  0.43600E+02  0.71087E+01  0.30000E+00  0.26395E+00  0.14448E+02  0.18664E+02  0.23082E+03  0.13440E+03  0.18030E+02  0.12949E+02  0.12949E+02  0.31955E-01  0.31955E-01  0.49295E-02  0.66503E+04  0.26735E+06  0.22740E+04  0.22740E+04  0.10459E+01  0.10459E+01  0.22625E+01  0.92163E+03  0.74100E+04
  0.44000E+02  0.71076E+01  0.30000E+00  0.26395E+00  0.14448E+02  0.18663E+02  0.23081E+03  0.13439E+03  0.18030E+02  0.12949E+02  0.12949E+02  0.28153E-01  0.28153E-01  0.43436E-02  0.66640E+04  0.27031E+06  0.22740E+04  0.22740E+04  0.10459E+01  0.10459E+01  0.22625E+01  0.92163E+03  0.74100E+04
  0.44400E+02  0.71100E+01  0.30000E+00  0.26394E+00  0.14448E+02  0.18665E+02  0.23084E+03  0.13441E+03  0.18031E+02  0.12949E+02  0.12949E+02  0.25565E-01  0.25565E-01  0.39448E-02  0.66763E+04  0.27328E+06  0.22740E+04  0.22740E+04  0.10459E+01  0.10459E+01  0.22625E+01  0.92163E+03  0.74100E+04
  0.44800E+02  0.71082E+01  0.30000E+00  0.26395E+00  0.14448E+02  0.18664E+02  0.23082E+03  0.13439E+03  0.18030E+02  0.12949E+02  0.12949E+02  0.22987E-01  0.22987E-01  0.35473E-02  0.66873E+04  0.27624E+06  0.22740E+04  0.22740E+04  0.10459E+01  0.10459E+01  0.22625E+01  0.92163E+03  0.74100E+04
  0.45200E+02  0.71584E+01  0.30000E+00  0.22523E+00  0.80905E+01  0.14354E+02  0.11638E+03  0.93161E+02  0.12809E+02  0.11049E+02  0.11049E+02  0.61461E-01  0.61461E-01  0.11095E-01  0.66982E+04  0.27847E+06  0.22740E+04  0.22740E+04  0.10467E+01  0.10467E+01  0.22625E+01  0.92163E+03  0.41491E+04
  0.45600E+02  0.71031E+01  0.30000E+00  0.22552E+00  0.80905E+01  0.14316E+02  0.11592E+03  0.92548E+02  0.12783E+02  0.11063E+02  0.11063E+02  0.65921E-01  0.65921E-01  0.11882E-01  0.67198E+04  0.28013E+06  0.22740E+04  0.22740E+04  0.10467E+01  0.10467E+01  0.22625E+01  0.92163E+03  0.41491E+04
  0.46000E+02  0.70934E+01  0.30000E+00  0.22558E+00  0.80905E+01  0.14310E+02  0.11584E+03  0.92441E+02  0.12779E+02  0.11066E+02  0.11066E+02  0.52308E-01  0.52308E-01  0.94317E-02  0.67366E+04  0.28179E+06  0.22740E+04  0.22740E+04  0.10467E+01  0.10467E+01  0.22625E+01  0.92163E+03  0.41491E+04
  0.46400E+02  0.70931E+01  0.30000E+00  0.22558E+00  0.80905E+01  0.14310E+02  0.11583E+03  0.92438E+02  0.12779E+02  0.11066E+02  0.11066E+02  0.50337E-01  0.50337E-01  0.90769E-02  0.67522E+04  0.28345E+06  0.22740E+04  0.22740E+04  0.10467E+01  0.10467E+01  0.22625E+01  0.92163E+03  0.41491E+04
  0.46800E+02  0.71137E+01  0.30000E+00  0.22547E+00  0.80905E+01  0.14324E+02  0.11601E+03  0.92666E+02  0.12788E+02  0.11060E+02  0.11060E+02  0.43280E-01  0.43280E-01  0.78107E-02  0.67662E+04  0.28511E+06  0.22740E+04  0.22740E+04  0.10467E+01  0.10467E+01  0.22625E+01  0.92163E+03  0.41491E+04
  0.47200E+02  0.70999E+01  0.30000E+00  0.22554E+00  0.80905E+01  0.14314E+02  0.11589E+03  0.92513E+02  0.12782E+02  0.11064E+02  0.11064E+02  0.41880E-01  0.41880E-01  0.75561E-02  0.67790E+04  0.28677E+06  0.22740E+04  0.22740E+04  0.10467E+01  0.10467E+01  0.22625E+01  0.92163E+03  0.41491E+04
  0.47600E+02  0.71482E+01  0.30000E+00  0.22528E+00  0.80905E+01  0.14347E+02  0.11629E+03  0.93049E+02  0.12804E+02  0.11051E+02  0.11051E+02  0.32504E-01  0.32504E-01  0.58737E-02  0.67903E+04  0.28843E+06  0.22740E+04  0.22740E+04  0.10467E+01  0.10467E+01  0.22625E+01  0.92163E+03  0.41491E+04
  0.48000E+02  0.71603E+01  0.30000E+00  0.22522E+00  0.80905E+01  0.14356E+02  0.11639E+03  0.93183E+02  0.12810E+02  0.11048E+02  0.11048E+02  0.29826E-01  0.29826E-01  0.53920E-02  0.67989E+04  0.29009E+06  0.22740E+04  0.22740E+04  0.10467E+01  0.10467E+01  0.22625E+01  0.92163E+03  0.41491E+04
  0.48400E+02  0.71149E+01  0.30000E+00  0.22546E+00  0.80905E+01  0.14325E+02  0.11602E+03  0.92679E+02  0.12789E+02  0.11060E+02  0.11060E+02  0.40468E-01  0.40468E-01  0.73044E-02  0.68100E+04  0.29175E+06  0.22740E+04  0.22740E+04  0.10467E+01  0.10467E+01  0.22625E+01  0.92163E+03  0.41491E+04
  0.48800E+02  0.71087E+01  0.30000E+00  0.22549E+00  0.80905E+01  0.14320E+02  0.11596E+03  0.92610E+02  0.12786E+02  0.11062E+02  0.11062E+02  0.42002E-01  0.42002E-01  0.75796E-02  0.68225E+04  0.29341E+06  0.22740E+04  0.22740E+04  0.10467E+01  0.10467E+01  0.22625E+01  0.92163E+03  0.41491E+04
  0.49200E+02  0.71328E+01  0.30000E+00  0.22536E+00  0.80905E+01  0.14337E+02  0.11616E+03  0.92877E+02  0.12797E+02  0.11055E+02  0.11055E+02  0.37696E-01  0.37696E-01  0.68079E-02  0.68346E+04  0.29507E+06  0.22740E+04  0.22740E+04  0.10467E+01  0.10467E+01  0.22625E+01  0.92163E+03  0.41491E+04
  0.49600E+02  0.71393E+01  0.30000E+00  0.22533E+00  0.80905E+01  0.14341E+02  0.11622E+03  0.92950E+02  0.12800E+02  0.11054E+02  0.11054E+02  0.29886E-01  0.29886E-01  0.54002E-02  0.68447E+04  0.29673E+06  0.22740E+04  0.22740E+04  0.10467E+01  0.10467E+01  0.22625E+01  0.92163E+03  0.41491E+04
  0.50000E+02  0.71952E+01  0.30000E+00  0.63398E-01  0.53141E+00  0.11899E+02  0.22464E+02  0.22744E+03  0.56334E+01  0.31100E+01  0.31100E+01  0.71486E-01  0.71486E-01  0.45444E-01  0.68501E+04  0.29752E+06  0.22740E+04  0.22740E+04  0.10474E+01  0.10474E+01  0.22625E+01  0.92163E+03  0.27252E+03
  0.50400E+02  0.71594E+01  0.30000E+00  0.63477E-01  0.53141E+00  0.11870E+02  0.22380E+02  0.22603E+03  0.56228E+01  0.31139E+01  0.31139E+01  0.65996E-01  0.65996E-01  0.41939E-01  0.68557E+04  0.29762E+06  0.22740E+04  0.22740E+04  0.10474E+01  0.10474E+01  0.22625E+01  0.92163E+03  0.27252E+03
  0.50800E+02  0.71389E+01  0.30000E+00  0.63522E-01  0.53141E+00  0.11853E+02  0.22332E+02  0.22522E+03  0.56168E+01  0.31161E+01  0.31161E+01  0.37205E-01  0.37205E-01  0.23737E-01  0.68588E+04  0.29773E+06  0.22740E+04  0.22740E+04  0.10474E+01  0.10474E+01  0.22625E+01  0.92163E+03  0.27252E+03
  0.51200E+02  0.71449E+01  0.30000E+00  0.63509E-01  0.53141E+00  0.11858E+02  0.22346E+02  0.22546E+03  0.56186E+01  0.31154E+01  0.31154E+01  0.45527E-01  0.45527E-01  0.29013E-01  0.68618E+04  0.29784E+06  0.22740E+04  0.22740E+04  0.10474E+01  0.10474E+01  0.22625E+01  0.92163E+03  0.27252E+03
  0.51600E+02  0.71962E+01  0.30000E+00  0.63396E-01  0.53141E+00  0.11900E+02  0.22466E+02  0.22748E+03  0.56336E+01  0.31099E+01  0.31099E+01  0.30864E-01  0.30864E-01  0.19751E-01  0.68645E+04  0.29795E+06  0.22740E+04  0.22740E+04  0.10474E+01  0.10474E+01  0.22625E+01  0.92163E+03  0.27252E+03
  0.52000E+02  0.71833E+01  0.30000E+00  0.63424E-01  0.53141E+00  0.11890E+02  0.22436E+02  0.22697E+03  0.56299E+01  0.31113E+01  0.31113E+01  0.30390E-01  0.30390E-01  0.19440E-01  0.68666E+04  0.29806E+06  0.22740E+04  0.22740E+04  0.10474E+01  0.10474E+01  0.22625E+01  0.92163E+03  0.27252E+03
  0.52400E+02  0.72156E+01  0.30000E+00  0.63353E-01  0.53141E+00  0.11916E+02  0.22511E+02  0.22824E+03  0.56393E+01  0.31078E+01  0.31078E+01  0.26470E-01  0.26470E-01  0.16962E-01  0.68687E+04  0.29817E+06  0.22740E+04  0.22740E+04  0.10474E+01  0.10474E+01  0.22625E+01  0.92163E+03  0.27252E+03
  0.52800E+02  0.72885E+01  0.30000E+00  0.63194E-01  0.53141E+00  0.11976E+02  0.22681E+02  0.23112E+03  0.56606E+01  0.31000E+01  0.31000E+01  0.15559E-01  0.15559E-01  0.10013E-01  0.68700E+04  0.29828E+06  0.22740E+04  0.22740E+04  0.10474E+01  0.10474E+01  0.22625E+01  0.92163E+03  0.27252E+03
  0.53200E+02  0.72046E+01  0.30000E+00  0.63377E-01  0.53141E+00  0.11907E+02  0.22486E+02  0.22781E+03  0.56361E+01  0.31090E+01  0.31090E+01  0.19984E-01  0.19984E-01  0.12815E-01  0.68713E+04  0.29839E+06  0.22740E+04  0.22740E+04  0.10474E+01  0.10474E+01  0.22625E+01  0.92163E+03  0.27252E+03
  0.53600E+02  0.71986E+01  0.00000E+00  0.00000E+00  0.00000E+00  0.00000E+00  0.00000E+00  0.00000E+00  0.00000E+00  0.00000E+00  0.00000E+00  0.00000E+00  0.30469E-01  0.00000E+00  0.68714E+04  0.29840E+06  0.22740E+04  0.22740E+04  0.10474E+01  0.10474E+01  0.22625E+01  0.92163E+03  0.00000E+00
  0.54000E+02  0.72277E+01  0.00000E+00  0.00000E+00  0.00000E+00  0.00000E+00  0.00000E+00  0.00000E+00  0.00000E+00  0.00000E+00  0.00000E+00  0.00000E+00  0.37126E-01  0.00000E+00  0.68714E+04  0.29840E+06  0.22740E+04  0.22740E+04  0.10474E+01  0.10474E+01  0.22625E+01  0.92163E+03  0.00000E+00
  0.54400E+02  0.72294E+01  0.00000E+00  0.00000E+00  0.00000E+00  0.00000E+00  0.00000E+00  0.00000E+00  0.00000E+00  0.00000E+00  0.00000E+00  0.00000E+00  0.46921E-01  0.00000E+00  0.68714E+04  0.29840E+06  0.22740E+04  0.22740E+04  0.10474E+01  0.10474E+01  0.22625E+01  0.92163E+03  0.00000E+00
  0.54800E+02  0.72314E+01  0.00000E+00  0.00000E+00  0.00000E+00  0.00000E+00  0.00000E+00  0.00000E+00  0.00000E+00  0.00000E+00  0.00000E+00  0.00000E+00  0.39088E-01  0.00000E+00  0.68714E+04  0.29840E+06  0.22740E+04  0.22740E+04  0.10474E+01  0.10474E+01  0.22625E+01  0.92163E+03  0.00000E+00
  0.55200E+02  0.72797E+01  0.00000E+00  0.00000E+00  0.00000E+00  0.00000E+00  0.00000E+00  0.00000E+00  0.00000E+00  0.00000E+00  0.00000E+00  0.00000E+00  0.20368E-01  0.00000E+00  0.68714E+04  0.29840E+06  0.22740E+04  0.22740E+04  0.10474E+01  0.10474E+01  0.22625E+01  0.92163E+03  0.00000E+00
  0.55600E+02  0.72770E+01  0.00000E+00  0.00000E+00  0.00000E+00  0.00000E+00  0.00000E+00  0.00000E+00  0.00000E+00  0.00000E+00  0.00000E+00  0.00000E+00  0.12221E-01  0.00000E+00  0.68714E+04  0.29840E+06  0.22740E+04  0.22740E+04  0.10474E+01  0.10474E+01  0.22625E+01  0.92163E+03  0.00000E+00
  0.56000E+02  0.72561E+01  0.00000E+00  0.00000E+00  0.00000E+00  0.00000E+00  0.00000E+00  0.00000E+00  0.00000E+00  0.00000E+00  0.00000E+00  0.00000E+00  0.10345E-01  0.00000E+00  0.68714E+04  0.29840E+06  0.22740E+04  0.22740E+04  0.10474E+01  0.10474E+01  0.22625E+01  0.92163E+03  0.00000E+00
  0.56400E+02  0.72795E+01  0.00000E+00  0.00000E+00  0.00000E+00  0.00000E+00  0.00000E+00  0.00000E+00  0.00000E+00  0.00000E+00  0.00000E+00  0.00000E+00  0.12339E-01  0.00000E+00  0.68714E+04  0.29840E+06  0.22740E+04  0.22740E+04  0.10474E+01  0.10474E+01  0.22625E+01  0.92163E+03  0.00000E+00
  0.56800E+02  0.73007E+01  0.00000E+00  0.00000E+00  0.00000E+00  0.00000E+00  0.00000E+00  0.00000E+00  0.00000E+00  0.00000E+00  0.00000E+00  0.00000E+00  0.17321E-01  0.00000E+00  0.68714E+04  0.29840E+06  0.22740E+04  0.22740E+04  0.10474E+01  0.10474E+01  0.22625E+01  0.92163E+03  0.00000E+00
  0.57200E+02  0.72964E+01  0.00000E+00  0.00000E+00  0.00000E+00  0.00000E+00  0.00000E+00  0.00000E+00  0.00000E+00  0.00000E+00  0.00000E+00  0.00000E+00  0.17101E-01  0.00000E+00  0.68714E+04  0.29840E+06  0.22740E+04  0.22740E+04  0.10474E+01  0.10474E+01  0.22625E+01  0.92163E+03  0.00000E+00
  0.57600E+02  0.72989E+01  0.00000E+00  0.00000E+00  0.00000E+00  0.00000E+00  0.00000E+00  0.00000E+00  0.00000E+00  0.00000E+00  0.00000E+00  0.00000E+00  0.11735E-01  0.00000E+00  0.68714E+04  0.29840E+06  0.22740E+04  0.22740E+04  0.10474E+01  0.10474E+01  0.22625E+01  0.92163E+03  0.00000E+00
  0.58000E+02  0.73158E+01  0.00000E+00  0.00000E+00  0.00000E+00  0.00000E+00  0.00000E+00  0.00000E+00  0.00000E+00  0.00000E+00  0.00000E+00  0.00000E+00  0.86742E-02  0.00000E+00  0.68714E+04  0.29840E+06  0.22740E+04  0.22740E+04  0.10474E+01  0.10474E+01  0.22625E+01  0.92163E+03  0.00000E+00
  0.58400E+02  0.73013E+01  0.00000E+00  0.00000E+00  0.00000E+00  0.00000E+00  0.00000E+00  0.00000E+00  0.00000E+00  0.00000E+00  0.00000E+00  0.00000E+00  0.90389E-02  0.00000E+00  0.68714E+04  0.29840E+06  0.22740E+04  0.22740E+04  0.10474E+01  0.10474E+01  0.22625E+01  0.92163E+03  0.00000E+00
  0.58800E+02  0.73078E+01  0.00000E+00  0.00000E+00  0.00000E+00  0.00000E+00  0.00000E+00  0.00000E+00  0.00000E+00  0.00000E+00  0.00000E+00  0.00000E+00  0.72638E-02  0.00000E+00  0.68714E+04  0.29840E+06  0.22740E+04  0.22740E+04  0.10474E+01  0.10474E+01  0.22625E+01  0.92163E+03  0.00000E+00
  0.59200E+02  0.73320E+01  0.00000E+00  0.00000E+00  0.00000E+00  0.00000E+00  0.00000E+00  0.00000E+00  0.00000E+00  0.00000E+00  0.00000E+00  0.00000E+00  0.52711E-02  0.00000E+00  0.68714E+04  0.29840E+06  0.22740E+04  0.22740E+04  0.10474E+01  0.10474E+01  0.22625E+01  0.92163E+03  0.00000E+00
  0.59600E+02  0.73381E+01  0.00000E+00  0.00000E+00  0.00000E+00  0.00000E+00  0.00000E+00  0.00000E+00  0.00000E+00  0.00000E+00  0.00000E+00  0.00000E+00  0.76423E-02  0.00000E+00  0.68714E+04  0.29840E+06  0.22740E+04  0.22740E+04  0.10474E+01  0.10474E+01  0.22625E+01  0.92163E+03  0.00000E+00
  0.60000E+02  0.73203E+01  0.00000E+00  0.00000E+00  0.00000E+00  0.00000E+00  0.00000E+00  0.00000E+00  0.00000E+00  0.00000E+00  0.00000E+00  0.00000E+00  0.17422E-01  0.00000E+00  0.68714E+04  0.29840E+06  0.22740E+04  0.22740E+04  0.10474E+01  0.10474E+01  0.22625E+01  0.92163E+03  0.00000E+00
