   60.000000000003780     
  0.89250E+00  0.00000E+00  0.38394E+03  0.38396E+03  0.38398E+03  0.38399E+03  0.38399E+03
  0.87750E+00  0.00000E+00  0.38394E+03  0.38396E+03  0.38398E+03  0.38399E+03  0.38399E+03
  0.86250E+00  0.00000E+00  0.38394E+03  0.38396E+03  0.38398E+03  0.38399E+03  0.38399E+03
  0.84750E+00  0.00000E+00  0.38394E+03  0.38396E+03  0.38398E+03  0.38399E+03  0.38399E+03
  0.83250E+00  0.00000E+00  0.38394E+03  0.38396E+03  0.38398E+03  0.38399E+03  0.38399E+03
  0.81750E+00  0.00000E+00  0.38394E+03  0.38396E+03  0.38398E+03  0.38399E+03  0.38399E+03
  0.80250E+00  0.00000E+00  0.38394E+03  0.38396E+03  0.38398E+03  0.38399E+03  0.38399E+03
  0.78750E+00  0.00000E+00  0.38394E+03  0.38396E+03  0.38398E+03  0.38399E+03  0.38399E+03
  0.77250E+00  0.00000E+00  0.38394E+03  0.38396E+03  0.38398E+03  0.38399E+03  0.38399E+03
  0.75750E+00  0.00000E+00  0.38394E+03  0.38396E+03  0.38398E+03  0.38399E+03  0.38399E+03
  0.74250E+00  0.00000E+00  0.38394E+03  0.38396E+03  0.38398E+03  0.38399E+03  0.38399E+03
  0.72750E+00  0.00000E+00  0.38394E+03  0.38396E+03  0.38398E+03  0.38399E+03  0.38399E+03
  0.71250E+00  0.00000E+00  0.38394E+03  0.38396E+03  0.38398E+03  0.38399E+03  0.38399E+03
  0.69750E+00  0.00000E+00  0.38394E+03  0.38396E+03  0.38398E+03  0.38399E+03  0.38399E+03
  0.68250E+00  0.00000E+00  0.38394E+03  0.38396E+03  0.38398E+03  0.38399E+03  0.38399E+03
  0.66750E+00  0.00000E+00  0.38394E+03  0.38396E+03  0.38398E+03  0.38399E+03  0.38399E+03
  0.65250E+00  0.00000E+00  0.38394E+03  0.38396E+03  0.38398E+03  0.38399E+03  0.38399E+03
  0.63750E+00  0.00000E+00  0.38394E+03  0.38396E+03  0.38398E+03  0.38399E+03  0.38399E+03
  0.62250E+00  0.00000E+00  0.38394E+03  0.38396E+03  0.38398E+03  0.38399E+03  0.38399E+03
  0.60750E+00  0.00000E+00  0.38394E+03  0.38396E+03  0.38398E+03  0.38399E+03  0.38399E+03
  0.59250E+00  0.00000E+00  0.38394E+03  0.38396E+03  0.38398E+03  0.38399E+03  0.38399E+03
  0.57750E+00  0.00000E+00  0.38394E+03  0.38396E+03  0.38398E+03  0.38399E+03  0.38399E+03
  0.56250E+00  0.00000E+00  0.38394E+03  0.38396E+03  0.38398E+03  0.38399E+03  0.38399E+03
  0.54750E+00  0.00000E+00  0.38394E+03  0.38396E+03  0.38398E+03  0.38399E+03  0.38399E+03
  0.53250E+00  0.00000E+00  0.38394E+03  0.38396E+03  0.38398E+03  0.38399E+03  0.38399E+03
  0.51750E+00  0.00000E+00  0.38394E+03  0.38396E+03  0.38398E+03  0.38399E+03  0.38399E+03
  0.50250E+00  0.00000E+00  0.38394E+03  0.38396E+03  0.38398E+03  0.38399E+03  0.38399E+03
  0.48750E+00  0.00000E+00  0.38394E+03  0.38396E+03  0.38398E+03  0.38399E+03  0.38399E+03
  0.47250E+00  0.00000E+00  0.38394E+03  0.38396E+03  0.38398E+03  0.38399E+03  0.38399E+03
  0.45750E+00  0.00000E+00  0.38394E+03  0.38396E+03  0.38398E+03  0.38399E+03  0.38399E+03
  0.44250E+00  0.00000E+00  0.38394E+03  0.38396E+03  0.38398E+03  0.38399E+03  0.38399E+03
  0.42750E+00  0.00000E+00  0.38394E+03  0.38396E+03  0.38398E+03  0.38399E+03  0.38399E+03
  0.41250E+00  0.00000E+00  0.38394E+03  0.38396E+03  0.38398E+03  0.38399E+03  0.38399E+03
  0.39750E+00  0.00000E+00  0.38394E+03  0.38396E+03  0.38398E+03  0.38399E+03  0.38399E+03
  0.38250E+00  0.00000E+00  0.38394E+03  0.38396E+03  0.38398E+03  0.38399E+03  0.38399E+03
  0.36750E+00  0.00000E+00  0.38394E+03  0.38396E+03  0.38398E+03  0.38399E+03  0.38399E+03
  0.35250E+00  0.00000E+00  0.38394E+03  0.38396E+03  0.38398E+03  0.38399E+03  0.38399E+03
  0.33750E+00  0.00000E+00  0.38394E+03  0.38396E+03  0.38398E+03  0.38399E+03  0.38399E+03
  0.32250E+00  0.00000E+00  0.38394E+03  0.38396E+03  0.38398E+03  0.38399E+03  0.38399E+03
  0.30750E+00  0.00000E+00  0.38394E+03  0.38396E+03  0.38398E+03  0.38399E+03  0.38399E+03
  0.29250E+00  0.00000E+00  0.38394E+03  0.38396E+03  0.38398E+03  0.38399E+03  0.38399E+03
  0.27750E+00  0.00000E+00  0.38394E+03  0.38396E+03  0.38398E+03  0.38399E+03  0.38399E+03
  0.26250E+00  0.00000E+00  0.38394E+03  0.38396E+03  0.38398E+03  0.38399E+03  0.38399E+03
  0.24750E+00  0.00000E+00  0.38394E+03  0.38396E+03  0.38398E+03  0.38399E+03  0.38399E+03
  0.23250E+00  0.00000E+00  0.38394E+03  0.38396E+03  0.38398E+03  0.38399E+03  0.38399E+03
  0.21750E+00  0.00000E+00  0.38394E+03  0.38396E+03  0.38398E+03  0.38399E+03  0.38399E+03
  0.20250E+00  0.00000E+00  0.38394E+03  0.38396E+03  0.38398E+03  0.38399E+03  0.38399E+03
  0.18750E+00  0.00000E+00  0.38394E+03  0.38396E+03  0.38398E+03  0.38399E+03  0.38399E+03
  0.17250E+00  0.00000E+00  0.38394E+03  0.38396E+03  0.38398E+03  0.38399E+03  0.38399E+03
  0.15750E+00  0.00000E+00  0.38394E+03  0.38396E+03  0.38398E+03  0.38399E+03  0.38399E+03
  0.14250E+00  0.00000E+00  0.38394E+03  0.38396E+03  0.38398E+03  0.38399E+03  0.38399E+03
  0.12750E+00  0.00000E+00  0.38394E+03  0.38396E+03  0.38398E+03  0.38399E+03  0.38399E+03
  0.11250E+00  0.00000E+00  0.38394E+03  0.38396E+03  0.38398E+03  0.38399E+03  0.38399E+03
  0.97500E-01  0.00000E+00  0.38394E+03  0.38396E+03  0.38398E+03  0.38399E+03  0.38399E+03
  0.82500E-01  0.00000E+00  0.38394E+03  0.38396E+03  0.38398E+03  0.38399E+03  0.38399E+03
  0.67500E-01  0.00000E+00  0.38394E+03  0.38396E+03  0.38398E+03  0.38399E+03  0.38399E+03
  0.52500E-01  0.00000E+00  0.38394E+03  0.38396E+03  0.38398E+03  0.38399E+03  0.38399E+03
  0.37500E-01  0.00000E+00  0.38394E+03  0.38396E+03  0.38398E+03  0.38399E+03  0.38399E+03
  0.22500E-01  0.00000E+00  0.38395E+03  0.38397E+03  0.38398E+03  0.38399E+03  0.38399E+03
  0.75000E-02  0.00000E+00  0.38399E+03  0.38399E+03  0.38399E+03  0.38400E+03  0.38400E+03
