 0.50050E+01
 0.50000E-01  0.10010E+03  0.10010E+03  0.10010E+03  0.15696E+05  0.12167E+03  0.29815E+03  0.00000E+00  0.00000E+00  0.00000E+00  0.00000E+00  0.10010E+03  0.00000E+00  0.00000E+00  0.33633E+03  0.00000E+00  0.00000E+00  0.00000E+00  0.00000E+00  0.00000E+00  0.00000E+00  0.00000E+00  0.00000E+00  0.00000E+00  0.78074E+03  0.78074E+03  0.00000E+00  0.00000E+00  0.00000E+00  0.78074E+03
 0.15000E+00  0.10010E+03  0.10010E+03  0.10010E+03  0.15696E+05  0.12167E+03  0.29815E+03  0.00000E+00  0.00000E+00  0.00000E+00  0.00000E+00  0.10010E+03  0.00000E+00  0.00000E+00  0.33633E+03  0.00000E+00  0.00000E+00  0.00000E+00  0.00000E+00  0.00000E+00  0.00000E+00  0.00000E+00  0.00000E+00  0.00000E+00  0.78074E+03  0.78074E+03  0.00000E+00  0.00000E+00  0.00000E+00  0.78074E+03
 0.15000E+00  0.10010E+03  0.10010E+03  0.10010E+03  0.19917E+05  0.12167E+03  0.29815E+03  0.00000E+00  0.00000E+00  0.00000E+00  0.00000E+00  0.10010E+03  0.00000E+00  0.00000E+00  0.33600E+03  0.00000E+00  0.00000E+00  0.00000E+00  0.00000E+00  0.00000E+00  0.00000E+00  0.00000E+00  0.00000E+00  0.00000E+00  0.15615E+04  0.15615E+04  0.00000E+00  0.00000E+00  0.00000E+00  0.15615E+04
 0.25000E+00  0.10010E+03  0.10010E+03  0.10010E+03  0.19917E+05  0.12167E+03  0.29815E+03  0.00000E+00  0.00000E+00  0.00000E+00  0.00000E+00  0.10010E+03  0.00000E+00  0.00000E+00  0.33600E+03  0.00000E+00  0.00000E+00  0.00000E+00  0.00000E+00  0.00000E+00  0.00000E+00  0.00000E+00  0.00000E+00  0.00000E+00  0.15615E+04  0.15615E+04  0.00000E+00  0.00000E+00  0.00000E+00  0.15615E+04
 0.25000E+00  0.10010E+03  0.10010E+03  0.10010E+03  0.78389E+03  0.12167E+03  0.29815E+03  0.00000E+00  0.00000E+00  0.00000E+00  0.00000E+00  0.10010E+03  0.00000E+00  0.00000E+00  0.33600E+03  0.00000E+00  0.00000E+00  0.00000E+00  0.00000E+00  0.00000E+00  0.00000E+00  0.00000E+00  0.00000E+00  0.00000E+00  0.23422E+04  0.23422E+04  0.00000E+00  0.00000E+00  0.00000E+00  0.23422E+04
 0.35000E+00  0.10010E+03  0.10010E+03  0.10010E+03  0.78389E+03  0.12167E+03  0.29815E+03  0.00000E+00  0.00000E+00  0.00000E+00  0.00000E+00  0.10010E+03  0.00000E+00  0.00000E+00  0.33600E+03  0.00000E+00  0.00000E+00  0.00000E+00  0.00000E+00  0.00000E+00  0.00000E+00  0.00000E+00  0.00000E+00  0.00000E+00  0.23422E+04  0.23422E+04  0.00000E+00  0.00000E+00  0.00000E+00  0.23422E+04
 0.35000E+00  0.10010E+03  0.10010E+03  0.10010E+03  0.21725E+04  0.12167E+03  0.29815E+03  0.00000E+00  0.00000E+00  0.00000E+00  0.00000E+00  0.10010E+03  0.00000E+00  0.00000E+00  0.33600E+03  0.00000E+00  0.00000E+00  0.00000E+00  0.00000E+00  0.00000E+00  0.00000E+00  0.00000E+00  0.00000E+00  0.00000E+00  0.31230E+04  0.31230E+04  0.00000E+00  0.00000E+00  0.00000E+00  0.31230E+04
 0.45000E+00  0.10010E+03  0.10010E+03  0.10010E+03  0.21725E+04  0.12167E+03  0.29815E+03  0.00000E+00  0.00000E+00  0.00000E+00  0.00000E+00  0.10010E+03  0.00000E+00  0.00000E+00  0.33600E+03  0.00000E+00  0.00000E+00  0.00000E+00  0.00000E+00  0.00000E+00  0.00000E+00  0.00000E+00  0.00000E+00  0.00000E+00  0.31230E+04  0.31230E+04  0.00000E+00  0.00000E+00  0.00000E+00  0.31230E+04
 0.45000E+00  0.10010E+03  0.10010E+03  0.10010E+03  0.17264E+03  0.12167E+03  0.29815E+03  0.00000E+00  0.00000E+00  0.00000E+00  0.00000E+00  0.10010E+03  0.00000E+00  0.00000E+00  0.33600E+03  0.00000E+00  0.00000E+00  0.00000E+00  0.00000E+00  0.00000E+00  0.00000E+00  0.00000E+00  0.00000E+00  0.00000E+00  0.39037E+04  0.39037E+04  0.00000E+00  0.00000E+00  0.00000E+00  0.39037E+04
 0.55000E+00  0.10010E+03  0.10010E+03  0.10010E+03  0.17264E+03  0.12167E+03  0.29815E+03  0.00000E+00  0.00000E+00  0.00000E+00  0.00000E+00  0.10010E+03  0.00000E+00  0.00000E+00  0.33600E+03  0.00000E+00  0.00000E+00  0.00000E+00  0.00000E+00  0.00000E+00  0.00000E+00  0.00000E+00  0.00000E+00  0.00000E+00  0.39037E+04  0.39037E+04  0.00000E+00  0.00000E+00  0.00000E+00  0.39037E+04
 0.55000E+00  0.10010E+03  0.10010E+03  0.10010E+03  0.18690E+03  0.12167E+03  0.29815E+03  0.00000E+00  0.00000E+00  0.00000E+00  0.00000E+00  0.10010E+03  0.00000E+00  0.00000E+00  0.33600E+03  0.00000E+00  0.00000E+00  0.00000E+00  0.00000E+00  0.00000E+00  0.00000E+00  0.00000E+00  0.00000E+00  0.00000E+00  0.46845E+04  0.46845E+04  0.00000E+00  0.00000E+00  0.00000E+00  0.46845E+04
 0.65000E+00  0.10010E+03  0.10010E+03  0.10010E+03  0.18690E+03  0.12167E+03  0.29815E+03  0.00000E+00  0.00000E+00  0.00000E+00  0.00000E+00  0.10010E+03  0.00000E+00  0.00000E+00  0.33600E+03  0.00000E+00  0.00000E+00  0.00000E+00  0.00000E+00  0.00000E+00  0.00000E+00  0.00000E+00  0.00000E+00  0.00000E+00  0.46845E+04  0.46845E+04  0.00000E+00  0.00000E+00  0.00000E+00  0.46845E+04
 0.65000E+00  0.10010E+03  0.10010E+03  0.10010E+03  0.21437E+03  0.12167E+03  0.29815E+03  0.00000E+00  0.00000E+00  0.00000E+00  0.00000E+00  0.10010E+03  0.00000E+00  0.00000E+00  0.33600E+03  0.00000E+00  0.00000E+00  0.00000E+00  0.00000E+00  0.00000E+00  0.00000E+00  0.00000E+00  0.00000E+00  0.00000E+00  0.54652E+04  0.54652E+04  0.00000E+00  0.00000E+00  0.00000E+00  0.54652E+04
 0.75000E+00  0.10010E+03  0.10010E+03  0.10010E+03  0.21437E+03  0.12167E+03  0.29815E+03  0.00000E+00  0.00000E+00  0.00000E+00  0.00000E+00  0.10010E+03  0.00000E+00  0.00000E+00  0.33600E+03  0.00000E+00  0.00000E+00  0.00000E+00  0.00000E+00  0.00000E+00  0.00000E+00  0.00000E+00  0.00000E+00  0.00000E+00  0.54652E+04  0.54652E+04  0.00000E+00  0.00000E+00  0.00000E+00  0.54652E+04
 0.75000E+00  0.10010E+03  0.10010E+03  0.10010E+03  0.26263E+03  0.12167E+03  0.29815E+03  0.00000E+00  0.00000E+00  0.00000E+00  0.00000E+00  0.10010E+03  0.00000E+00  0.00000E+00  0.33600E+03  0.00000E+00  0.00000E+00  0.00000E+00  0.00000E+00  0.00000E+00  0.00000E+00  0.00000E+00  0.00000E+00  0.00000E+00  0.62459E+04  0.62459E+04  0.00000E+00  0.00000E+00  0.00000E+00  0.62459E+04
 0.85000E+00  0.10010E+03  0.10010E+03  0.10010E+03  0.26263E+03  0.12167E+03  0.29815E+03  0.00000E+00  0.00000E+00  0.00000E+00  0.00000E+00  0.10010E+03  0.00000E+00  0.00000E+00  0.33600E+03  0.00000E+00  0.00000E+00  0.00000E+00  0.00000E+00  0.00000E+00  0.00000E+00  0.00000E+00  0.00000E+00  0.00000E+00  0.62459E+04  0.62459E+04  0.00000E+00  0.00000E+00  0.00000E+00  0.62459E+04
 0.85000E+00  0.10010E+03  0.10010E+03  0.10010E+03  0.34354E+03  0.12167E+03  0.29815E+03  0.00000E+00  0.00000E+00  0.00000E+00  0.00000E+00  0.10010E+03  0.00000E+00  0.00000E+00  0.33600E+03  0.00000E+00  0.00000E+00  0.00000E+00  0.00000E+00  0.00000E+00  0.00000E+00  0.00000E+00  0.00000E+00  0.00000E+00  0.70267E+04  0.70267E+04  0.00000E+00  0.00000E+00  0.00000E+00  0.70267E+04
 0.95000E+00  0.10010E+03  0.10010E+03  0.10010E+03  0.34354E+03  0.12167E+03  0.29815E+03  0.00000E+00  0.00000E+00  0.00000E+00  0.00000E+00  0.10010E+03  0.00000E+00  0.00000E+00  0.33600E+03  0.00000E+00  0.00000E+00  0.00000E+00  0.00000E+00  0.00000E+00  0.00000E+00  0.00000E+00  0.00000E+00  0.00000E+00  0.70267E+04  0.70267E+04  0.00000E+00  0.00000E+00  0.00000E+00  0.70267E+04
 0.95000E+00  0.10010E+03  0.10010E+03  0.10010E+03  0.44420E+03  0.12167E+03  0.29815E+03  0.00000E+00  0.00000E+00  0.00000E+00  0.00000E+00  0.10010E+03  0.00000E+00  0.00000E+00  0.33600E+03  0.00000E+00  0.00000E+00  0.00000E+00  0.00000E+00  0.00000E+00  0.00000E+00  0.00000E+00  0.00000E+00  0.00000E+00  0.78074E+04  0.78074E+04  0.00000E+00  0.00000E+00  0.00000E+00  0.78074E+04
 0.10500E+01  0.10010E+03  0.10010E+03  0.10010E+03  0.44420E+03  0.12167E+03  0.29815E+03  0.00000E+00  0.00000E+00  0.00000E+00  0.00000E+00  0.10010E+03  0.00000E+00  0.00000E+00  0.33600E+03  0.00000E+00  0.00000E+00  0.00000E+00  0.00000E+00  0.00000E+00  0.00000E+00  0.00000E+00  0.00000E+00  0.00000E+00  0.78074E+04  0.78074E+04  0.00000E+00  0.00000E+00  0.00000E+00  0.78074E+04
 0.10500E+01  0.10010E+03  0.10010E+03  0.10010E+03  0.46148E+03  0.12167E+03  0.29815E+03  0.00000E+00  0.00000E+00  0.00000E+00  0.00000E+00  0.10010E+03  0.00000E+00  0.00000E+00  0.33600E+03  0.00000E+00  0.00000E+00  0.00000E+00  0.00000E+00  0.00000E+00  0.00000E+00  0.00000E+00  0.00000E+00  0.00000E+00  0.85882E+04  0.85882E+04  0.00000E+00  0.00000E+00  0.00000E+00  0.85882E+04
 0.11500E+01  0.10010E+03  0.10010E+03  0.10010E+03  0.46148E+03  0.12167E+03  0.29815E+03  0.00000E+00  0.00000E+00  0.00000E+00  0.00000E+00  0.10010E+03  0.00000E+00  0.00000E+00  0.33600E+03  0.00000E+00  0.00000E+00  0.00000E+00  0.00000E+00  0.00000E+00  0.00000E+00  0.00000E+00  0.00000E+00  0.00000E+00  0.85882E+04  0.85882E+04  0.00000E+00  0.00000E+00  0.00000E+00  0.85882E+04
 0.11500E+01  0.10010E+03  0.10010E+03  0.10010E+03  0.94521E+04  0.12167E+03  0.29815E+03  0.00000E+00  0.00000E+00  0.00000E+00  0.00000E+00  0.10010E+03  0.00000E+00  0.00000E+00  0.33600E+03  0.00000E+00  0.00000E+00  0.00000E+00  0.00000E+00  0.00000E+00  0.00000E+00  0.00000E+00  0.00000E+00  0.00000E+00  0.93689E+04  0.93689E+04  0.00000E+00  0.00000E+00  0.00000E+00  0.93689E+04
 0.12500E+01  0.10010E+03  0.10010E+03  0.10010E+03  0.94521E+04  0.12167E+03  0.29815E+03  0.00000E+00  0.00000E+00  0.00000E+00  0.00000E+00  0.10010E+03  0.00000E+00  0.00000E+00  0.33600E+03  0.00000E+00  0.00000E+00  0.00000E+00  0.00000E+00  0.00000E+00  0.00000E+00  0.00000E+00  0.00000E+00  0.00000E+00  0.93689E+04  0.93689E+04  0.00000E+00  0.00000E+00  0.00000E+00  0.93689E+04
 0.12500E+01  0.10010E+03  0.10010E+03  0.10010E+03  0.10987E+03  0.12167E+03  0.29815E+03  0.00000E+00  0.00000E+00  0.00000E+00  0.00000E+00  0.10010E+03  0.00000E+00  0.00000E+00  0.33600E+03  0.00000E+00  0.00000E+00  0.00000E+00  0.00000E+00  0.00000E+00  0.00000E+00  0.00000E+00  0.00000E+00  0.00000E+00  0.10150E+05  0.10150E+05  0.00000E+00  0.00000E+00  0.00000E+00  0.10150E+05
 0.13500E+01  0.10010E+03  0.10010E+03  0.10010E+03  0.10987E+03  0.12167E+03  0.29815E+03  0.00000E+00  0.00000E+00  0.00000E+00  0.00000E+00  0.10010E+03  0.00000E+00  0.00000E+00  0.33600E+03  0.00000E+00  0.00000E+00  0.00000E+00  0.00000E+00  0.00000E+00  0.00000E+00  0.00000E+00  0.00000E+00  0.00000E+00  0.10150E+05  0.10150E+05  0.00000E+00  0.00000E+00  0.00000E+00  0.10150E+05
 0.13500E+01  0.10010E+03  0.10010E+03  0.10010E+03  0.15585E+03  0.12167E+03  0.29815E+03  0.00000E+00  0.00000E+00  0.00000E+00  0.00000E+00  0.10010E+03  0.00000E+00  0.00000E+00  0.33600E+03  0.00000E+00  0.00000E+00  0.00000E+00  0.00000E+00  0.00000E+00  0.00000E+00  0.00000E+00  0.00000E+00  0.00000E+00  0.10930E+05  0.10930E+05  0.00000E+00  0.00000E+00  0.00000E+00  0.10930E+05
 0.14500E+01  0.10010E+03  0.10010E+03  0.10010E+03  0.15585E+03  0.12167E+03  0.29815E+03  0.00000E+00  0.00000E+00  0.00000E+00  0.00000E+00  0.10010E+03  0.00000E+00  0.00000E+00  0.33600E+03  0.00000E+00  0.00000E+00  0.00000E+00  0.00000E+00  0.00000E+00  0.00000E+00  0.00000E+00  0.00000E+00  0.00000E+00  0.10930E+05  0.10930E+05  0.00000E+00  0.00000E+00  0.00000E+00  0.10930E+05
 0.14500E+01  0.10010E+03  0.10010E+03  0.10010E+03  0.31276E+03  0.12167E+03  0.29815E+03  0.00000E+00  0.00000E+00  0.00000E+00  0.00000E+00  0.10010E+03  0.00000E+00  0.00000E+00  0.33600E+03  0.00000E+00  0.00000E+00  0.00000E+00  0.00000E+00  0.00000E+00  0.00000E+00  0.00000E+00  0.00000E+00  0.00000E+00  0.11711E+05  0.11711E+05  0.00000E+00  0.00000E+00  0.00000E+00  0.11711E+05
 0.15500E+01  0.10010E+03  0.10010E+03  0.10010E+03  0.31276E+03  0.12167E+03  0.29815E+03  0.00000E+00  0.00000E+00  0.00000E+00  0.00000E+00  0.10010E+03  0.00000E+00  0.00000E+00  0.33600E+03  0.00000E+00  0.00000E+00  0.00000E+00  0.00000E+00  0.00000E+00  0.00000E+00  0.00000E+00  0.00000E+00  0.00000E+00  0.11711E+05  0.11711E+05  0.00000E+00  0.00000E+00  0.00000E+00  0.11711E+05
 0.15500E+01  0.10010E+03  0.10010E+03  0.10010E+03  0.65061E+03  0.12167E+03  0.29815E+03  0.00000E+00  0.00000E+00  0.00000E+00  0.00000E+00  0.10010E+03  0.00000E+00  0.00000E+00  0.33600E+03  0.00000E+00  0.00000E+00  0.00000E+00  0.00000E+00  0.00000E+00  0.00000E+00  0.00000E+00  0.00000E+00  0.00000E+00  0.12492E+05  0.12492E+05  0.00000E+00  0.00000E+00  0.00000E+00  0.12492E+05
 0.16500E+01  0.10010E+03  0.10010E+03  0.10010E+03  0.65061E+03  0.12167E+03  0.29815E+03  0.00000E+00  0.00000E+00  0.00000E+00  0.00000E+00  0.10010E+03  0.00000E+00  0.00000E+00  0.33600E+03  0.00000E+00  0.00000E+00  0.00000E+00  0.00000E+00  0.00000E+00  0.00000E+00  0.00000E+00  0.00000E+00  0.00000E+00  0.12492E+05  0.12492E+05  0.00000E+00  0.00000E+00  0.00000E+00  0.12492E+05
 0.16500E+01  0.10010E+03  0.10010E+03  0.10010E+03  0.70346E+03  0.12167E+03  0.29815E+03  0.00000E+00  0.00000E+00  0.00000E+00  0.00000E+00  0.10010E+03  0.00000E+00  0.00000E+00  0.33600E+03  0.00000E+00  0.00000E+00  0.00000E+00  0.00000E+00  0.00000E+00  0.00000E+00  0.00000E+00  0.00000E+00  0.00000E+00  0.13273E+05  0.13273E+05  0.00000E+00  0.00000E+00  0.00000E+00  0.13273E+05
 0.17500E+01  0.10010E+03  0.10010E+03  0.10010E+03  0.70346E+03  0.12167E+03  0.29815E+03  0.00000E+00  0.00000E+00  0.00000E+00  0.00000E+00  0.10010E+03  0.00000E+00  0.00000E+00  0.33600E+03  0.00000E+00  0.00000E+00  0.00000E+00  0.00000E+00  0.00000E+00  0.00000E+00  0.00000E+00  0.00000E+00  0.00000E+00  0.13273E+05  0.13273E+05  0.00000E+00  0.00000E+00  0.00000E+00  0.13273E+05
 0.17500E+01  0.10010E+03  0.10010E+03  0.10010E+03  0.64468E+03  0.12167E+03  0.29815E+03  0.00000E+00  0.00000E+00  0.00000E+00  0.00000E+00  0.10010E+03  0.00000E+00  0.00000E+00  0.33600E+03  0.00000E+00  0.00000E+00  0.00000E+00  0.00000E+00  0.00000E+00  0.00000E+00  0.00000E+00  0.00000E+00  0.00000E+00  0.14053E+05  0.14053E+05  0.00000E+00  0.00000E+00  0.00000E+00  0.14053E+05
 0.18500E+01  0.10010E+03  0.10010E+03  0.10010E+03  0.64468E+03  0.12167E+03  0.29815E+03  0.00000E+00  0.00000E+00  0.00000E+00  0.00000E+00  0.10010E+03  0.00000E+00  0.00000E+00  0.33600E+03  0.00000E+00  0.00000E+00  0.00000E+00  0.00000E+00  0.00000E+00  0.00000E+00  0.00000E+00  0.00000E+00  0.00000E+00  0.14053E+05  0.14053E+05  0.00000E+00  0.00000E+00  0.00000E+00  0.14053E+05
 0.18500E+01  0.10010E+03  0.10010E+03  0.10010E+03  0.48499E+03  0.12167E+03  0.29815E+03  0.00000E+00  0.00000E+00  0.00000E+00  0.00000E+00  0.10010E+03  0.00000E+00  0.00000E+00  0.33600E+03  0.00000E+00  0.00000E+00  0.00000E+00  0.00000E+00  0.00000E+00  0.00000E+00  0.00000E+00  0.00000E+00  0.00000E+00  0.14834E+05  0.14834E+05  0.00000E+00  0.00000E+00  0.00000E+00  0.14834E+05
 0.19500E+01  0.10010E+03  0.10010E+03  0.10010E+03  0.48499E+03  0.12167E+03  0.29815E+03  0.00000E+00  0.00000E+00  0.00000E+00  0.00000E+00  0.10010E+03  0.00000E+00  0.00000E+00  0.33600E+03  0.00000E+00  0.00000E+00  0.00000E+00  0.00000E+00  0.00000E+00  0.00000E+00  0.00000E+00  0.00000E+00  0.00000E+00  0.14834E+05  0.14834E+05  0.00000E+00  0.00000E+00  0.00000E+00  0.14834E+05
 0.19500E+01  0.10010E+03  0.10010E+03  0.10010E+03  0.23476E+03  0.12167E+03  0.29815E+03  0.00000E+00  0.00000E+00  0.00000E+00  0.00000E+00  0.10010E+03  0.00000E+00  0.00000E+00  0.33600E+03  0.00000E+00  0.00000E+00  0.00000E+00  0.00000E+00  0.00000E+00  0.00000E+00  0.00000E+00  0.00000E+00  0.00000E+00  0.15615E+05  0.15615E+05  0.00000E+00  0.00000E+00  0.00000E+00  0.15615E+05
 0.20500E+01  0.10010E+03  0.10010E+03  0.10010E+03  0.23476E+03  0.12167E+03  0.29815E+03  0.00000E+00  0.00000E+00  0.00000E+00  0.00000E+00  0.10010E+03  0.00000E+00  0.00000E+00  0.33600E+03  0.00000E+00  0.00000E+00  0.00000E+00  0.00000E+00  0.00000E+00  0.00000E+00  0.00000E+00  0.00000E+00  0.00000E+00  0.15615E+05  0.15615E+05  0.00000E+00  0.00000E+00  0.00000E+00  0.15615E+05
 0.20500E+01  0.10010E+03  0.10010E+03  0.10010E+03  0.23684E+03  0.10010E+03  0.29815E+03  0.00000E+00  0.00000E+00  0.00000E+00  0.00000E+00  0.10010E+03  0.00000E+00  0.00000E+00  0.33600E+03  0.00000E+00  0.00000E+00  0.00000E+00  0.00000E+00  0.00000E+00  0.00000E+00  0.00000E+00  0.00000E+00  0.00000E+00  0.15615E+05  0.15615E+05  0.00000E+00  0.00000E+00  0.00000E+00  0.15615E+05
 0.21500E+01  0.10010E+03  0.10010E+03  0.10010E+03  0.23684E+03  0.10010E+03  0.29815E+03  0.00000E+00  0.00000E+00  0.00000E+00  0.00000E+00  0.10010E+03  0.00000E+00  0.00000E+00  0.33600E+03  0.00000E+00  0.00000E+00  0.00000E+00  0.00000E+00  0.00000E+00  0.00000E+00  0.00000E+00  0.00000E+00  0.00000E+00  0.15615E+05  0.15615E+05  0.00000E+00  0.00000E+00  0.00000E+00  0.15615E+05
 0.21500E+01  0.10010E+03  0.10010E+03  0.10010E+03  0.24123E+03  0.10010E+03  0.29815E+03  0.00000E+00  0.00000E+00  0.00000E+00  0.00000E+00  0.10010E+03  0.00000E+00  0.00000E+00  0.33600E+03  0.00000E+00  0.00000E+00  0.00000E+00  0.00000E+00  0.00000E+00  0.00000E+00  0.00000E+00  0.00000E+00  0.00000E+00  0.15615E+05  0.15615E+05  0.00000E+00  0.00000E+00  0.00000E+00  0.15615E+05
 0.22500E+01  0.10010E+03  0.10010E+03  0.10010E+03  0.24123E+03  0.10010E+03  0.29815E+03  0.00000E+00  0.00000E+00  0.00000E+00  0.00000E+00  0.10010E+03  0.00000E+00  0.00000E+00  0.33600E+03  0.00000E+00  0.00000E+00  0.00000E+00  0.00000E+00  0.00000E+00  0.00000E+00  0.00000E+00  0.00000E+00  0.00000E+00  0.15615E+05  0.15615E+05  0.00000E+00  0.00000E+00  0.00000E+00  0.15615E+05
 0.22500E+01  0.10010E+03  0.10010E+03  0.10010E+03  0.24364E+03  0.10010E+03  0.29815E+03  0.00000E+00  0.00000E+00  0.00000E+00  0.00000E+00  0.10010E+03  0.00000E+00  0.00000E+00  0.33600E+03  0.00000E+00  0.00000E+00  0.00000E+00  0.00000E+00  0.00000E+00  0.00000E+00  0.00000E+00  0.00000E+00  0.00000E+00  0.15615E+05  0.15615E+05  0.00000E+00  0.00000E+00  0.00000E+00  0.15615E+05
 0.23500E+01  0.10010E+03  0.10010E+03  0.10010E+03  0.24364E+03  0.10010E+03  0.29815E+03  0.00000E+00  0.00000E+00  0.00000E+00  0.00000E+00  0.10010E+03  0.00000E+00  0.00000E+00  0.33600E+03  0.00000E+00  0.00000E+00  0.00000E+00  0.00000E+00  0.00000E+00  0.00000E+00  0.00000E+00  0.00000E+00  0.00000E+00  0.15615E+05  0.15615E+05  0.00000E+00  0.00000E+00  0.00000E+00  0.15615E+05
 0.23500E+01  0.10010E+03  0.10010E+03  0.10010E+03  0.23677E+03  0.10010E+03  0.29815E+03  0.00000E+00  0.00000E+00  0.00000E+00  0.00000E+00  0.10010E+03  0.00000E+00  0.00000E+00  0.33601E+03  0.00000E+00  0.00000E+00  0.00000E+00  0.00000E+00  0.00000E+00  0.00000E+00  0.40254E-02  0.00000E+00  0.11973E-01  0.15615E+05  0.15615E+05  0.00000E+00  0.00000E+00  0.00000E+00  0.15615E+05
 0.24500E+01  0.10010E+03  0.10010E+03  0.10010E+03  0.23677E+03  0.10010E+03  0.29815E+03  0.00000E+00  0.00000E+00  0.00000E+00  0.00000E+00  0.10010E+03  0.00000E+00  0.00000E+00  0.33601E+03  0.00000E+00  0.00000E+00  0.00000E+00  0.00000E+00  0.00000E+00  0.00000E+00  0.40254E-02  0.00000E+00  0.11973E-01  0.15615E+05  0.15615E+05  0.00000E+00  0.00000E+00  0.00000E+00  0.15615E+05
 0.24500E+01  0.10575E+03  0.10010E+03  0.10575E+03  0.22840E+03  0.10575E+03  0.29815E+03  0.00000E+00  0.00000E+00  0.00000E+00  0.00000E+00  0.10575E+03  0.00000E+00  0.72345E+00  0.26814E+04  0.00000E+00  0.00000E+00  0.00000E+00  0.00000E+00  0.00000E+00  0.00000E+00  0.40255E-02  0.00000E+00  0.34068E+03  0.15615E+05  0.15956E+05  0.00000E+00  0.00000E+00  0.00000E+00  0.15956E+05
 0.25500E+01  0.10575E+03  0.10010E+03  0.10575E+03  0.22840E+03  0.10575E+03  0.29815E+03  0.00000E+00  0.00000E+00  0.00000E+00  0.00000E+00  0.10575E+03  0.00000E+00  0.72345E+00  0.26814E+04  0.00000E+00  0.00000E+00  0.00000E+00  0.00000E+00  0.00000E+00  0.00000E+00  0.40255E-02  0.00000E+00  0.34068E+03  0.15615E+05  0.15956E+05  0.00000E+00  0.00000E+00  0.00000E+00  0.15956E+05
 0.25500E+01  0.21765E+03  0.10010E+03  0.21765E+03  0.24357E+03  0.21765E+03  0.29815E+03  0.00000E+00  0.00000E+00  0.00000E+00  0.00000E+00  0.21765E+03  0.00000E+00  0.72243E+00  0.26840E+04  0.00000E+00  0.00000E+00  0.00000E+00  0.00000E+00  0.00000E+00  0.00000E+00  0.40256E-02  0.00000E+00  0.74324E+04  0.15615E+05  0.23047E+05  0.00000E+00  0.00000E+00  0.00000E+00  0.23047E+05
 0.26500E+01  0.21765E+03  0.10010E+03  0.21765E+03  0.24357E+03  0.21765E+03  0.29815E+03  0.00000E+00  0.00000E+00  0.00000E+00  0.00000E+00  0.21765E+03  0.00000E+00  0.72243E+00  0.26840E+04  0.00000E+00  0.00000E+00  0.00000E+00  0.00000E+00  0.00000E+00  0.00000E+00  0.40256E-02  0.00000E+00  0.74324E+04  0.15615E+05  0.23047E+05  0.00000E+00  0.00000E+00  0.00000E+00  0.23047E+05
 0.26500E+01  0.10010E+03  0.10010E+03  0.10187E+03  0.25566E+03  0.10187E+03  0.27859E+04  0.00000E+00  0.17662E+01  0.17662E+01  0.21916E+01  0.10229E+03  0.19411E+00  0.16787E+02  0.59127E+03  0.33725E+03  0.23502E+05  0.11517E+05  0.00000E+00  0.00000E+00  0.00000E+00  0.40847E-02  0.00000E+00  0.74324E+04  0.15615E+05  0.23047E+05  0.00000E+00  0.84892E+02  0.84892E+02  0.23132E+05
 0.27500E+01  0.10010E+03  0.10010E+03  0.10187E+03  0.25566E+03  0.10187E+03  0.27859E+04  0.00000E+00  0.17662E+01  0.17662E+01  0.21916E+01  0.10229E+03  0.19411E+00  0.16787E+02  0.59127E+03  0.33725E+03  0.23502E+05  0.11517E+05  0.00000E+00  0.00000E+00  0.00000E+00  0.40847E-02  0.00000E+00  0.74324E+04  0.15615E+05  0.23047E+05  0.00000E+00  0.84892E+02  0.84892E+02  0.23132E+05
 0.27500E+01  0.10010E+03  0.10010E+03  0.10186E+03  0.25887E+03  0.10186E+03  0.27715E+04  0.00000E+00  0.17629E+01  0.17629E+01  0.22141E+01  0.10231E+03  0.20377E+00  0.17742E+02  0.57674E+03  0.33083E+03  0.23061E+05  0.10790E+05  0.00000E+00  0.00000E+00  0.00000E+00  0.41464E-02  0.00000E+00  0.74324E+04  0.15615E+05  0.23047E+05  0.00000E+00  0.16963E+03  0.16963E+03  0.23217E+05
 0.28500E+01  0.10010E+03  0.10010E+03  0.10186E+03  0.25887E+03  0.10186E+03  0.27715E+04  0.00000E+00  0.17629E+01  0.17629E+01  0.22141E+01  0.10231E+03  0.20377E+00  0.17742E+02  0.57674E+03  0.33083E+03  0.23061E+05  0.10790E+05  0.00000E+00  0.00000E+00  0.00000E+00  0.41464E-02  0.00000E+00  0.74324E+04  0.15615E+05  0.23047E+05  0.00000E+00  0.16963E+03  0.16963E+03  0.23217E+05
 0.28500E+01  0.10010E+03  0.10010E+03  0.10185E+03  0.26590E+03  0.10185E+03  0.27569E+04  0.00000E+00  0.17528E+01  0.17528E+01  0.22347E+01  0.10233E+03  0.21563E+00  0.18967E+02  0.56141E+03  0.32409E+03  0.22602E+05  0.10076E+05  0.00000E+00  0.00000E+00  0.00000E+00  0.42111E-02  0.00000E+00  0.74324E+04  0.15615E+05  0.23047E+05  0.00000E+00  0.25387E+03  0.25387E+03  0.23301E+05
 0.29500E+01  0.10010E+03  0.10010E+03  0.10185E+03  0.26590E+03  0.10185E+03  0.27569E+04  0.00000E+00  0.17528E+01  0.17528E+01  0.22347E+01  0.10233E+03  0.21563E+00  0.18967E+02  0.56141E+03  0.32409E+03  0.22602E+05  0.10076E+05  0.00000E+00  0.00000E+00  0.00000E+00  0.42111E-02  0.00000E+00  0.74324E+04  0.15615E+05  0.23047E+05  0.00000E+00  0.25387E+03  0.25387E+03  0.23301E+05
 0.29500E+01  0.10010E+03  0.10010E+03  0.10184E+03  0.27352E+03  0.10184E+03  0.27420E+04  0.00000E+00  0.17402E+01  0.17402E+01  0.22535E+01  0.10235E+03  0.22777E+00  0.20252E+02  0.54686E+03  0.31730E+03  0.22139E+05  0.93827E+04  0.00000E+00  0.00000E+00  0.00000E+00  0.42785E-02  0.00000E+00  0.74324E+04  0.15615E+05  0.23047E+05  0.00000E+00  0.33752E+03  0.33752E+03  0.23385E+05
 0.30500E+01  0.10010E+03  0.10010E+03  0.10184E+03  0.27352E+03  0.10184E+03  0.27420E+04  0.00000E+00  0.17402E+01  0.17402E+01  0.22535E+01  0.10235E+03  0.22777E+00  0.20252E+02  0.54686E+03  0.31730E+03  0.22139E+05  0.93827E+04  0.00000E+00  0.00000E+00  0.00000E+00  0.42785E-02  0.00000E+00  0.74324E+04  0.15615E+05  0.23047E+05  0.00000E+00  0.33752E+03  0.33752E+03  0.23385E+05
 0.30500E+01  0.10010E+03  0.10010E+03  0.10183E+03  0.28044E+03  0.10183E+03  0.27273E+04  0.00000E+00  0.17345E+01  0.17345E+01  0.22843E+01  0.10238E+03  0.24068E+00  0.21672E+02  0.53288E+03  0.31089E+03  0.21689E+05  0.87239E+04  0.00000E+00  0.00000E+00  0.00000E+00  0.43463E-02  0.00000E+00  0.74324E+04  0.15615E+05  0.23047E+05  0.00000E+00  0.42088E+03  0.42088E+03  0.23468E+05
 0.31500E+01  0.10010E+03  0.10010E+03  0.10183E+03  0.28044E+03  0.10183E+03  0.27273E+04  0.00000E+00  0.17345E+01  0.17345E+01  0.22843E+01  0.10238E+03  0.24068E+00  0.21672E+02  0.53288E+03  0.31089E+03  0.21689E+05  0.87239E+04  0.00000E+00  0.00000E+00  0.00000E+00  0.43463E-02  0.00000E+00  0.74324E+04  0.15615E+05  0.23047E+05  0.00000E+00  0.42088E+03  0.42088E+03  0.23468E+05
 0.31500E+01  0.10010E+03  0.10010E+03  0.10185E+03  0.28734E+03  0.10185E+03  0.27136E+04  0.00000E+00  0.17471E+01  0.17471E+01  0.23458E+01  0.10245E+03  0.25522E+00  0.23362E+02  0.51920E+03  0.30516E+03  0.21274E+05  0.81165E+04  0.00000E+00  0.00000E+00  0.00000E+00  0.44108E-02  0.00000E+00  0.74324E+04  0.15615E+05  0.23047E+05  0.00000E+00  0.50486E+03  0.50486E+03  0.23552E+05
 0.32500E+01  0.10010E+03  0.10010E+03  0.10185E+03  0.28734E+03  0.10185E+03  0.27136E+04  0.00000E+00  0.17471E+01  0.17471E+01  0.23458E+01  0.10245E+03  0.25522E+00  0.23362E+02  0.51920E+03  0.30516E+03  0.21274E+05  0.81165E+04  0.00000E+00  0.00000E+00  0.00000E+00  0.44108E-02  0.00000E+00  0.74324E+04  0.15615E+05  0.23047E+05  0.00000E+00  0.50486E+03  0.50486E+03  0.23552E+05
 0.32500E+01  0.10010E+03  0.10010E+03  0.10189E+03  0.29575E+03  0.10189E+03  0.27016E+04  0.00000E+00  0.17856E+01  0.17856E+01  0.24534E+01  0.10255E+03  0.27218E+00  0.25477E+02  0.50576E+03  0.30013E+03  0.20914E+05  0.75755E+04  0.00000E+00  0.00000E+00  0.00000E+00  0.44683E-02  0.00000E+00  0.74324E+04  0.15615E+05  0.23047E+05  0.00000E+00  0.59068E+03  0.59068E+03  0.23638E+05
 0.33500E+01  0.10010E+03  0.10010E+03  0.10189E+03  0.29575E+03  0.10189E+03  0.27016E+04  0.00000E+00  0.17856E+01  0.17856E+01  0.24534E+01  0.10255E+03  0.27218E+00  0.25477E+02  0.50576E+03  0.30013E+03  0.20914E+05  0.75755E+04  0.00000E+00  0.00000E+00  0.00000E+00  0.44683E-02  0.00000E+00  0.74324E+04  0.15615E+05  0.23047E+05  0.00000E+00  0.59068E+03  0.59068E+03  0.23638E+05
 0.33500E+01  0.10010E+03  0.10010E+03  0.10195E+03  0.31926E+03  0.10195E+03  0.26981E+04  0.00000E+00  0.18500E+01  0.18500E+01  0.26954E+01  0.10280E+03  0.31365E+00  0.23563E+02  0.49218E+03  0.29567E+03  0.20810E+05  0.59115E+04  0.00000E+00  0.00000E+00  0.00000E+00  0.76495E-02  0.00000E+00  0.74324E+04  0.15615E+05  0.23047E+05  0.00000E+00  0.67960E+03  0.67960E+03  0.23727E+05
 0.34500E+01  0.10010E+03  0.10010E+03  0.10195E+03  0.31926E+03  0.10195E+03  0.26981E+04  0.00000E+00  0.18500E+01  0.18500E+01  0.26954E+01  0.10280E+03  0.31365E+00  0.23563E+02  0.49218E+03  0.29567E+03  0.20810E+05  0.59115E+04  0.00000E+00  0.00000E+00  0.00000E+00  0.76495E-02  0.00000E+00  0.74324E+04  0.15615E+05  0.23047E+05  0.00000E+00  0.67960E+03  0.67960E+03  0.23727E+05
 0.34500E+01  0.10010E+03  0.10010E+03  0.10203E+03  0.26403E+03  0.10203E+03  0.26960E+04  0.00000E+00  0.19315E+01  0.19315E+01  0.27778E+01  0.10288E+03  0.30467E+00  0.22502E+02  0.47869E+03  0.29143E+03  0.20747E+05  0.46967E+04  0.00000E+00  0.00000E+00  0.00000E+00  0.12662E-01  0.00000E+00  0.74324E+04  0.15615E+05  0.23047E+05  0.00000E+00  0.77244E+03  0.77244E+03  0.23820E+05
 0.35500E+01  0.10010E+03  0.10010E+03  0.10203E+03  0.26403E+03  0.10203E+03  0.26960E+04  0.00000E+00  0.19315E+01  0.19315E+01  0.27778E+01  0.10288E+03  0.30467E+00  0.22502E+02  0.47869E+03  0.29143E+03  0.20747E+05  0.46967E+04  0.00000E+00  0.00000E+00  0.00000E+00  0.12662E-01  0.00000E+00  0.74324E+04  0.15615E+05  0.23047E+05  0.00000E+00  0.77244E+03  0.77244E+03  0.23820E+05
 0.35500E+01  0.10010E+03  0.10010E+03  0.10212E+03  0.16115E+03  0.10212E+03  0.26942E+04  0.00000E+00  0.20188E+01  0.20188E+01  0.29023E+01  0.10300E+03  0.30442E+00  0.22473E+02  0.46576E+03  0.28752E+03  0.20695E+05  0.38673E+04  0.00000E+00  0.00000E+00  0.00000E+00  0.19278E-01  0.00000E+00  0.74324E+04  0.15615E+05  0.23047E+05  0.00000E+00  0.86947E+03  0.86947E+03  0.23917E+05
 0.36500E+01  0.10010E+03  0.10010E+03  0.10212E+03  0.16115E+03  0.10212E+03  0.26942E+04  0.00000E+00  0.20188E+01  0.20188E+01  0.29023E+01  0.10300E+03  0.30442E+00  0.22473E+02  0.46576E+03  0.28752E+03  0.20695E+05  0.38673E+04  0.00000E+00  0.00000E+00  0.00000E+00  0.19278E-01  0.00000E+00  0.74324E+04  0.15615E+05  0.23047E+05  0.00000E+00  0.86947E+03  0.86947E+03  0.23917E+05
 0.36500E+01  0.10010E+03  0.10010E+03  0.10220E+03  0.14033E+03  0.10220E+03  0.26927E+04  0.00000E+00  0.21041E+01  0.21041E+01  0.30532E+01  0.10315E+03  0.31085E+00  0.23228E+02  0.45369E+03  0.28417E+03  0.20651E+05  0.32791E+04  0.00000E+00  0.00000E+00  0.00000E+00  0.27513E-01  0.00000E+00  0.74324E+04  0.15615E+05  0.23047E+05  0.00000E+00  0.97060E+03  0.97060E+03  0.24018E+05
 0.37500E+01  0.10010E+03  0.10010E+03  0.10220E+03  0.14033E+03  0.10220E+03  0.26927E+04  0.00000E+00  0.21041E+01  0.21041E+01  0.30532E+01  0.10315E+03  0.31085E+00  0.23228E+02  0.45369E+03  0.28417E+03  0.20651E+05  0.32791E+04  0.00000E+00  0.00000E+00  0.00000E+00  0.27513E-01  0.00000E+00  0.74324E+04  0.15615E+05  0.23047E+05  0.00000E+00  0.97060E+03  0.97060E+03  0.24018E+05
 0.37500E+01  0.10010E+03  0.10010E+03  0.10229E+03  0.13393E+03  0.10229E+03  0.26915E+04  0.00000E+00  0.21873E+01  0.21873E+01  0.32412E+01  0.10334E+03  0.32515E+00  0.24976E+02  0.44235E+03  0.28162E+03  0.20616E+05  0.28713E+04  0.00000E+00  0.00000E+00  0.00000E+00  0.36610E-01  0.00000E+00  0.74324E+04  0.15615E+05  0.23047E+05  0.00000E+00  0.10757E+04  0.10757E+04  0.24123E+05
 0.38500E+01  0.10010E+03  0.10010E+03  0.10229E+03  0.13393E+03  0.10229E+03  0.26915E+04  0.00000E+00  0.21873E+01  0.21873E+01  0.32412E+01  0.10334E+03  0.32515E+00  0.24976E+02  0.44235E+03  0.28162E+03  0.20616E+05  0.28713E+04  0.00000E+00  0.00000E+00  0.00000E+00  0.36610E-01  0.00000E+00  0.74324E+04  0.15615E+05  0.23047E+05  0.00000E+00  0.10757E+04  0.10757E+04  0.24123E+05
 0.38500E+01  0.10010E+03  0.10010E+03  0.10237E+03  0.13217E+03  0.10237E+03  0.26924E+04  0.00000E+00  0.22748E+01  0.22748E+01  0.22748E+01  0.10237E+03  0.00000E+00  0.00000E+00  0.43365E+03  0.28008E+03  0.25803E+04  0.31216E+04  0.00000E+00  0.00000E+00  0.00000E+00  0.29233E-01  0.00000E+00  0.74324E+04  0.15615E+05  0.23047E+05  0.00000E+00  0.11851E+04  0.11851E+04  0.24232E+05
 0.39500E+01  0.10010E+03  0.10010E+03  0.10237E+03  0.13217E+03  0.10237E+03  0.26924E+04  0.00000E+00  0.22748E+01  0.22748E+01  0.22748E+01  0.10237E+03  0.00000E+00  0.00000E+00  0.43365E+03  0.28008E+03  0.25803E+04  0.31216E+04  0.00000E+00  0.00000E+00  0.00000E+00  0.29233E-01  0.00000E+00  0.74324E+04  0.15615E+05  0.23047E+05  0.00000E+00  0.11851E+04  0.11851E+04  0.24232E+05
 0.39500E+01  0.10010E+03  0.10010E+03  0.10248E+03  0.13175E+03  0.10248E+03  0.26936E+04  0.00000E+00  0.23835E+01  0.23835E+01  0.23835E+01  0.10248E+03  0.00000E+00  0.00000E+00  0.43118E+03  0.27998E+03  0.25847E+04  0.35100E+04  0.00000E+00  0.00000E+00  0.00000E+00  0.21635E-01  0.00000E+00  0.74324E+04  0.15615E+05  0.23047E+05  0.00000E+00  0.12996E+04  0.12996E+04  0.24347E+05
 0.40500E+01  0.10010E+03  0.10010E+03  0.10248E+03  0.13175E+03  0.10248E+03  0.26936E+04  0.00000E+00  0.23835E+01  0.23835E+01  0.23835E+01  0.10248E+03  0.00000E+00  0.00000E+00  0.43118E+03  0.27998E+03  0.25847E+04  0.35100E+04  0.00000E+00  0.00000E+00  0.00000E+00  0.21635E-01  0.00000E+00  0.74324E+04  0.15615E+05  0.23047E+05  0.00000E+00  0.12996E+04  0.12996E+04  0.24347E+05
 0.40500E+01  0.10010E+03  0.10010E+03  0.10263E+03  0.13168E+03  0.10263E+03  0.26952E+04  0.00000E+00  0.25321E+01  0.25321E+01  0.25321E+01  0.10263E+03  0.00000E+00  0.00000E+00  0.42875E+03  0.28093E+03  0.25905E+04  0.41005E+04  0.00000E+00  0.00000E+00  0.00000E+00  0.14592E-01  0.00000E+00  0.74324E+04  0.15615E+05  0.23047E+05  0.00000E+00  0.14213E+04  0.14213E+04  0.24469E+05
 0.41500E+01  0.10010E+03  0.10010E+03  0.10263E+03  0.13168E+03  0.10263E+03  0.26952E+04  0.00000E+00  0.25321E+01  0.25321E+01  0.25321E+01  0.10263E+03  0.00000E+00  0.00000E+00  0.42875E+03  0.28093E+03  0.25905E+04  0.41005E+04  0.00000E+00  0.00000E+00  0.00000E+00  0.14592E-01  0.00000E+00  0.74324E+04  0.15615E+05  0.23047E+05  0.00000E+00  0.14213E+04  0.14213E+04  0.24469E+05
 0.41500E+01  0.10010E+03  0.10010E+03  0.10284E+03  0.13173E+03  0.10284E+03  0.26972E+04  0.00000E+00  0.27364E+01  0.27364E+01  0.27364E+01  0.10284E+03  0.00000E+00  0.00000E+00  0.42634E+03  0.28248E+03  0.25977E+04  0.49618E+04  0.00000E+00  0.00000E+00  0.00000E+00  0.89916E-02  0.00000E+00  0.74324E+04  0.15615E+05  0.23047E+05  0.00000E+00  0.15529E+04  0.15529E+04  0.24600E+05
 0.42500E+01  0.10010E+03  0.10010E+03  0.10284E+03  0.13173E+03  0.10284E+03  0.26972E+04  0.00000E+00  0.27364E+01  0.27364E+01  0.27364E+01  0.10284E+03  0.00000E+00  0.00000E+00  0.42634E+03  0.28248E+03  0.25977E+04  0.49618E+04  0.00000E+00  0.00000E+00  0.00000E+00  0.89916E-02  0.00000E+00  0.74324E+04  0.15615E+05  0.23047E+05  0.00000E+00  0.15529E+04  0.15529E+04  0.24600E+05
 0.42500E+01  0.10010E+03  0.10010E+03  0.10311E+03  0.13186E+03  0.10311E+03  0.26994E+04  0.00000E+00  0.30132E+01  0.30132E+01  0.30132E+01  0.10311E+03  0.00000E+00  0.00000E+00  0.42390E+03  0.28413E+03  0.26061E+04  0.61621E+04  0.00000E+00  0.00000E+00  0.00000E+00  0.51500E-02  0.00000E+00  0.74324E+04  0.15615E+05  0.23047E+05  0.00000E+00  0.16977E+04  0.16977E+04  0.24745E+05
 0.43500E+01  0.10010E+03  0.10010E+03  0.10311E+03  0.13186E+03  0.10311E+03  0.26994E+04  0.00000E+00  0.30132E+01  0.30132E+01  0.30132E+01  0.10311E+03  0.00000E+00  0.00000E+00  0.42390E+03  0.28413E+03  0.26061E+04  0.61621E+04  0.00000E+00  0.00000E+00  0.00000E+00  0.51500E-02  0.00000E+00  0.74324E+04  0.15615E+05  0.23047E+05  0.00000E+00  0.16977E+04  0.16977E+04  0.24745E+05
 0.43500E+01  0.10010E+03  0.10010E+03  0.10350E+03  0.13213E+03  0.10350E+03  0.27061E+04  0.00000E+00  0.34045E+01  0.34045E+01  0.34045E+01  0.10350E+03  0.00000E+00  0.00000E+00  0.42140E+03  0.28520E+03  0.26309E+04  0.65500E+04  0.00000E+00  0.00000E+00  0.00000E+00  0.44396E-02  0.00000E+00  0.74324E+04  0.15615E+05  0.23047E+05  0.00000E+00  0.18613E+04  0.18613E+04  0.24909E+05
 0.44500E+01  0.10010E+03  0.10010E+03  0.10350E+03  0.13213E+03  0.10350E+03  0.27061E+04  0.00000E+00  0.34045E+01  0.34045E+01  0.34045E+01  0.10350E+03  0.00000E+00  0.00000E+00  0.42140E+03  0.28520E+03  0.26309E+04  0.65500E+04  0.00000E+00  0.00000E+00  0.00000E+00  0.44396E-02  0.00000E+00  0.74324E+04  0.15615E+05  0.23047E+05  0.00000E+00  0.18613E+04  0.18613E+04  0.24909E+05
 0.44500E+01  0.10010E+03  0.10010E+03  0.10420E+03  0.13272E+03  0.10420E+03  0.27162E+04  0.00000E+00  0.41017E+01  0.41017E+01  0.41017E+01  0.10420E+03  0.00000E+00  0.00000E+00  0.41895E+03  0.28381E+03  0.26685E+04  0.64755E+04  0.00000E+00  0.00000E+00  0.00000E+00  0.43912E-02  0.00000E+00  0.74324E+04  0.15615E+05  0.23047E+05  0.00000E+00  0.20585E+04  0.20585E+04  0.25106E+05
 0.45500E+01  0.10010E+03  0.10010E+03  0.10420E+03  0.13272E+03  0.10420E+03  0.27162E+04  0.00000E+00  0.41017E+01  0.41017E+01  0.41017E+01  0.10420E+03  0.00000E+00  0.00000E+00  0.41895E+03  0.28381E+03  0.26685E+04  0.64755E+04  0.00000E+00  0.00000E+00  0.00000E+00  0.43912E-02  0.00000E+00  0.74324E+04  0.15615E+05  0.23047E+05  0.00000E+00  0.20585E+04  0.20585E+04  0.25106E+05
 0.45500E+01  0.10010E+03  0.10010E+03  0.10604E+03  0.13453E+03  0.10604E+03  0.27282E+04  0.00000E+00  0.59393E+01  0.59393E+01  0.59393E+01  0.10604E+03  0.00000E+00  0.00000E+00  0.41669E+03  0.27306E+03  0.27140E+04  0.58766E+04  0.00000E+00  0.00000E+00  0.00000E+00  0.43351E-02  0.00000E+00  0.74324E+04  0.15615E+05  0.23047E+05  0.00000E+00  0.23439E+04  0.23439E+04  0.25391E+05
 0.46500E+01  0.10010E+03  0.10010E+03  0.10604E+03  0.13453E+03  0.10604E+03  0.27282E+04  0.00000E+00  0.59393E+01  0.59393E+01  0.59393E+01  0.10604E+03  0.00000E+00  0.00000E+00  0.41669E+03  0.27306E+03  0.27140E+04  0.58766E+04  0.00000E+00  0.00000E+00  0.00000E+00  0.43351E-02  0.00000E+00  0.74324E+04  0.15615E+05  0.23047E+05  0.00000E+00  0.23439E+04  0.23439E+04  0.25391E+05
 0.46500E+01  0.10010E+03  0.10010E+03  0.11109E+03  0.13983E+03  0.11109E+03  0.27419E+04  0.00000E+00  0.10989E+02  0.10989E+02  0.10989E+02  0.11109E+03  0.00000E+00  0.00000E+00  0.41489E+03  0.23564E+03  0.27664E+04  0.45952E+04  0.00000E+00  0.00000E+00  0.00000E+00  0.42735E-02  0.00000E+00  0.74324E+04  0.15615E+05  0.23047E+05  0.00000E+00  0.28721E+04  0.28721E+04  0.25919E+05
 0.47500E+01  0.10010E+03  0.10010E+03  0.11109E+03  0.13983E+03  0.11109E+03  0.27419E+04  0.00000E+00  0.10989E+02  0.10989E+02  0.10989E+02  0.11109E+03  0.00000E+00  0.00000E+00  0.41489E+03  0.23564E+03  0.27664E+04  0.45952E+04  0.00000E+00  0.00000E+00  0.00000E+00  0.42735E-02  0.00000E+00  0.74324E+04  0.15615E+05  0.23047E+05  0.00000E+00  0.28721E+04  0.28721E+04  0.25919E+05
 0.47500E+01  0.10010E+03  0.10010E+03  0.11857E+03  0.14843E+03  0.11857E+03  0.27524E+04  0.00000E+00  0.18472E+02  0.18472E+02  0.18472E+02  0.11857E+03  0.00000E+00  0.00000E+00  0.41266E+03  0.17227E+03  0.28072E+04  0.33849E+04  0.00000E+00  0.00000E+00  0.00000E+00  0.42277E-02  0.00000E+00  0.74324E+04  0.15615E+05  0.23047E+05  0.00000E+00  0.37599E+04  0.37599E+04  0.26807E+05
 0.48500E+01  0.10010E+03  0.10010E+03  0.11857E+03  0.14843E+03  0.11857E+03  0.27524E+04  0.00000E+00  0.18472E+02  0.18472E+02  0.18472E+02  0.11857E+03  0.00000E+00  0.00000E+00  0.41266E+03  0.17227E+03  0.28072E+04  0.33849E+04  0.00000E+00  0.00000E+00  0.00000E+00  0.42277E-02  0.00000E+00  0.74324E+04  0.15615E+05  0.23047E+05  0.00000E+00  0.37599E+04  0.37599E+04  0.26807E+05
 0.48500E+01  0.10010E+03  0.10010E+03  0.12375E+03  0.15559E+03  0.12375E+03  0.27588E+04  0.00000E+00  0.23654E+02  0.23654E+02  0.23654E+02  0.12375E+03  0.00000E+00  0.00000E+00  0.41013E+03  0.12936E+03  0.28323E+04  0.27946E+04  0.00000E+00  0.00000E+00  0.00000E+00  0.42001E-02  0.00000E+00  0.74324E+04  0.15615E+05  0.23047E+05  0.00000E+00  0.48969E+04  0.48969E+04  0.27944E+05
 0.49500E+01  0.10010E+03  0.10010E+03  0.12375E+03  0.15559E+03  0.12375E+03  0.27588E+04  0.00000E+00  0.23654E+02  0.23654E+02  0.23654E+02  0.12375E+03  0.00000E+00  0.00000E+00  0.41013E+03  0.12936E+03  0.28323E+04  0.27946E+04  0.00000E+00  0.00000E+00  0.00000E+00  0.42001E-02  0.00000E+00  0.74324E+04  0.15615E+05  0.23047E+05  0.00000E+00  0.48969E+04  0.48969E+04  0.27944E+05
 0.49500E+01  0.10010E+03  0.10010E+03  0.12629E+03  0.15989E+03  0.12629E+03  0.27628E+04  0.00000E+00  0.26193E+02  0.26193E+02  0.26193E+02  0.12629E+03  0.00000E+00  0.00000E+00  0.40836E+03  0.11579E+03  0.28480E+04  0.26375E+04  0.00000E+00  0.00000E+00  0.00000E+00  0.41831E-02  0.00000E+00  0.74324E+04  0.15615E+05  0.23047E+05  0.00000E+00  0.61558E+04  0.61558E+04  0.29203E+05
 0.50500E+01  0.10010E+03  0.10010E+03  0.12629E+03  0.15989E+03  0.12629E+03  0.27628E+04  0.00000E+00  0.26193E+02  0.26193E+02  0.26193E+02  0.12629E+03  0.00000E+00  0.00000E+00  0.40836E+03  0.11579E+03  0.28480E+04  0.26375E+04  0.00000E+00  0.00000E+00  0.00000E+00  0.41831E-02  0.00000E+00  0.74324E+04  0.15615E+05  0.23047E+05  0.00000E+00  0.61558E+04  0.61558E+04  0.29203E+05
 0.50500E+01  0.10010E+03  0.10010E+03  0.12760E+03  0.16229E+03  0.12760E+03  0.27655E+04  0.00000E+00  0.27504E+02  0.27504E+02  0.27504E+02  0.12760E+03  0.00000E+00  0.00000E+00  0.40682E+03  0.11398E+03  0.28586E+04  0.26308E+04  0.00000E+00  0.00000E+00  0.00000E+00  0.41716E-02  0.00000E+00  0.74324E+04  0.15615E+05  0.23047E+05  0.00000E+00  0.74778E+04  0.74778E+04  0.30525E+05
 0.51500E+01  0.10010E+03  0.10010E+03  0.12760E+03  0.16229E+03  0.12760E+03  0.27655E+04  0.00000E+00  0.27504E+02  0.27504E+02  0.27504E+02  0.12760E+03  0.00000E+00  0.00000E+00  0.40682E+03  0.11398E+03  0.28586E+04  0.26308E+04  0.00000E+00  0.00000E+00  0.00000E+00  0.41716E-02  0.00000E+00  0.74324E+04  0.15615E+05  0.23047E+05  0.00000E+00  0.74778E+04  0.74778E+04  0.30525E+05
 0.51500E+01  0.10010E+03  0.10010E+03  0.12838E+03  0.16367E+03  0.12838E+03  0.27675E+04  0.00000E+00  0.28283E+02  0.28283E+02  0.28283E+02  0.12838E+03  0.00000E+00  0.00000E+00  0.40534E+03  0.11510E+03  0.28665E+04  0.26586E+04  0.00000E+00  0.00000E+00  0.00000E+00  0.41630E-02  0.00000E+00  0.74324E+04  0.15615E+05  0.23047E+05  0.00000E+00  0.88372E+04  0.88372E+04  0.31884E+05
 0.52500E+01  0.10010E+03  0.10010E+03  0.12838E+03  0.16367E+03  0.12838E+03  0.27675E+04  0.00000E+00  0.28283E+02  0.28283E+02  0.28283E+02  0.12838E+03  0.00000E+00  0.00000E+00  0.40534E+03  0.11510E+03  0.28665E+04  0.26586E+04  0.00000E+00  0.00000E+00  0.00000E+00  0.41630E-02  0.00000E+00  0.74324E+04  0.15615E+05  0.23047E+05  0.00000E+00  0.88372E+04  0.88372E+04  0.31884E+05
 0.52500E+01  0.10010E+03  0.10010E+03  0.12888E+03  0.16451E+03  0.12888E+03  0.27691E+04  0.00000E+00  0.28781E+02  0.28781E+02  0.28781E+02  0.12888E+03  0.00000E+00  0.00000E+00  0.40388E+03  0.11656E+03  0.28730E+04  0.26895E+04  0.00000E+00  0.00000E+00  0.00000E+00  0.41560E-02  0.00000E+00  0.74324E+04  0.15615E+05  0.23047E+05  0.00000E+00  0.10221E+05  0.10221E+05  0.33268E+05
 0.53500E+01  0.10010E+03  0.10010E+03  0.12888E+03  0.16451E+03  0.12888E+03  0.27691E+04  0.00000E+00  0.28781E+02  0.28781E+02  0.28781E+02  0.12888E+03  0.00000E+00  0.00000E+00  0.40388E+03  0.11656E+03  0.28730E+04  0.26895E+04  0.00000E+00  0.00000E+00  0.00000E+00  0.41560E-02  0.00000E+00  0.74324E+04  0.15615E+05  0.23047E+05  0.00000E+00  0.10221E+05  0.10221E+05  0.33268E+05
 0.53500E+01  0.10010E+03  0.10010E+03  0.12921E+03  0.16504E+03  0.12921E+03  0.27705E+04  0.00000E+00  0.29108E+02  0.29108E+02  0.29108E+02  0.12921E+03  0.00000E+00  0.00000E+00  0.40243E+03  0.11779E+03  0.28786E+04  0.27169E+04  0.00000E+00  0.00000E+00  0.00000E+00  0.41500E-02  0.00000E+00  0.74324E+04  0.15615E+05  0.23047E+05  0.00000E+00  0.11620E+05  0.11620E+05  0.34667E+05
 0.54500E+01  0.10010E+03  0.10010E+03  0.12921E+03  0.16504E+03  0.12921E+03  0.27705E+04  0.00000E+00  0.29108E+02  0.29108E+02  0.29108E+02  0.12921E+03  0.00000E+00  0.00000E+00  0.40243E+03  0.11779E+03  0.28786E+04  0.27169E+04  0.00000E+00  0.00000E+00  0.00000E+00  0.41500E-02  0.00000E+00  0.74324E+04  0.15615E+05  0.23047E+05  0.00000E+00  0.11620E+05  0.11620E+05  0.34667E+05
 0.54500E+01  0.10010E+03  0.10010E+03  0.12943E+03  0.16542E+03  0.12943E+03  0.27717E+04  0.00000E+00  0.29329E+02  0.29329E+02  0.29329E+02  0.12943E+03  0.00000E+00  0.00000E+00  0.40099E+03  0.11875E+03  0.28835E+04  0.27405E+04  0.00000E+00  0.00000E+00  0.00000E+00  0.41446E-02  0.00000E+00  0.74324E+04  0.15615E+05  0.23047E+05  0.00000E+00  0.13029E+05  0.13029E+05  0.36076E+05
 0.55500E+01  0.10010E+03  0.10010E+03  0.12943E+03  0.16542E+03  0.12943E+03  0.27717E+04  0.00000E+00  0.29329E+02  0.29329E+02  0.29329E+02  0.12943E+03  0.00000E+00  0.00000E+00  0.40099E+03  0.11875E+03  0.28835E+04  0.27405E+04  0.00000E+00  0.00000E+00  0.00000E+00  0.41446E-02  0.00000E+00  0.74324E+04  0.15615E+05  0.23047E+05  0.00000E+00  0.13029E+05  0.13029E+05  0.36076E+05
 0.55500E+01  0.10010E+03  0.10010E+03  0.12958E+03  0.16570E+03  0.12958E+03  0.27728E+04  0.00000E+00  0.29482E+02  0.29482E+02  0.29482E+02  0.12958E+03  0.00000E+00  0.00000E+00  0.39956E+03  0.11950E+03  0.28879E+04  0.27611E+04  0.00000E+00  0.00000E+00  0.00000E+00  0.41399E-02  0.00000E+00  0.74324E+04  0.15615E+05  0.23047E+05  0.00000E+00  0.14446E+05  0.14446E+05  0.37494E+05
 0.56500E+01  0.10010E+03  0.10010E+03  0.12958E+03  0.16570E+03  0.12958E+03  0.27728E+04  0.00000E+00  0.29482E+02  0.29482E+02  0.29482E+02  0.12958E+03  0.00000E+00  0.00000E+00  0.39956E+03  0.11950E+03  0.28879E+04  0.27611E+04  0.00000E+00  0.00000E+00  0.00000E+00  0.41399E-02  0.00000E+00  0.74324E+04  0.15615E+05  0.23047E+05  0.00000E+00  0.14446E+05  0.14446E+05  0.37494E+05
 0.56500E+01  0.10010E+03  0.10010E+03  0.12970E+03  0.16593E+03  0.12970E+03  0.27738E+04  0.00000E+00  0.29596E+02  0.29596E+02  0.29596E+02  0.12970E+03  0.00000E+00  0.00000E+00  0.39814E+03  0.12014E+03  0.28917E+04  0.27796E+04  0.00000E+00  0.00000E+00  0.00000E+00  0.41358E-02  0.00000E+00  0.74324E+04  0.15615E+05  0.23047E+05  0.00000E+00  0.15869E+05  0.15869E+05  0.38916E+05
 0.57500E+01  0.10010E+03  0.10010E+03  0.12970E+03  0.16593E+03  0.12970E+03  0.27738E+04  0.00000E+00  0.29596E+02  0.29596E+02  0.29596E+02  0.12970E+03  0.00000E+00  0.00000E+00  0.39814E+03  0.12014E+03  0.28917E+04  0.27796E+04  0.00000E+00  0.00000E+00  0.00000E+00  0.41358E-02  0.00000E+00  0.74324E+04  0.15615E+05  0.23047E+05  0.00000E+00  0.15869E+05  0.15869E+05  0.38916E+05
 0.57500E+01  0.10010E+03  0.10010E+03  0.12978E+03  0.16614E+03  0.12978E+03  0.27746E+04  0.00000E+00  0.29684E+02  0.29684E+02  0.29684E+02  0.12978E+03  0.00000E+00  0.00000E+00  0.39673E+03  0.12072E+03  0.28950E+04  0.27962E+04  0.00000E+00  0.00000E+00  0.00000E+00  0.41323E-02  0.00000E+00  0.74324E+04  0.15615E+05  0.23047E+05  0.00000E+00  0.17296E+05  0.17296E+05  0.40343E+05
 0.58500E+01  0.10010E+03  0.10010E+03  0.12978E+03  0.16614E+03  0.12978E+03  0.27746E+04  0.00000E+00  0.29684E+02  0.29684E+02  0.29684E+02  0.12978E+03  0.00000E+00  0.00000E+00  0.39673E+03  0.12072E+03  0.28950E+04  0.27962E+04  0.00000E+00  0.00000E+00  0.00000E+00  0.41323E-02  0.00000E+00  0.74324E+04  0.15615E+05  0.23047E+05  0.00000E+00  0.17296E+05  0.17296E+05  0.40343E+05
 0.58500E+01  0.10010E+03  0.10010E+03  0.12986E+03  0.16634E+03  0.12986E+03  0.27753E+04  0.00000E+00  0.29756E+02  0.29756E+02  0.29756E+02  0.12986E+03  0.00000E+00  0.00000E+00  0.39536E+03  0.12126E+03  0.28978E+04  0.28113E+04  0.00000E+00  0.00000E+00  0.00000E+00  0.41293E-02  0.00000E+00  0.74324E+04  0.15615E+05  0.23047E+05  0.00000E+00  0.18726E+05  0.18726E+05  0.41773E+05
 0.59500E+01  0.10010E+03  0.10010E+03  0.12986E+03  0.16634E+03  0.12986E+03  0.27753E+04  0.00000E+00  0.29756E+02  0.29756E+02  0.29756E+02  0.12986E+03  0.00000E+00  0.00000E+00  0.39536E+03  0.12126E+03  0.28978E+04  0.28113E+04  0.00000E+00  0.00000E+00  0.00000E+00  0.41293E-02  0.00000E+00  0.74324E+04  0.15615E+05  0.23047E+05  0.00000E+00  0.18726E+05  0.18726E+05  0.41773E+05
 0.59500E+01  0.10010E+03  0.10010E+03  0.12992E+03  0.16653E+03  0.12992E+03  0.27759E+04  0.00000E+00  0.29816E+02  0.29816E+02  0.29816E+02  0.12992E+03  0.00000E+00  0.00000E+00  0.39396E+03  0.12177E+03  0.29001E+04  0.28252E+04  0.00000E+00  0.00000E+00  0.00000E+00  0.41269E-02  0.00000E+00  0.74324E+04  0.15615E+05  0.23047E+05  0.00000E+00  0.20159E+05  0.20159E+05  0.43206E+05
 0.60500E+01  0.10010E+03  0.10010E+03  0.12992E+03  0.16653E+03  0.12992E+03  0.27759E+04  0.00000E+00  0.29816E+02  0.29816E+02  0.29816E+02  0.12992E+03  0.00000E+00  0.00000E+00  0.39396E+03  0.12177E+03  0.29001E+04  0.28252E+04  0.00000E+00  0.00000E+00  0.00000E+00  0.41269E-02  0.00000E+00  0.74324E+04  0.15615E+05  0.23047E+05  0.00000E+00  0.20159E+05  0.20159E+05  0.43206E+05
 0.60500E+01  0.10010E+03  0.10010E+03  0.12997E+03  0.16672E+03  0.12997E+03  0.27763E+04  0.00000E+00  0.29867E+02  0.29867E+02  0.29867E+02  0.12997E+03  0.00000E+00  0.00000E+00  0.39257E+03  0.12228E+03  0.29019E+04  0.28379E+04  0.00000E+00  0.00000E+00  0.00000E+00  0.41250E-02  0.00000E+00  0.74324E+04  0.15615E+05  0.23047E+05  0.00000E+00  0.21594E+05  0.21594E+05  0.44642E+05
 0.61500E+01  0.10010E+03  0.10010E+03  0.12997E+03  0.16672E+03  0.12997E+03  0.27763E+04  0.00000E+00  0.29867E+02  0.29867E+02  0.29867E+02  0.12997E+03  0.00000E+00  0.00000E+00  0.39257E+03  0.12228E+03  0.29019E+04  0.28379E+04  0.00000E+00  0.00000E+00  0.00000E+00  0.41250E-02  0.00000E+00  0.74324E+04  0.15615E+05  0.23047E+05  0.00000E+00  0.21594E+05  0.21594E+05  0.44642E+05
 0.61500E+01  0.10010E+03  0.10010E+03  0.13001E+03  0.16690E+03  0.13001E+03  0.27767E+04  0.00000E+00  0.29912E+02  0.29912E+02  0.29912E+02  0.13001E+03  0.00000E+00  0.00000E+00  0.39121E+03  0.12277E+03  0.29033E+04  0.28497E+04  0.00000E+00  0.00000E+00  0.00000E+00  0.41235E-02  0.00000E+00  0.74324E+04  0.15615E+05  0.23047E+05  0.00000E+00  0.23032E+05  0.23032E+05  0.46079E+05
 0.62500E+01  0.10010E+03  0.10010E+03  0.13001E+03  0.16690E+03  0.13001E+03  0.27767E+04  0.00000E+00  0.29912E+02  0.29912E+02  0.29912E+02  0.13001E+03  0.00000E+00  0.00000E+00  0.39121E+03  0.12277E+03  0.29033E+04  0.28497E+04  0.00000E+00  0.00000E+00  0.00000E+00  0.41235E-02  0.00000E+00  0.74324E+04  0.15615E+05  0.23047E+05  0.00000E+00  0.23032E+05  0.23032E+05  0.46079E+05
 0.62500E+01  0.10010E+03  0.10010E+03  0.13005E+03  0.16708E+03  0.13005E+03  0.27770E+04  0.00000E+00  0.29951E+02  0.29951E+02  0.29951E+02  0.13005E+03  0.00000E+00  0.00000E+00  0.38982E+03  0.12326E+03  0.29045E+04  0.28608E+04  0.00000E+00  0.00000E+00  0.00000E+00  0.41223E-02  0.00000E+00  0.74324E+04  0.15615E+05  0.23047E+05  0.00000E+00  0.24472E+05  0.24472E+05  0.47519E+05
 0.63500E+01  0.10010E+03  0.10010E+03  0.13005E+03  0.16708E+03  0.13005E+03  0.27770E+04  0.00000E+00  0.29951E+02  0.29951E+02  0.29951E+02  0.13005E+03  0.00000E+00  0.00000E+00  0.38982E+03  0.12326E+03  0.29045E+04  0.28608E+04  0.00000E+00  0.00000E+00  0.00000E+00  0.41223E-02  0.00000E+00  0.74324E+04  0.15615E+05  0.23047E+05  0.00000E+00  0.24472E+05  0.24472E+05  0.47519E+05
 0.63500E+01  0.10010E+03  0.10010E+03  0.13009E+03  0.16725E+03  0.13009E+03  0.27772E+04  0.00000E+00  0.29985E+02  0.29985E+02  0.29985E+02  0.13009E+03  0.00000E+00  0.00000E+00  0.38843E+03  0.12374E+03  0.29054E+04  0.28713E+04  0.00000E+00  0.00000E+00  0.00000E+00  0.41213E-02  0.00000E+00  0.74324E+04  0.15615E+05  0.23047E+05  0.00000E+00  0.25913E+05  0.25913E+05  0.48960E+05
 0.64500E+01  0.10010E+03  0.10010E+03  0.13009E+03  0.16725E+03  0.13009E+03  0.27772E+04  0.00000E+00  0.29985E+02  0.29985E+02  0.29985E+02  0.13009E+03  0.00000E+00  0.00000E+00  0.38843E+03  0.12374E+03  0.29054E+04  0.28713E+04  0.00000E+00  0.00000E+00  0.00000E+00  0.41213E-02  0.00000E+00  0.74324E+04  0.15615E+05  0.23047E+05  0.00000E+00  0.25913E+05  0.25913E+05  0.48960E+05
 0.64500E+01  0.10010E+03  0.10010E+03  0.13012E+03  0.16742E+03  0.13012E+03  0.27774E+04  0.00000E+00  0.30016E+02  0.30016E+02  0.30016E+02  0.13012E+03  0.00000E+00  0.00000E+00  0.38703E+03  0.12422E+03  0.29062E+04  0.28815E+04  0.00000E+00  0.00000E+00  0.00000E+00  0.41205E-02  0.00000E+00  0.74324E+04  0.15615E+05  0.23047E+05  0.00000E+00  0.27356E+05  0.27356E+05  0.50403E+05
 0.65500E+01  0.10010E+03  0.10010E+03  0.13012E+03  0.16742E+03  0.13012E+03  0.27774E+04  0.00000E+00  0.30016E+02  0.30016E+02  0.30016E+02  0.13012E+03  0.00000E+00  0.00000E+00  0.38703E+03  0.12422E+03  0.29062E+04  0.28815E+04  0.00000E+00  0.00000E+00  0.00000E+00  0.41205E-02  0.00000E+00  0.74324E+04  0.15615E+05  0.23047E+05  0.00000E+00  0.27356E+05  0.27356E+05  0.50403E+05
 0.65500E+01  0.10010E+03  0.10010E+03  0.13014E+03  0.16756E+03  0.13014E+03  0.27776E+04  0.00000E+00  0.30045E+02  0.30045E+02  0.30045E+02  0.13014E+03  0.00000E+00  0.00000E+00  0.38563E+03  0.12469E+03  0.29069E+04  0.28914E+04  0.00000E+00  0.00000E+00  0.00000E+00  0.41197E-02  0.00000E+00  0.74324E+04  0.15615E+05  0.23047E+05  0.00000E+00  0.28800E+05  0.28800E+05  0.51847E+05
 0.66500E+01  0.10010E+03  0.10010E+03  0.13014E+03  0.16756E+03  0.13014E+03  0.27776E+04  0.00000E+00  0.30045E+02  0.30045E+02  0.30045E+02  0.13014E+03  0.00000E+00  0.00000E+00  0.38563E+03  0.12469E+03  0.29069E+04  0.28914E+04  0.00000E+00  0.00000E+00  0.00000E+00  0.41197E-02  0.00000E+00  0.74324E+04  0.15615E+05  0.23047E+05  0.00000E+00  0.28800E+05  0.28800E+05  0.51847E+05
 0.66500E+01  0.10010E+03  0.10010E+03  0.13017E+03  0.16769E+03  0.13017E+03  0.27777E+04  0.00000E+00  0.30070E+02  0.30070E+02  0.30070E+02  0.13017E+03  0.00000E+00  0.00000E+00  0.38422E+03  0.12516E+03  0.29075E+04  0.29011E+04  0.00000E+00  0.00000E+00  0.00000E+00  0.41191E-02  0.00000E+00  0.74324E+04  0.15615E+05  0.23047E+05  0.00000E+00  0.30245E+05  0.30245E+05  0.53292E+05
 0.67500E+01  0.10010E+03  0.10010E+03  0.13017E+03  0.16769E+03  0.13017E+03  0.27777E+04  0.00000E+00  0.30070E+02  0.30070E+02  0.30070E+02  0.13017E+03  0.00000E+00  0.00000E+00  0.38422E+03  0.12516E+03  0.29075E+04  0.29011E+04  0.00000E+00  0.00000E+00  0.00000E+00  0.41191E-02  0.00000E+00  0.74324E+04  0.15615E+05  0.23047E+05  0.00000E+00  0.30245E+05  0.30245E+05  0.53292E+05
 0.67500E+01  0.10010E+03  0.10010E+03  0.13019E+03  0.16777E+03  0.13019E+03  0.27779E+04  0.00000E+00  0.30090E+02  0.30090E+02  0.30090E+02  0.13019E+03  0.00000E+00  0.00000E+00  0.38280E+03  0.12562E+03  0.29082E+04  0.29105E+04  0.00000E+00  0.00000E+00  0.00000E+00  0.41184E-02  0.00000E+00  0.74324E+04  0.15615E+05  0.23047E+05  0.00000E+00  0.31691E+05  0.31691E+05  0.54738E+05
 0.68500E+01  0.10010E+03  0.10010E+03  0.13019E+03  0.16777E+03  0.13019E+03  0.27779E+04  0.00000E+00  0.30090E+02  0.30090E+02  0.30090E+02  0.13019E+03  0.00000E+00  0.00000E+00  0.38280E+03  0.12562E+03  0.29082E+04  0.29105E+04  0.00000E+00  0.00000E+00  0.00000E+00  0.41184E-02  0.00000E+00  0.74324E+04  0.15615E+05  0.23047E+05  0.00000E+00  0.31691E+05  0.31691E+05  0.54738E+05
 0.68500E+01  0.10010E+03  0.10010E+03  0.13020E+03  0.16778E+03  0.13020E+03  0.27780E+04  0.00000E+00  0.30100E+02  0.30100E+02  0.30100E+02  0.13020E+03  0.00000E+00  0.00000E+00  0.38138E+03  0.12605E+03  0.29088E+04  0.29194E+04  0.00000E+00  0.00000E+00  0.00000E+00  0.41177E-02  0.00000E+00  0.74324E+04  0.15615E+05  0.23047E+05  0.00000E+00  0.33138E+05  0.33138E+05  0.56185E+05
 0.69500E+01  0.10010E+03  0.10010E+03  0.13020E+03  0.16778E+03  0.13020E+03  0.27780E+04  0.00000E+00  0.30100E+02  0.30100E+02  0.30100E+02  0.13020E+03  0.00000E+00  0.00000E+00  0.38138E+03  0.12605E+03  0.29088E+04  0.29194E+04  0.00000E+00  0.00000E+00  0.00000E+00  0.41177E-02  0.00000E+00  0.74324E+04  0.15615E+05  0.23047E+05  0.00000E+00  0.33138E+05  0.33138E+05  0.56185E+05
 0.69500E+01  0.10010E+03  0.10010E+03  0.13019E+03  0.16771E+03  0.13019E+03  0.27782E+04  0.00000E+00  0.30093E+02  0.30093E+02  0.30093E+02  0.13019E+03  0.00000E+00  0.00000E+00  0.37994E+03  0.12643E+03  0.29094E+04  0.29276E+04  0.00000E+00  0.00000E+00  0.00000E+00  0.41170E-02  0.00000E+00  0.74324E+04  0.15615E+05  0.23047E+05  0.00000E+00  0.34584E+05  0.34584E+05  0.57632E+05
 0.70500E+01  0.10010E+03  0.10010E+03  0.13019E+03  0.16771E+03  0.13019E+03  0.27782E+04  0.00000E+00  0.30093E+02  0.30093E+02  0.30093E+02  0.13019E+03  0.00000E+00  0.00000E+00  0.37994E+03  0.12643E+03  0.29094E+04  0.29276E+04  0.00000E+00  0.00000E+00  0.00000E+00  0.41170E-02  0.00000E+00  0.74324E+04  0.15615E+05  0.23047E+05  0.00000E+00  0.34584E+05  0.34584E+05  0.57632E+05
 0.70500E+01  0.10010E+03  0.10010E+03  0.13016E+03  0.16751E+03  0.13016E+03  0.27784E+04  0.00000E+00  0.30057E+02  0.30057E+02  0.30057E+02  0.13016E+03  0.00000E+00  0.00000E+00  0.37849E+03  0.12674E+03  0.29101E+04  0.29344E+04  0.00000E+00  0.00000E+00  0.00000E+00  0.41163E-02  0.00000E+00  0.74324E+04  0.15615E+05  0.23047E+05  0.00000E+00  0.36029E+05  0.36029E+05  0.59076E+05
 0.71500E+01  0.10010E+03  0.10010E+03  0.13016E+03  0.16751E+03  0.13016E+03  0.27784E+04  0.00000E+00  0.30057E+02  0.30057E+02  0.30057E+02  0.13016E+03  0.00000E+00  0.00000E+00  0.37849E+03  0.12674E+03  0.29101E+04  0.29344E+04  0.00000E+00  0.00000E+00  0.00000E+00  0.41163E-02  0.00000E+00  0.74324E+04  0.15615E+05  0.23047E+05  0.00000E+00  0.36029E+05  0.36029E+05  0.59076E+05
 0.71500E+01  0.10010E+03  0.10010E+03  0.13008E+03  0.16716E+03  0.13008E+03  0.27785E+04  0.00000E+00  0.29977E+02  0.29977E+02  0.29977E+02  0.13008E+03  0.00000E+00  0.00000E+00  0.37700E+03  0.12692E+03  0.29107E+04  0.29392E+04  0.00000E+00  0.00000E+00  0.00000E+00  0.41156E-02  0.00000E+00  0.74324E+04  0.15615E+05  0.23047E+05  0.00000E+00  0.37470E+05  0.37470E+05  0.60517E+05
 0.72500E+01  0.10010E+03  0.10010E+03  0.13008E+03  0.16716E+03  0.13008E+03  0.27785E+04  0.00000E+00  0.29977E+02  0.29977E+02  0.29977E+02  0.13008E+03  0.00000E+00  0.00000E+00  0.37700E+03  0.12692E+03  0.29107E+04  0.29392E+04  0.00000E+00  0.00000E+00  0.00000E+00  0.41156E-02  0.00000E+00  0.74324E+04  0.15615E+05  0.23047E+05  0.00000E+00  0.37470E+05  0.37470E+05  0.60517E+05
 0.72500E+01  0.10010E+03  0.10010E+03  0.12994E+03  0.16663E+03  0.12994E+03  0.27787E+04  0.00000E+00  0.29838E+02  0.29838E+02  0.29838E+02  0.12994E+03  0.00000E+00  0.00000E+00  0.37553E+03  0.12692E+03  0.29114E+04  0.29416E+04  0.00000E+00  0.00000E+00  0.00000E+00  0.41150E-02  0.00000E+00  0.74324E+04  0.15615E+05  0.23047E+05  0.00000E+00  0.38904E+05  0.38904E+05  0.61951E+05
 0.73500E+01  0.10010E+03  0.10010E+03  0.12994E+03  0.16663E+03  0.12994E+03  0.27787E+04  0.00000E+00  0.29838E+02  0.29838E+02  0.29838E+02  0.12994E+03  0.00000E+00  0.00000E+00  0.37553E+03  0.12692E+03  0.29114E+04  0.29416E+04  0.00000E+00  0.00000E+00  0.00000E+00  0.41150E-02  0.00000E+00  0.74324E+04  0.15615E+05  0.23047E+05  0.00000E+00  0.38904E+05  0.38904E+05  0.61951E+05
 0.73500E+01  0.10010E+03  0.10010E+03  0.12973E+03  0.16591E+03  0.12973E+03  0.27788E+04  0.00000E+00  0.29627E+02  0.29627E+02  0.29627E+02  0.12973E+03  0.00000E+00  0.00000E+00  0.37401E+03  0.12670E+03  0.29120E+04  0.29409E+04  0.00000E+00  0.00000E+00  0.00000E+00  0.41143E-02  0.00000E+00  0.74324E+04  0.15615E+05  0.23047E+05  0.00000E+00  0.40328E+05  0.40328E+05  0.63375E+05
 0.74500E+01  0.10010E+03  0.10010E+03  0.12973E+03  0.16591E+03  0.12973E+03  0.27788E+04  0.00000E+00  0.29627E+02  0.29627E+02  0.29627E+02  0.12973E+03  0.00000E+00  0.00000E+00  0.37401E+03  0.12670E+03  0.29120E+04  0.29409E+04  0.00000E+00  0.00000E+00  0.00000E+00  0.41143E-02  0.00000E+00  0.74324E+04  0.15615E+05  0.23047E+05  0.00000E+00  0.40328E+05  0.40328E+05  0.63375E+05
 0.74500E+01  0.10010E+03  0.10010E+03  0.12944E+03  0.16503E+03  0.12944E+03  0.27790E+04  0.00000E+00  0.29339E+02  0.29339E+02  0.29339E+02  0.12944E+03  0.00000E+00  0.00000E+00  0.37253E+03  0.12623E+03  0.29125E+04  0.29370E+04  0.00000E+00  0.00000E+00  0.00000E+00  0.41137E-02  0.00000E+00  0.74324E+04  0.15615E+05  0.23047E+05  0.00000E+00  0.41738E+05  0.41738E+05  0.64786E+05
 0.75500E+01  0.10010E+03  0.10010E+03  0.12944E+03  0.16503E+03  0.12944E+03  0.27790E+04  0.00000E+00  0.29339E+02  0.29339E+02  0.29339E+02  0.12944E+03  0.00000E+00  0.00000E+00  0.37253E+03  0.12623E+03  0.29125E+04  0.29370E+04  0.00000E+00  0.00000E+00  0.00000E+00  0.41137E-02  0.00000E+00  0.74324E+04  0.15615E+05  0.23047E+05  0.00000E+00  0.41738E+05  0.41738E+05  0.64786E+05
 0.75500E+01  0.10010E+03  0.10010E+03  0.12908E+03  0.16404E+03  0.12908E+03  0.27791E+04  0.00000E+00  0.28983E+02  0.28983E+02  0.28983E+02  0.12908E+03  0.00000E+00  0.00000E+00  0.37099E+03  0.12551E+03  0.29131E+04  0.29303E+04  0.00000E+00  0.00000E+00  0.00000E+00  0.41132E-02  0.00000E+00  0.74324E+04  0.15615E+05  0.23047E+05  0.00000E+00  0.43131E+05  0.43131E+05  0.66179E+05
 0.76500E+01  0.10010E+03  0.10010E+03  0.12908E+03  0.16404E+03  0.12908E+03  0.27791E+04  0.00000E+00  0.28983E+02  0.28983E+02  0.28983E+02  0.12908E+03  0.00000E+00  0.00000E+00  0.37099E+03  0.12551E+03  0.29131E+04  0.29303E+04  0.00000E+00  0.00000E+00  0.00000E+00  0.41132E-02  0.00000E+00  0.74324E+04  0.15615E+05  0.23047E+05  0.00000E+00  0.43131E+05  0.43131E+05  0.66179E+05
 0.76500E+01  0.10010E+03  0.10010E+03  0.12868E+03  0.16303E+03  0.12868E+03  0.27792E+04  0.00000E+00  0.28581E+02  0.28581E+02  0.28581E+02  0.12868E+03  0.00000E+00  0.00000E+00  0.36945E+03  0.12461E+03  0.29135E+04  0.29217E+04  0.00000E+00  0.00000E+00  0.00000E+00  0.41127E-02  0.00000E+00  0.74324E+04  0.15615E+05  0.23047E+05  0.00000E+00  0.44505E+05  0.44505E+05  0.67552E+05
 0.77500E+01  0.10010E+03  0.10010E+03  0.12868E+03  0.16303E+03  0.12868E+03  0.27792E+04  0.00000E+00  0.28581E+02  0.28581E+02  0.28581E+02  0.12868E+03  0.00000E+00  0.00000E+00  0.36945E+03  0.12461E+03  0.29135E+04  0.29217E+04  0.00000E+00  0.00000E+00  0.00000E+00  0.41127E-02  0.00000E+00  0.74324E+04  0.15615E+05  0.23047E+05  0.00000E+00  0.44505E+05  0.44505E+05  0.67552E+05
 0.77500E+01  0.10010E+03  0.10010E+03  0.12827E+03  0.16212E+03  0.12827E+03  0.27793E+04  0.00000E+00  0.28169E+02  0.28169E+02  0.28169E+02  0.12827E+03  0.00000E+00  0.00000E+00  0.36790E+03  0.12361E+03  0.29139E+04  0.29126E+04  0.00000E+00  0.00000E+00  0.00000E+00  0.41123E-02  0.00000E+00  0.74324E+04  0.15615E+05  0.23047E+05  0.00000E+00  0.45859E+05  0.45859E+05  0.68906E+05
 0.78500E+01  0.10010E+03  0.10010E+03  0.12827E+03  0.16212E+03  0.12827E+03  0.27793E+04  0.00000E+00  0.28169E+02  0.28169E+02  0.28169E+02  0.12827E+03  0.00000E+00  0.00000E+00  0.36790E+03  0.12361E+03  0.29139E+04  0.29126E+04  0.00000E+00  0.00000E+00  0.00000E+00  0.41123E-02  0.00000E+00  0.74324E+04  0.15615E+05  0.23047E+05  0.00000E+00  0.45859E+05  0.45859E+05  0.68906E+05
 0.78500E+01  0.10010E+03  0.10010E+03  0.12788E+03  0.16144E+03  0.12788E+03  0.27794E+04  0.00000E+00  0.27783E+02  0.27783E+02  0.27783E+02  0.12788E+03  0.00000E+00  0.00000E+00  0.36631E+03  0.12265E+03  0.29142E+04  0.29043E+04  0.00000E+00  0.00000E+00  0.00000E+00  0.41120E-02  0.00000E+00  0.74324E+04  0.15615E+05  0.23047E+05  0.00000E+00  0.47194E+05  0.47194E+05  0.70242E+05
 0.79500E+01  0.10010E+03  0.10010E+03  0.12788E+03  0.16144E+03  0.12788E+03  0.27794E+04  0.00000E+00  0.27783E+02  0.27783E+02  0.27783E+02  0.12788E+03  0.00000E+00  0.00000E+00  0.36631E+03  0.12265E+03  0.29142E+04  0.29043E+04  0.00000E+00  0.00000E+00  0.00000E+00  0.41120E-02  0.00000E+00  0.74324E+04  0.15615E+05  0.23047E+05  0.00000E+00  0.47194E+05  0.47194E+05  0.70242E+05
 0.79500E+01  0.10010E+03  0.10010E+03  0.12755E+03  0.16106E+03  0.12755E+03  0.27794E+04  0.00000E+00  0.27454E+02  0.27454E+02  0.27454E+02  0.12755E+03  0.00000E+00  0.00000E+00  0.36475E+03  0.12182E+03  0.29144E+04  0.28980E+04  0.00000E+00  0.00000E+00  0.00000E+00  0.41118E-02  0.00000E+00  0.74324E+04  0.15615E+05  0.23047E+05  0.00000E+00  0.48514E+05  0.48514E+05  0.71561E+05
 0.80500E+01  0.10010E+03  0.10010E+03  0.12755E+03  0.16106E+03  0.12755E+03  0.27794E+04  0.00000E+00  0.27454E+02  0.27454E+02  0.27454E+02  0.12755E+03  0.00000E+00  0.00000E+00  0.36475E+03  0.12182E+03  0.29144E+04  0.28980E+04  0.00000E+00  0.00000E+00  0.00000E+00  0.41118E-02  0.00000E+00  0.74324E+04  0.15615E+05  0.23047E+05  0.00000E+00  0.48514E+05  0.48514E+05  0.71561E+05
 0.80500E+01  0.10010E+03  0.10010E+03  0.12730E+03  0.16096E+03  0.12730E+03  0.27794E+04  0.00000E+00  0.27199E+02  0.27199E+02  0.27199E+02  0.12730E+03  0.00000E+00  0.00000E+00  0.36318E+03  0.12120E+03  0.29145E+04  0.28942E+04  0.00000E+00  0.00000E+00  0.00000E+00  0.41117E-02  0.00000E+00  0.74324E+04  0.15615E+05  0.23047E+05  0.00000E+00  0.49821E+05  0.49821E+05  0.72868E+05
 0.81500E+01  0.10010E+03  0.10010E+03  0.12730E+03  0.16096E+03  0.12730E+03  0.27794E+04  0.00000E+00  0.27199E+02  0.27199E+02  0.27199E+02  0.12730E+03  0.00000E+00  0.00000E+00  0.36318E+03  0.12120E+03  0.29145E+04  0.28942E+04  0.00000E+00  0.00000E+00  0.00000E+00  0.41117E-02  0.00000E+00  0.74324E+04  0.15615E+05  0.23047E+05  0.00000E+00  0.49821E+05  0.49821E+05  0.72868E+05
 0.81500E+01  0.10010E+03  0.10010E+03  0.12712E+03  0.16111E+03  0.12712E+03  0.27795E+04  0.00000E+00  0.27022E+02  0.27022E+02  0.27022E+02  0.12712E+03  0.00000E+00  0.00000E+00  0.36157E+03  0.12083E+03  0.29145E+04  0.28932E+04  0.00000E+00  0.00000E+00  0.00000E+00  0.41116E-02  0.00000E+00  0.74324E+04  0.15615E+05  0.23047E+05  0.00000E+00  0.51120E+05  0.51120E+05  0.74167E+05
 0.82500E+01  0.10010E+03  0.10010E+03  0.12712E+03  0.16111E+03  0.12712E+03  0.27795E+04  0.00000E+00  0.27022E+02  0.27022E+02  0.27022E+02  0.12712E+03  0.00000E+00  0.00000E+00  0.36157E+03  0.12083E+03  0.29145E+04  0.28932E+04  0.00000E+00  0.00000E+00  0.00000E+00  0.41116E-02  0.00000E+00  0.74324E+04  0.15615E+05  0.23047E+05  0.00000E+00  0.51120E+05  0.51120E+05  0.74167E+05
 0.82500E+01  0.10010E+03  0.10010E+03  0.12701E+03  0.16153E+03  0.12701E+03  0.27794E+04  0.00000E+00  0.26911E+02  0.26911E+02  0.26911E+02  0.12701E+03  0.00000E+00  0.00000E+00  0.35994E+03  0.12068E+03  0.29145E+04  0.28946E+04  0.00000E+00  0.00000E+00  0.00000E+00  0.41117E-02  0.00000E+00  0.74324E+04  0.15615E+05  0.23047E+05  0.00000E+00  0.52413E+05  0.52413E+05  0.75461E+05
 0.83500E+01  0.10010E+03  0.10010E+03  0.12701E+03  0.16153E+03  0.12701E+03  0.27794E+04  0.00000E+00  0.26911E+02  0.26911E+02  0.26911E+02  0.12701E+03  0.00000E+00  0.00000E+00  0.35994E+03  0.12068E+03  0.29145E+04  0.28946E+04  0.00000E+00  0.00000E+00  0.00000E+00  0.41117E-02  0.00000E+00  0.74324E+04  0.15615E+05  0.23047E+05  0.00000E+00  0.52413E+05  0.52413E+05  0.75461E+05
 0.83500E+01  0.10010E+03  0.10010E+03  0.12694E+03  0.16233E+03  0.12694E+03  0.27794E+04  0.00000E+00  0.26845E+02  0.26845E+02  0.26845E+02  0.12694E+03  0.00000E+00  0.00000E+00  0.35835E+03  0.12074E+03  0.29144E+04  0.28988E+04  0.00000E+00  0.00000E+00  0.00000E+00  0.41118E-02  0.00000E+00  0.74324E+04  0.15615E+05  0.23047E+05  0.00000E+00  0.53704E+05  0.53704E+05  0.76751E+05
 0.84500E+01  0.10010E+03  0.10010E+03  0.12694E+03  0.16233E+03  0.12694E+03  0.27794E+04  0.00000E+00  0.26845E+02  0.26845E+02  0.26845E+02  0.12694E+03  0.00000E+00  0.00000E+00  0.35835E+03  0.12074E+03  0.29144E+04  0.28988E+04  0.00000E+00  0.00000E+00  0.00000E+00  0.41118E-02  0.00000E+00  0.74324E+04  0.15615E+05  0.23047E+05  0.00000E+00  0.53704E+05  0.53704E+05  0.76751E+05
 0.84500E+01  0.10010E+03  0.10010E+03  0.12688E+03  0.16332E+03  0.12688E+03  0.27794E+04  0.00000E+00  0.26776E+02  0.26776E+02  0.26776E+02  0.12688E+03  0.00000E+00  0.00000E+00  0.35672E+03  0.12101E+03  0.29142E+04  0.29085E+04  0.00000E+00  0.00000E+00  0.00000E+00  0.41120E-02  0.00000E+00  0.74324E+04  0.15615E+05  0.23047E+05  0.00000E+00  0.54991E+05  0.54991E+05  0.78038E+05
 0.85500E+01  0.10010E+03  0.10010E+03  0.12688E+03  0.16332E+03  0.12688E+03  0.27794E+04  0.00000E+00  0.26776E+02  0.26776E+02  0.26776E+02  0.12688E+03  0.00000E+00  0.00000E+00  0.35672E+03  0.12101E+03  0.29142E+04  0.29085E+04  0.00000E+00  0.00000E+00  0.00000E+00  0.41120E-02  0.00000E+00  0.74324E+04  0.15615E+05  0.23047E+05  0.00000E+00  0.54991E+05  0.54991E+05  0.78038E+05
 0.85500E+01  0.10010E+03  0.10010E+03  0.12671E+03  0.16394E+03  0.12671E+03  0.27793E+04  0.00000E+00  0.26611E+02  0.26611E+02  0.26611E+02  0.12671E+03  0.00000E+00  0.00000E+00  0.35509E+03  0.12165E+03  0.29139E+04  0.29322E+04  0.00000E+00  0.00000E+00  0.00000E+00  0.41123E-02  0.00000E+00  0.74324E+04  0.15615E+05  0.23047E+05  0.00000E+00  0.56270E+05  0.56270E+05  0.79317E+05
 0.86500E+01  0.10010E+03  0.10010E+03  0.12671E+03  0.16394E+03  0.12671E+03  0.27793E+04  0.00000E+00  0.26611E+02  0.26611E+02  0.26611E+02  0.12671E+03  0.00000E+00  0.00000E+00  0.35509E+03  0.12165E+03  0.29139E+04  0.29322E+04  0.00000E+00  0.00000E+00  0.00000E+00  0.41123E-02  0.00000E+00  0.74324E+04  0.15615E+05  0.23047E+05  0.00000E+00  0.56270E+05  0.56270E+05  0.79317E+05
 0.86500E+01  0.10010E+03  0.10010E+03  0.12630E+03  0.16392E+03  0.12630E+03  0.27792E+04  0.00000E+00  0.26201E+02  0.26201E+02  0.26201E+02  0.12630E+03  0.00000E+00  0.00000E+00  0.35349E+03  0.12317E+03  0.29135E+04  0.29854E+04  0.00000E+00  0.00000E+00  0.00000E+00  0.41127E-02  0.00000E+00  0.74324E+04  0.15615E+05  0.23047E+05  0.00000E+00  0.57529E+05  0.57529E+05  0.80576E+05
 0.87500E+01  0.10010E+03  0.10010E+03  0.12630E+03  0.16392E+03  0.12630E+03  0.27792E+04  0.00000E+00  0.26201E+02  0.26201E+02  0.26201E+02  0.12630E+03  0.00000E+00  0.00000E+00  0.35349E+03  0.12317E+03  0.29135E+04  0.29854E+04  0.00000E+00  0.00000E+00  0.00000E+00  0.41127E-02  0.00000E+00  0.74324E+04  0.15615E+05  0.23047E+05  0.00000E+00  0.57529E+05  0.57529E+05  0.80576E+05
 0.87500E+01  0.10010E+03  0.10010E+03  0.12549E+03  0.16375E+03  0.12549E+03  0.27791E+04  0.00000E+00  0.25390E+02  0.25390E+02  0.25390E+02  0.12549E+03  0.00000E+00  0.00000E+00  0.35198E+03  0.12635E+03  0.29130E+04  0.30879E+04  0.00000E+00  0.00000E+00  0.00000E+00  0.41133E-02  0.00000E+00  0.74324E+04  0.15615E+05  0.23047E+05  0.00000E+00  0.58749E+05  0.58749E+05  0.81797E+05
 0.88500E+01  0.10010E+03  0.10010E+03  0.12549E+03  0.16375E+03  0.12549E+03  0.27791E+04  0.00000E+00  0.25390E+02  0.25390E+02  0.25390E+02  0.12549E+03  0.00000E+00  0.00000E+00  0.35198E+03  0.12635E+03  0.29130E+04  0.30879E+04  0.00000E+00  0.00000E+00  0.00000E+00  0.41133E-02  0.00000E+00  0.74324E+04  0.15615E+05  0.23047E+05  0.00000E+00  0.58749E+05  0.58749E+05  0.81797E+05
 0.88500E+01  0.10010E+03  0.10010E+03  0.12416E+03  0.16405E+03  0.12416E+03  0.27789E+04  0.00000E+00  0.24058E+02  0.24058E+02  0.24058E+02  0.12416E+03  0.00000E+00  0.00000E+00  0.35068E+03  0.13203E+03  0.29124E+04  0.32622E+04  0.00000E+00  0.00000E+00  0.00000E+00  0.41140E-02  0.00000E+00  0.74324E+04  0.15615E+05  0.23047E+05  0.00000E+00  0.59906E+05  0.59906E+05  0.82953E+05
 0.89500E+01  0.10010E+03  0.10010E+03  0.12416E+03  0.16405E+03  0.12416E+03  0.27789E+04  0.00000E+00  0.24058E+02  0.24058E+02  0.24058E+02  0.12416E+03  0.00000E+00  0.00000E+00  0.35068E+03  0.13203E+03  0.29124E+04  0.32622E+04  0.00000E+00  0.00000E+00  0.00000E+00  0.41140E-02  0.00000E+00  0.74324E+04  0.15615E+05  0.23047E+05  0.00000E+00  0.59906E+05  0.59906E+05  0.82953E+05
 0.89500E+01  0.10010E+03  0.10010E+03  0.12215E+03  0.16405E+03  0.12215E+03  0.27787E+04  0.00000E+00  0.22046E+02  0.22046E+02  0.22046E+02  0.12215E+03  0.00000E+00  0.00000E+00  0.34978E+03  0.14119E+03  0.29115E+04  0.35482E+04  0.00000E+00  0.00000E+00  0.00000E+00  0.41149E-02  0.00000E+00  0.74324E+04  0.15615E+05  0.23047E+05  0.00000E+00  0.60965E+05  0.60965E+05  0.84012E+05
 0.90500E+01  0.10010E+03  0.10010E+03  0.12215E+03  0.16405E+03  0.12215E+03  0.27787E+04  0.00000E+00  0.22046E+02  0.22046E+02  0.22046E+02  0.12215E+03  0.00000E+00  0.00000E+00  0.34978E+03  0.14119E+03  0.29115E+04  0.35482E+04  0.00000E+00  0.00000E+00  0.00000E+00  0.41149E-02  0.00000E+00  0.74324E+04  0.15615E+05  0.23047E+05  0.00000E+00  0.60965E+05  0.60965E+05  0.84012E+05
 0.90500E+01  0.10010E+03  0.10010E+03  0.11897E+03  0.16429E+03  0.11897E+03  0.27783E+04  0.00000E+00  0.18874E+02  0.18874E+02  0.18874E+02  0.11897E+03  0.00000E+00  0.00000E+00  0.34812E+03  0.15602E+03  0.29101E+04  0.35755E+04  0.00000E+00  0.00000E+00  0.00000E+00  0.41165E-02  0.00000E+00  0.74324E+04  0.15615E+05  0.23047E+05  0.00000E+00  0.62230E+05  0.62230E+05  0.85278E+05
 0.91500E+01  0.10010E+03  0.10010E+03  0.11897E+03  0.16429E+03  0.11897E+03  0.27783E+04  0.00000E+00  0.18874E+02  0.18874E+02  0.18874E+02  0.11897E+03  0.00000E+00  0.00000E+00  0.34812E+03  0.15602E+03  0.29101E+04  0.35755E+04  0.00000E+00  0.00000E+00  0.00000E+00  0.41165E-02  0.00000E+00  0.74324E+04  0.15615E+05  0.23047E+05  0.00000E+00  0.62230E+05  0.62230E+05  0.85278E+05
 0.91500E+01  0.10010E+03  0.10010E+03  0.12128E+03  0.16339E+03  0.12128E+03  0.27780E+04  0.00000E+00  0.21182E+02  0.21182E+02  0.21182E+02  0.12128E+03  0.00000E+00  0.00000E+00  0.34505E+03  0.13308E+03  0.29088E+04  0.31389E+04  0.00000E+00  0.00000E+00  0.00000E+00  0.41179E-02  0.00000E+00  0.74324E+04  0.15615E+05  0.23047E+05  0.00000E+00  0.63650E+05  0.63650E+05  0.86697E+05
 0.92500E+01  0.10010E+03  0.10010E+03  0.12128E+03  0.16339E+03  0.12128E+03  0.27780E+04  0.00000E+00  0.21182E+02  0.21182E+02  0.21182E+02  0.12128E+03  0.00000E+00  0.00000E+00  0.34505E+03  0.13308E+03  0.29088E+04  0.31389E+04  0.00000E+00  0.00000E+00  0.00000E+00  0.41179E-02  0.00000E+00  0.74324E+04  0.15615E+05  0.23047E+05  0.00000E+00  0.63650E+05  0.63650E+05  0.86697E+05
 0.92500E+01  0.10010E+03  0.10010E+03  0.12236E+03  0.16575E+03  0.12236E+03  0.27777E+04  0.00000E+00  0.22257E+02  0.22257E+02  0.22257E+02  0.12236E+03  0.00000E+00  0.00000E+00  0.34284E+03  0.12013E+03  0.29074E+04  0.29193E+04  0.00000E+00  0.00000E+00  0.00000E+00  0.41193E-02  0.00000E+00  0.74324E+04  0.15615E+05  0.23047E+05  0.00000E+00  0.65142E+05  0.65142E+05  0.88189E+05
 0.93500E+01  0.10010E+03  0.10010E+03  0.12236E+03  0.16575E+03  0.12236E+03  0.27777E+04  0.00000E+00  0.22257E+02  0.22257E+02  0.22257E+02  0.12236E+03  0.00000E+00  0.00000E+00  0.34284E+03  0.12013E+03  0.29074E+04  0.29193E+04  0.00000E+00  0.00000E+00  0.00000E+00  0.41193E-02  0.00000E+00  0.74324E+04  0.15615E+05  0.23047E+05  0.00000E+00  0.65142E+05  0.65142E+05  0.88189E+05
 0.93500E+01  0.10010E+03  0.10010E+03  0.12262E+03  0.16286E+03  0.12262E+03  0.27773E+04  0.00000E+00  0.22516E+02  0.22516E+02  0.22516E+02  0.12262E+03  0.00000E+00  0.00000E+00  0.34096E+03  0.11436E+03  0.29058E+04  0.28505E+04  0.00000E+00  0.00000E+00  0.00000E+00  0.41210E-02  0.00000E+00  0.74324E+04  0.15615E+05  0.23047E+05  0.00000E+00  0.66651E+05  0.66651E+05  0.89698E+05
 0.94500E+01  0.10010E+03  0.10010E+03  0.12262E+03  0.16286E+03  0.12262E+03  0.27773E+04  0.00000E+00  0.22516E+02  0.22516E+02  0.22516E+02  0.12262E+03  0.00000E+00  0.00000E+00  0.34096E+03  0.11436E+03  0.29058E+04  0.28505E+04  0.00000E+00  0.00000E+00  0.00000E+00  0.41210E-02  0.00000E+00  0.74324E+04  0.15615E+05  0.23047E+05  0.00000E+00  0.66651E+05  0.66651E+05  0.89698E+05
 0.94500E+01  0.10010E+03  0.10010E+03  0.12396E+03  0.15982E+03  0.12396E+03  0.27768E+04  0.00000E+00  0.23861E+02  0.23861E+02  0.23861E+02  0.12396E+03  0.00000E+00  0.00000E+00  0.33917E+03  0.11430E+03  0.29039E+04  0.28273E+04  0.00000E+00  0.00000E+00  0.00000E+00  0.41231E-02  0.00000E+00  0.74324E+04  0.15615E+05  0.23047E+05  0.00000E+00  0.68250E+05  0.68250E+05  0.91298E+05
 0.95500E+01  0.10010E+03  0.10010E+03  0.12396E+03  0.15982E+03  0.12396E+03  0.27768E+04  0.00000E+00  0.23861E+02  0.23861E+02  0.23861E+02  0.12396E+03  0.00000E+00  0.00000E+00  0.33917E+03  0.11430E+03  0.29039E+04  0.28273E+04  0.00000E+00  0.00000E+00  0.00000E+00  0.41231E-02  0.00000E+00  0.74324E+04  0.15615E+05  0.23047E+05  0.00000E+00  0.68250E+05  0.68250E+05  0.91298E+05
 0.95500E+01  0.10010E+03  0.10010E+03  0.11920E+03  0.17411E+03  0.11920E+03  0.27762E+04  0.00000E+00  0.19104E+02  0.19104E+02  0.19104E+02  0.11920E+03  0.00000E+00  0.00000E+00  0.33751E+03  0.11583E+03  0.29014E+04  0.22928E+04  0.00000E+00  0.00000E+00  0.00000E+00  0.41260E-02  0.00000E+00  0.74324E+04  0.15615E+05  0.23047E+05  0.00000E+00  0.69531E+05  0.69531E+05  0.92578E+05
 0.96500E+01  0.10010E+03  0.10010E+03  0.11920E+03  0.17411E+03  0.11920E+03  0.27762E+04  0.00000E+00  0.19104E+02  0.19104E+02  0.19104E+02  0.11920E+03  0.00000E+00  0.00000E+00  0.33751E+03  0.11583E+03  0.29014E+04  0.22928E+04  0.00000E+00  0.00000E+00  0.00000E+00  0.41260E-02  0.00000E+00  0.74324E+04  0.15615E+05  0.23047E+05  0.00000E+00  0.69531E+05  0.69531E+05  0.92578E+05
 0.96500E+01  0.10010E+03  0.10010E+03  0.10290E+03  0.17258E+03  0.10290E+03  0.27747E+04  0.00000E+00  0.28002E+01  0.28002E+01  0.28002E+01  0.10290E+03  0.00000E+00  0.00000E+00  0.33633E+03  0.52160E+02  0.28956E+04  0.13689E+04  0.00000E+00  0.00000E+00  0.00000E+00  0.41325E-02  0.00000E+00  0.74324E+04  0.15615E+05  0.23047E+05  0.00000E+00  0.69718E+05  0.69718E+05  0.92766E+05
 0.97500E+01  0.10010E+03  0.10010E+03  0.10290E+03  0.17258E+03  0.10290E+03  0.27747E+04  0.00000E+00  0.28002E+01  0.28002E+01  0.28002E+01  0.10290E+03  0.00000E+00  0.00000E+00  0.33633E+03  0.52160E+02  0.28956E+04  0.13689E+04  0.00000E+00  0.00000E+00  0.00000E+00  0.41325E-02  0.00000E+00  0.74324E+04  0.15615E+05  0.23047E+05  0.00000E+00  0.69718E+05  0.69718E+05  0.92766E+05
 0.97500E+01  0.10010E+03  0.10010E+03  0.10011E+03  0.17166E+03  0.10011E+03  0.29815E+03  0.00000E+00  0.93168E-02  0.93168E-02  0.93168E-02  0.10011E+03  0.00000E+00  0.00000E+00  0.29815E+03  0.27360E+01  0.00000E+00  0.00000E+00  0.00000E+00  0.00000E+00  0.00000E+00  0.00000E+00  0.00000E+00  0.74324E+04  0.15615E+05  0.23047E+05  0.00000E+00  0.69718E+05  0.69718E+05  0.92766E+05
 0.98500E+01  0.10010E+03  0.10010E+03  0.10011E+03  0.17166E+03  0.10011E+03  0.29815E+03  0.00000E+00  0.93168E-02  0.93168E-02  0.93168E-02  0.10011E+03  0.00000E+00  0.00000E+00  0.29815E+03  0.27360E+01  0.00000E+00  0.00000E+00  0.00000E+00  0.00000E+00  0.00000E+00  0.00000E+00  0.00000E+00  0.74324E+04  0.15615E+05  0.23047E+05  0.00000E+00  0.69718E+05  0.69718E+05  0.92766E+05
 0.98500E+01  0.10010E+03  0.10010E+03  0.10010E+03  0.17181E+03  0.10010E+03  0.29815E+03  0.00000E+00  0.00000E+00  0.00000E+00  0.00000E+00  0.10010E+03  0.00000E+00  0.00000E+00  0.29815E+03  0.00000E+00  0.00000E+00  0.00000E+00  0.00000E+00  0.00000E+00  0.00000E+00  0.00000E+00  0.00000E+00  0.74324E+04  0.15615E+05  0.23047E+05  0.00000E+00  0.69718E+05  0.69718E+05  0.92766E+05
 0.99500E+01  0.10010E+03  0.10010E+03  0.10010E+03  0.17181E+03  0.10010E+03  0.29815E+03  0.00000E+00  0.00000E+00  0.00000E+00  0.00000E+00  0.10010E+03  0.00000E+00  0.00000E+00  0.29815E+03  0.00000E+00  0.00000E+00  0.00000E+00  0.00000E+00  0.00000E+00  0.00000E+00  0.00000E+00  0.00000E+00  0.74324E+04  0.15615E+05  0.23047E+05  0.00000E+00  0.69718E+05  0.69718E+05  0.92766E+05
 0.99500E+01  0.10010E+03  0.10010E+03  0.10010E+03  0.17174E+03  0.10010E+03  0.29815E+03  0.00000E+00  0.00000E+00  0.00000E+00  0.00000E+00  0.10010E+03  0.00000E+00  0.00000E+00  0.29815E+03  0.00000E+00  0.00000E+00  0.00000E+00  0.00000E+00  0.00000E+00  0.00000E+00  0.00000E+00  0.00000E+00  0.74324E+04  0.15615E+05  0.23047E+05  0.00000E+00  0.69718E+05  0.69718E+05  0.92766E+05
 0.10050E+02  0.10010E+03  0.10010E+03  0.10010E+03  0.17174E+03  0.10010E+03  0.29815E+03  0.00000E+00  0.00000E+00  0.00000E+00  0.00000E+00  0.10010E+03  0.00000E+00  0.00000E+00  0.29815E+03  0.00000E+00  0.00000E+00  0.00000E+00  0.00000E+00  0.00000E+00  0.00000E+00  0.00000E+00  0.00000E+00  0.74324E+04  0.15615E+05  0.23047E+05  0.00000E+00  0.69718E+05  0.69718E+05  0.92766E+05
 0.10050E+02  0.10010E+03  0.10010E+03  0.10010E+03  0.17180E+03  0.10010E+03  0.29815E+03  0.00000E+00  0.00000E+00  0.00000E+00  0.00000E+00  0.10010E+03  0.00000E+00  0.00000E+00  0.29815E+03  0.00000E+00  0.00000E+00  0.00000E+00  0.00000E+00  0.00000E+00  0.00000E+00  0.00000E+00  0.00000E+00  0.74324E+04  0.15615E+05  0.23047E+05  0.00000E+00  0.69718E+05  0.69718E+05  0.92766E+05
 0.10150E+02  0.10010E+03  0.10010E+03  0.10010E+03  0.17180E+03  0.10010E+03  0.29815E+03  0.00000E+00  0.00000E+00  0.00000E+00  0.00000E+00  0.10010E+03  0.00000E+00  0.00000E+00  0.29815E+03  0.00000E+00  0.00000E+00  0.00000E+00  0.00000E+00  0.00000E+00  0.00000E+00  0.00000E+00  0.00000E+00  0.74324E+04  0.15615E+05  0.23047E+05  0.00000E+00  0.69718E+05  0.69718E+05  0.92766E+05
 0.10150E+02  0.10010E+03  0.10010E+03  0.10010E+03  0.17186E+03  0.10010E+03  0.29815E+03  0.00000E+00  0.00000E+00  0.00000E+00  0.00000E+00  0.10010E+03  0.00000E+00  0.00000E+00  0.29815E+03  0.00000E+00  0.00000E+00  0.00000E+00  0.00000E+00  0.00000E+00  0.00000E+00  0.00000E+00  0.00000E+00  0.74324E+04  0.15615E+05  0.23047E+05  0.00000E+00  0.69718E+05  0.69718E+05  0.92766E+05
 0.10250E+02  0.10010E+03  0.10010E+03  0.10010E+03  0.17186E+03  0.10010E+03  0.29815E+03  0.00000E+00  0.00000E+00  0.00000E+00  0.00000E+00  0.10010E+03  0.00000E+00  0.00000E+00  0.29815E+03  0.00000E+00  0.00000E+00  0.00000E+00  0.00000E+00  0.00000E+00  0.00000E+00  0.00000E+00  0.00000E+00  0.74324E+04  0.15615E+05  0.23047E+05  0.00000E+00  0.69718E+05  0.69718E+05  0.92766E+05
 0.10250E+02  0.10010E+03  0.10010E+03  0.10010E+03  0.17109E+03  0.10010E+03  0.29815E+03  0.00000E+00  0.00000E+00  0.00000E+00  0.00000E+00  0.10010E+03  0.00000E+00  0.00000E+00  0.29815E+03  0.00000E+00  0.00000E+00  0.00000E+00  0.00000E+00  0.00000E+00  0.00000E+00  0.00000E+00  0.00000E+00  0.74324E+04  0.15615E+05  0.23047E+05  0.00000E+00  0.69718E+05  0.69718E+05  0.92766E+05
 0.10350E+02  0.10010E+03  0.10010E+03  0.10010E+03  0.17109E+03  0.10010E+03  0.29815E+03  0.00000E+00  0.00000E+00  0.00000E+00  0.00000E+00  0.10010E+03  0.00000E+00  0.00000E+00  0.29815E+03  0.00000E+00  0.00000E+00  0.00000E+00  0.00000E+00  0.00000E+00  0.00000E+00  0.00000E+00  0.00000E+00  0.74324E+04  0.15615E+05  0.23047E+05  0.00000E+00  0.69718E+05  0.69718E+05  0.92766E+05
 0.10350E+02  0.10010E+03  0.10010E+03  0.10010E+03  0.17141E+03  0.10010E+03  0.29815E+03  0.00000E+00  0.00000E+00  0.00000E+00  0.00000E+00  0.10010E+03  0.00000E+00  0.00000E+00  0.29815E+03  0.00000E+00  0.00000E+00  0.00000E+00  0.00000E+00  0.00000E+00  0.00000E+00  0.00000E+00  0.00000E+00  0.74324E+04  0.15615E+05  0.23047E+05  0.00000E+00  0.69718E+05  0.69718E+05  0.92766E+05
 0.10450E+02  0.10010E+03  0.10010E+03  0.10010E+03  0.17141E+03  0.10010E+03  0.29815E+03  0.00000E+00  0.00000E+00  0.00000E+00  0.00000E+00  0.10010E+03  0.00000E+00  0.00000E+00  0.29815E+03  0.00000E+00  0.00000E+00  0.00000E+00  0.00000E+00  0.00000E+00  0.00000E+00  0.00000E+00  0.00000E+00  0.74324E+04  0.15615E+05  0.23047E+05  0.00000E+00  0.69718E+05  0.69718E+05  0.92766E+05
 0.10450E+02  0.10010E+03  0.10010E+03  0.10010E+03  0.17446E+03  0.10010E+03  0.29815E+03  0.00000E+00  0.00000E+00  0.00000E+00  0.00000E+00  0.10010E+03  0.00000E+00  0.00000E+00  0.29815E+03  0.00000E+00  0.00000E+00  0.00000E+00  0.00000E+00  0.00000E+00  0.00000E+00  0.00000E+00  0.00000E+00  0.74324E+04  0.15615E+05  0.23047E+05  0.00000E+00  0.69718E+05  0.69718E+05  0.92766E+05
 0.10550E+02  0.10010E+03  0.10010E+03  0.10010E+03  0.17446E+03  0.10010E+03  0.29815E+03  0.00000E+00  0.00000E+00  0.00000E+00  0.00000E+00  0.10010E+03  0.00000E+00  0.00000E+00  0.29815E+03  0.00000E+00  0.00000E+00  0.00000E+00  0.00000E+00  0.00000E+00  0.00000E+00  0.00000E+00  0.00000E+00  0.74324E+04  0.15615E+05  0.23047E+05  0.00000E+00  0.69718E+05  0.69718E+05  0.92766E+05
 0.10550E+02  0.10010E+03  0.10010E+03  0.10010E+03  0.16589E+03  0.10010E+03  0.29815E+03  0.00000E+00  0.00000E+00  0.00000E+00  0.00000E+00  0.10010E+03  0.00000E+00  0.00000E+00  0.29815E+03  0.00000E+00  0.00000E+00  0.00000E+00  0.00000E+00  0.00000E+00  0.00000E+00  0.00000E+00  0.00000E+00  0.74324E+04  0.15615E+05  0.23047E+05  0.00000E+00  0.69718E+05  0.69718E+05  0.92766E+05
 0.10650E+02  0.10010E+03  0.10010E+03  0.10010E+03  0.16589E+03  0.10010E+03  0.29815E+03  0.00000E+00  0.00000E+00  0.00000E+00  0.00000E+00  0.10010E+03  0.00000E+00  0.00000E+00  0.29815E+03  0.00000E+00  0.00000E+00  0.00000E+00  0.00000E+00  0.00000E+00  0.00000E+00  0.00000E+00  0.00000E+00  0.74324E+04  0.15615E+05  0.23047E+05  0.00000E+00  0.69718E+05  0.69718E+05  0.92766E+05
 0.10650E+02  0.10010E+03  0.10010E+03  0.10010E+03  0.14459E+03  0.10010E+03  0.29815E+03  0.00000E+00  0.00000E+00  0.00000E+00  0.00000E+00  0.10010E+03  0.00000E+00  0.00000E+00  0.29815E+03  0.00000E+00  0.00000E+00  0.00000E+00  0.00000E+00  0.00000E+00  0.00000E+00  0.00000E+00  0.00000E+00  0.74324E+04  0.15615E+05  0.23047E+05  0.00000E+00  0.69718E+05  0.69718E+05  0.92766E+05
 0.10750E+02  0.10010E+03  0.10010E+03  0.10010E+03  0.14459E+03  0.10010E+03  0.29815E+03  0.00000E+00  0.00000E+00  0.00000E+00  0.00000E+00  0.10010E+03  0.00000E+00  0.00000E+00  0.29815E+03  0.00000E+00  0.00000E+00  0.00000E+00  0.00000E+00  0.00000E+00  0.00000E+00  0.00000E+00  0.00000E+00  0.74324E+04  0.15615E+05  0.23047E+05  0.00000E+00  0.69718E+05  0.69718E+05  0.92766E+05
 0.10750E+02  0.10010E+03  0.10010E+03  0.10010E+03  0.13627E+03  0.10010E+03  0.29815E+03  0.00000E+00  0.00000E+00  0.00000E+00  0.00000E+00  0.10010E+03  0.00000E+00  0.00000E+00  0.29815E+03  0.00000E+00  0.00000E+00  0.00000E+00  0.00000E+00  0.00000E+00  0.00000E+00  0.00000E+00  0.00000E+00  0.74324E+04  0.15615E+05  0.23047E+05  0.00000E+00  0.69718E+05  0.69718E+05  0.92766E+05
 0.10850E+02  0.10010E+03  0.10010E+03  0.10010E+03  0.13627E+03  0.10010E+03  0.29815E+03  0.00000E+00  0.00000E+00  0.00000E+00  0.00000E+00  0.10010E+03  0.00000E+00  0.00000E+00  0.29815E+03  0.00000E+00  0.00000E+00  0.00000E+00  0.00000E+00  0.00000E+00  0.00000E+00  0.00000E+00  0.00000E+00  0.74324E+04  0.15615E+05  0.23047E+05  0.00000E+00  0.69718E+05  0.69718E+05  0.92766E+05
 0.10850E+02  0.10010E+03  0.10010E+03  0.10010E+03  0.13495E+03  0.10010E+03  0.29815E+03  0.00000E+00  0.00000E+00  0.00000E+00  0.00000E+00  0.10010E+03  0.00000E+00  0.00000E+00  0.29815E+03  0.00000E+00  0.00000E+00  0.00000E+00  0.00000E+00  0.00000E+00  0.00000E+00  0.00000E+00  0.00000E+00  0.74324E+04  0.15615E+05  0.23047E+05  0.00000E+00  0.69718E+05  0.69718E+05  0.92766E+05
 0.10950E+02  0.10010E+03  0.10010E+03  0.10010E+03  0.13495E+03  0.10010E+03  0.29815E+03  0.00000E+00  0.00000E+00  0.00000E+00  0.00000E+00  0.10010E+03  0.00000E+00  0.00000E+00  0.29815E+03  0.00000E+00  0.00000E+00  0.00000E+00  0.00000E+00  0.00000E+00  0.00000E+00  0.00000E+00  0.00000E+00  0.74324E+04  0.15615E+05  0.23047E+05  0.00000E+00  0.69718E+05  0.69718E+05  0.92766E+05
 0.10950E+02  0.10010E+03  0.10010E+03  0.10010E+03  0.13458E+03  0.10010E+03  0.29815E+03  0.00000E+00  0.00000E+00  0.00000E+00  0.00000E+00  0.10010E+03  0.00000E+00  0.00000E+00  0.29815E+03  0.00000E+00  0.00000E+00  0.00000E+00  0.00000E+00  0.00000E+00  0.00000E+00  0.00000E+00  0.00000E+00  0.74324E+04  0.15615E+05  0.23047E+05  0.00000E+00  0.69718E+05  0.69718E+05  0.92766E+05
 0.11050E+02  0.10010E+03  0.10010E+03  0.10010E+03  0.13458E+03  0.10010E+03  0.29815E+03  0.00000E+00  0.00000E+00  0.00000E+00  0.00000E+00  0.10010E+03  0.00000E+00  0.00000E+00  0.29815E+03  0.00000E+00  0.00000E+00  0.00000E+00  0.00000E+00  0.00000E+00  0.00000E+00  0.00000E+00  0.00000E+00  0.74324E+04  0.15615E+05  0.23047E+05  0.00000E+00  0.69718E+05  0.69718E+05  0.92766E+05
 0.11050E+02  0.10010E+03  0.10010E+03  0.10010E+03  0.13429E+03  0.10010E+03  0.29815E+03  0.00000E+00  0.00000E+00  0.00000E+00  0.00000E+00  0.10010E+03  0.00000E+00  0.00000E+00  0.29815E+03  0.00000E+00  0.00000E+00  0.00000E+00  0.00000E+00  0.00000E+00  0.00000E+00  0.00000E+00  0.00000E+00  0.74324E+04  0.15615E+05  0.23047E+05  0.00000E+00  0.69718E+05  0.69718E+05  0.92766E+05
 0.11150E+02  0.10010E+03  0.10010E+03  0.10010E+03  0.13429E+03  0.10010E+03  0.29815E+03  0.00000E+00  0.00000E+00  0.00000E+00  0.00000E+00  0.10010E+03  0.00000E+00  0.00000E+00  0.29815E+03  0.00000E+00  0.00000E+00  0.00000E+00  0.00000E+00  0.00000E+00  0.00000E+00  0.00000E+00  0.00000E+00  0.74324E+04  0.15615E+05  0.23047E+05  0.00000E+00  0.69718E+05  0.69718E+05  0.92766E+05
 0.11150E+02  0.10010E+03  0.10010E+03  0.10010E+03  0.13400E+03  0.10010E+03  0.29815E+03  0.00000E+00  0.00000E+00  0.00000E+00  0.00000E+00  0.10010E+03  0.00000E+00  0.00000E+00  0.29815E+03  0.00000E+00  0.00000E+00  0.00000E+00  0.00000E+00  0.00000E+00  0.00000E+00  0.00000E+00  0.00000E+00  0.74324E+04  0.15615E+05  0.23047E+05  0.00000E+00  0.69718E+05  0.69718E+05  0.92766E+05
 0.11250E+02  0.10010E+03  0.10010E+03  0.10010E+03  0.13400E+03  0.10010E+03  0.29815E+03  0.00000E+00  0.00000E+00  0.00000E+00  0.00000E+00  0.10010E+03  0.00000E+00  0.00000E+00  0.29815E+03  0.00000E+00  0.00000E+00  0.00000E+00  0.00000E+00  0.00000E+00  0.00000E+00  0.00000E+00  0.00000E+00  0.74324E+04  0.15615E+05  0.23047E+05  0.00000E+00  0.69718E+05  0.69718E+05  0.92766E+05
 0.11250E+02  0.10010E+03  0.10010E+03  0.10010E+03  0.13369E+03  0.10010E+03  0.29815E+03  0.00000E+00  0.00000E+00  0.00000E+00  0.00000E+00  0.10010E+03  0.00000E+00  0.00000E+00  0.29815E+03  0.00000E+00  0.00000E+00  0.00000E+00  0.00000E+00  0.00000E+00  0.00000E+00  0.00000E+00  0.00000E+00  0.74324E+04  0.15615E+05  0.23047E+05  0.00000E+00  0.69718E+05  0.69718E+05  0.92766E+05
 0.11350E+02  0.10010E+03  0.10010E+03  0.10010E+03  0.13369E+03  0.10010E+03  0.29815E+03  0.00000E+00  0.00000E+00  0.00000E+00  0.00000E+00  0.10010E+03  0.00000E+00  0.00000E+00  0.29815E+03  0.00000E+00  0.00000E+00  0.00000E+00  0.00000E+00  0.00000E+00  0.00000E+00  0.00000E+00  0.00000E+00  0.74324E+04  0.15615E+05  0.23047E+05  0.00000E+00  0.69718E+05  0.69718E+05  0.92766E+05
 0.11350E+02  0.10010E+03  0.10010E+03  0.10010E+03  0.13337E+03  0.10010E+03  0.29815E+03  0.00000E+00  0.00000E+00  0.00000E+00  0.00000E+00  0.10010E+03  0.00000E+00  0.00000E+00  0.29815E+03  0.00000E+00  0.00000E+00  0.00000E+00  0.00000E+00  0.00000E+00  0.00000E+00  0.00000E+00  0.00000E+00  0.74324E+04  0.15615E+05  0.23047E+05  0.00000E+00  0.69718E+05  0.69718E+05  0.92766E+05
 0.11450E+02  0.10010E+03  0.10010E+03  0.10010E+03  0.13337E+03  0.10010E+03  0.29815E+03  0.00000E+00  0.00000E+00  0.00000E+00  0.00000E+00  0.10010E+03  0.00000E+00  0.00000E+00  0.29815E+03  0.00000E+00  0.00000E+00  0.00000E+00  0.00000E+00  0.00000E+00  0.00000E+00  0.00000E+00  0.00000E+00  0.74324E+04  0.15615E+05  0.23047E+05  0.00000E+00  0.69718E+05  0.69718E+05  0.92766E+05
 0.11450E+02  0.10010E+03  0.10010E+03  0.10010E+03  0.13303E+03  0.10010E+03  0.29815E+03  0.00000E+00  0.00000E+00  0.00000E+00  0.00000E+00  0.10010E+03  0.00000E+00  0.00000E+00  0.29815E+03  0.00000E+00  0.00000E+00  0.00000E+00  0.00000E+00  0.00000E+00  0.00000E+00  0.00000E+00  0.00000E+00  0.74324E+04  0.15615E+05  0.23047E+05  0.00000E+00  0.69718E+05  0.69718E+05  0.92766E+05
 0.11550E+02  0.10010E+03  0.10010E+03  0.10010E+03  0.13303E+03  0.10010E+03  0.29815E+03  0.00000E+00  0.00000E+00  0.00000E+00  0.00000E+00  0.10010E+03  0.00000E+00  0.00000E+00  0.29815E+03  0.00000E+00  0.00000E+00  0.00000E+00  0.00000E+00  0.00000E+00  0.00000E+00  0.00000E+00  0.00000E+00  0.74324E+04  0.15615E+05  0.23047E+05  0.00000E+00  0.69718E+05  0.69718E+05  0.92766E+05
 0.11550E+02  0.10010E+03  0.10010E+03  0.10010E+03  0.13267E+03  0.10010E+03  0.29815E+03  0.00000E+00  0.00000E+00  0.00000E+00  0.00000E+00  0.10010E+03  0.00000E+00  0.00000E+00  0.29815E+03  0.00000E+00  0.00000E+00  0.00000E+00  0.00000E+00  0.00000E+00  0.00000E+00  0.00000E+00  0.00000E+00  0.74324E+04  0.15615E+05  0.23047E+05  0.00000E+00  0.69718E+05  0.69718E+05  0.92766E+05
