 0.10000E+01
 0.50000E-01  0.10010E+03  0.10010E+03  0.10010E+03  0.12575E+04  0.11234E+03  0.29815E+03  0.00000E+00  0.00000E+00  0.00000E+00  0.00000E+00  0.10010E+03  0.00000E+00  0.00000E+00  0.33605E+03  0.00000E+00  0.00000E+00  0.00000E+00  0.00000E+00  0.00000E+00  0.00000E+00  0.00000E+00  0.00000E+00  0.00000E+00  0.44292E+03  0.44292E+03  0.00000E+00  0.00000E+00  0.00000E+00  0.44292E+03
 0.15000E+00  0.10010E+03  0.10010E+03  0.10010E+03  0.12575E+04  0.11234E+03  0.29815E+03  0.00000E+00  0.00000E+00  0.00000E+00  0.00000E+00  0.10010E+03  0.00000E+00  0.00000E+00  0.33605E+03  0.00000E+00  0.00000E+00  0.00000E+00  0.00000E+00  0.00000E+00  0.00000E+00  0.00000E+00  0.00000E+00  0.00000E+00  0.44292E+03  0.44292E+03  0.00000E+00  0.00000E+00  0.00000E+00  0.44292E+03
 0.15000E+00  0.10010E+03  0.10010E+03  0.10010E+03  0.13927E+04  0.11234E+03  0.29815E+03  0.00000E+00  0.00000E+00  0.00000E+00  0.00000E+00  0.10010E+03  0.00000E+00  0.00000E+00  0.33600E+03  0.00000E+00  0.00000E+00  0.00000E+00  0.00000E+00  0.00000E+00  0.00000E+00  0.00000E+00  0.00000E+00  0.00000E+00  0.88585E+03  0.88585E+03  0.00000E+00  0.00000E+00  0.00000E+00  0.88585E+03
 0.25000E+00  0.10010E+03  0.10010E+03  0.10010E+03  0.13927E+04  0.11234E+03  0.29815E+03  0.00000E+00  0.00000E+00  0.00000E+00  0.00000E+00  0.10010E+03  0.00000E+00  0.00000E+00  0.33600E+03  0.00000E+00  0.00000E+00  0.00000E+00  0.00000E+00  0.00000E+00  0.00000E+00  0.00000E+00  0.00000E+00  0.00000E+00  0.88585E+03  0.88585E+03  0.00000E+00  0.00000E+00  0.00000E+00  0.88585E+03
 0.25000E+00  0.10010E+03  0.10010E+03  0.10010E+03  0.20467E+04  0.11234E+03  0.29815E+03  0.00000E+00  0.00000E+00  0.00000E+00  0.00000E+00  0.10010E+03  0.00000E+00  0.00000E+00  0.33600E+03  0.00000E+00  0.00000E+00  0.00000E+00  0.00000E+00  0.00000E+00  0.00000E+00  0.00000E+00  0.00000E+00  0.00000E+00  0.13288E+04  0.13288E+04  0.00000E+00  0.00000E+00  0.00000E+00  0.13288E+04
 0.35000E+00  0.10010E+03  0.10010E+03  0.10010E+03  0.20467E+04  0.11234E+03  0.29815E+03  0.00000E+00  0.00000E+00  0.00000E+00  0.00000E+00  0.10010E+03  0.00000E+00  0.00000E+00  0.33600E+03  0.00000E+00  0.00000E+00  0.00000E+00  0.00000E+00  0.00000E+00  0.00000E+00  0.00000E+00  0.00000E+00  0.00000E+00  0.13288E+04  0.13288E+04  0.00000E+00  0.00000E+00  0.00000E+00  0.13288E+04
 0.35000E+00  0.10010E+03  0.10010E+03  0.10010E+03  0.30973E+05  0.11234E+03  0.29815E+03  0.00000E+00  0.00000E+00  0.00000E+00  0.00000E+00  0.10010E+03  0.00000E+00  0.00000E+00  0.33600E+03  0.00000E+00  0.00000E+00  0.00000E+00  0.00000E+00  0.00000E+00  0.00000E+00  0.00000E+00  0.00000E+00  0.00000E+00  0.17717E+04  0.17717E+04  0.00000E+00  0.00000E+00  0.00000E+00  0.17717E+04
 0.45000E+00  0.10010E+03  0.10010E+03  0.10010E+03  0.30973E+05  0.11234E+03  0.29815E+03  0.00000E+00  0.00000E+00  0.00000E+00  0.00000E+00  0.10010E+03  0.00000E+00  0.00000E+00  0.33600E+03  0.00000E+00  0.00000E+00  0.00000E+00  0.00000E+00  0.00000E+00  0.00000E+00  0.00000E+00  0.00000E+00  0.00000E+00  0.17717E+04  0.17717E+04  0.00000E+00  0.00000E+00  0.00000E+00  0.17717E+04
 0.45000E+00  0.10010E+03  0.10010E+03  0.10010E+03  0.66311E+03  0.11234E+03  0.29815E+03  0.00000E+00  0.00000E+00  0.00000E+00  0.00000E+00  0.10010E+03  0.00000E+00  0.00000E+00  0.33600E+03  0.00000E+00  0.00000E+00  0.00000E+00  0.00000E+00  0.00000E+00  0.00000E+00  0.00000E+00  0.00000E+00  0.00000E+00  0.22146E+04  0.22146E+04  0.00000E+00  0.00000E+00  0.00000E+00  0.22146E+04
 0.55000E+00  0.10010E+03  0.10010E+03  0.10010E+03  0.66311E+03  0.11234E+03  0.29815E+03  0.00000E+00  0.00000E+00  0.00000E+00  0.00000E+00  0.10010E+03  0.00000E+00  0.00000E+00  0.33600E+03  0.00000E+00  0.00000E+00  0.00000E+00  0.00000E+00  0.00000E+00  0.00000E+00  0.00000E+00  0.00000E+00  0.00000E+00  0.22146E+04  0.22146E+04  0.00000E+00  0.00000E+00  0.00000E+00  0.22146E+04
 0.55000E+00  0.10010E+03  0.10010E+03  0.10010E+03  0.51825E+03  0.11234E+03  0.29815E+03  0.00000E+00  0.00000E+00  0.00000E+00  0.00000E+00  0.10010E+03  0.00000E+00  0.00000E+00  0.33600E+03  0.00000E+00  0.00000E+00  0.00000E+00  0.00000E+00  0.00000E+00  0.00000E+00  0.00000E+00  0.00000E+00  0.00000E+00  0.26575E+04  0.26575E+04  0.00000E+00  0.00000E+00  0.00000E+00  0.26575E+04
 0.65000E+00  0.10010E+03  0.10010E+03  0.10010E+03  0.51825E+03  0.11234E+03  0.29815E+03  0.00000E+00  0.00000E+00  0.00000E+00  0.00000E+00  0.10010E+03  0.00000E+00  0.00000E+00  0.33600E+03  0.00000E+00  0.00000E+00  0.00000E+00  0.00000E+00  0.00000E+00  0.00000E+00  0.00000E+00  0.00000E+00  0.00000E+00  0.26575E+04  0.26575E+04  0.00000E+00  0.00000E+00  0.00000E+00  0.26575E+04
 0.65000E+00  0.10010E+03  0.10010E+03  0.10010E+03  0.32271E+03  0.11234E+03  0.29815E+03  0.00000E+00  0.00000E+00  0.00000E+00  0.00000E+00  0.10010E+03  0.00000E+00  0.00000E+00  0.33600E+03  0.00000E+00  0.00000E+00  0.00000E+00  0.00000E+00  0.00000E+00  0.00000E+00  0.00000E+00  0.00000E+00  0.00000E+00  0.31005E+04  0.31005E+04  0.00000E+00  0.00000E+00  0.00000E+00  0.31005E+04
 0.75000E+00  0.10010E+03  0.10010E+03  0.10010E+03  0.32271E+03  0.11234E+03  0.29815E+03  0.00000E+00  0.00000E+00  0.00000E+00  0.00000E+00  0.10010E+03  0.00000E+00  0.00000E+00  0.33600E+03  0.00000E+00  0.00000E+00  0.00000E+00  0.00000E+00  0.00000E+00  0.00000E+00  0.00000E+00  0.00000E+00  0.00000E+00  0.31005E+04  0.31005E+04  0.00000E+00  0.00000E+00  0.00000E+00  0.31005E+04
 0.75000E+00  0.10010E+03  0.10010E+03  0.10010E+03  0.26712E+03  0.11234E+03  0.29815E+03  0.00000E+00  0.00000E+00  0.00000E+00  0.00000E+00  0.10010E+03  0.00000E+00  0.00000E+00  0.33600E+03  0.00000E+00  0.00000E+00  0.00000E+00  0.00000E+00  0.00000E+00  0.00000E+00  0.00000E+00  0.00000E+00  0.00000E+00  0.35434E+04  0.35434E+04  0.00000E+00  0.00000E+00  0.00000E+00  0.35434E+04
 0.85000E+00  0.10010E+03  0.10010E+03  0.10010E+03  0.26712E+03  0.11234E+03  0.29815E+03  0.00000E+00  0.00000E+00  0.00000E+00  0.00000E+00  0.10010E+03  0.00000E+00  0.00000E+00  0.33600E+03  0.00000E+00  0.00000E+00  0.00000E+00  0.00000E+00  0.00000E+00  0.00000E+00  0.00000E+00  0.00000E+00  0.00000E+00  0.35434E+04  0.35434E+04  0.00000E+00  0.00000E+00  0.00000E+00  0.35434E+04
 0.85000E+00  0.10010E+03  0.10010E+03  0.10010E+03  0.11551E+03  0.11234E+03  0.29815E+03  0.00000E+00  0.00000E+00  0.00000E+00  0.00000E+00  0.10010E+03  0.00000E+00  0.00000E+00  0.33600E+03  0.00000E+00  0.00000E+00  0.00000E+00  0.00000E+00  0.00000E+00  0.00000E+00  0.00000E+00  0.00000E+00  0.00000E+00  0.39863E+04  0.39863E+04  0.00000E+00  0.00000E+00  0.00000E+00  0.39863E+04
 0.95000E+00  0.10010E+03  0.10010E+03  0.10010E+03  0.11551E+03  0.11234E+03  0.29815E+03  0.00000E+00  0.00000E+00  0.00000E+00  0.00000E+00  0.10010E+03  0.00000E+00  0.00000E+00  0.33600E+03  0.00000E+00  0.00000E+00  0.00000E+00  0.00000E+00  0.00000E+00  0.00000E+00  0.00000E+00  0.00000E+00  0.00000E+00  0.39863E+04  0.39863E+04  0.00000E+00  0.00000E+00  0.00000E+00  0.39863E+04
 0.95000E+00  0.10010E+03  0.10010E+03  0.10010E+03  0.10848E+03  0.11234E+03  0.29815E+03  0.00000E+00  0.00000E+00  0.00000E+00  0.00000E+00  0.10010E+03  0.00000E+00  0.00000E+00  0.33600E+03  0.00000E+00  0.00000E+00  0.00000E+00  0.00000E+00  0.00000E+00  0.00000E+00  0.00000E+00  0.00000E+00  0.00000E+00  0.44292E+04  0.44292E+04  0.00000E+00  0.00000E+00  0.00000E+00  0.44292E+04
 0.10500E+01  0.10010E+03  0.10010E+03  0.10010E+03  0.10848E+03  0.11234E+03  0.29815E+03  0.00000E+00  0.00000E+00  0.00000E+00  0.00000E+00  0.10010E+03  0.00000E+00  0.00000E+00  0.33600E+03  0.00000E+00  0.00000E+00  0.00000E+00  0.00000E+00  0.00000E+00  0.00000E+00  0.00000E+00  0.00000E+00  0.00000E+00  0.44292E+04  0.44292E+04  0.00000E+00  0.00000E+00  0.00000E+00  0.44292E+04
 0.10500E+01  0.10010E+03  0.10010E+03  0.10010E+03  0.11413E+03  0.11234E+03  0.29815E+03  0.00000E+00  0.00000E+00  0.00000E+00  0.00000E+00  0.10010E+03  0.00000E+00  0.00000E+00  0.33600E+03  0.00000E+00  0.00000E+00  0.00000E+00  0.00000E+00  0.00000E+00  0.00000E+00  0.00000E+00  0.00000E+00  0.00000E+00  0.48722E+04  0.48722E+04  0.00000E+00  0.00000E+00  0.00000E+00  0.48722E+04
 0.11500E+01  0.10010E+03  0.10010E+03  0.10010E+03  0.11413E+03  0.11234E+03  0.29815E+03  0.00000E+00  0.00000E+00  0.00000E+00  0.00000E+00  0.10010E+03  0.00000E+00  0.00000E+00  0.33600E+03  0.00000E+00  0.00000E+00  0.00000E+00  0.00000E+00  0.00000E+00  0.00000E+00  0.00000E+00  0.00000E+00  0.00000E+00  0.48722E+04  0.48722E+04  0.00000E+00  0.00000E+00  0.00000E+00  0.48722E+04
 0.11500E+01  0.10010E+03  0.10010E+03  0.10010E+03  0.11460E+03  0.11234E+03  0.29815E+03  0.00000E+00  0.00000E+00  0.00000E+00  0.00000E+00  0.10010E+03  0.00000E+00  0.00000E+00  0.33600E+03  0.00000E+00  0.00000E+00  0.00000E+00  0.00000E+00  0.00000E+00  0.00000E+00  0.00000E+00  0.00000E+00  0.00000E+00  0.53151E+04  0.53151E+04  0.00000E+00  0.00000E+00  0.00000E+00  0.53151E+04
 0.12500E+01  0.10010E+03  0.10010E+03  0.10010E+03  0.11460E+03  0.11234E+03  0.29815E+03  0.00000E+00  0.00000E+00  0.00000E+00  0.00000E+00  0.10010E+03  0.00000E+00  0.00000E+00  0.33600E+03  0.00000E+00  0.00000E+00  0.00000E+00  0.00000E+00  0.00000E+00  0.00000E+00  0.00000E+00  0.00000E+00  0.00000E+00  0.53151E+04  0.53151E+04  0.00000E+00  0.00000E+00  0.00000E+00  0.53151E+04
 0.12500E+01  0.10010E+03  0.10010E+03  0.10010E+03  0.11506E+03  0.11234E+03  0.29815E+03  0.00000E+00  0.00000E+00  0.00000E+00  0.00000E+00  0.10010E+03  0.00000E+00  0.00000E+00  0.33600E+03  0.00000E+00  0.00000E+00  0.00000E+00  0.00000E+00  0.00000E+00  0.00000E+00  0.00000E+00  0.00000E+00  0.00000E+00  0.57580E+04  0.57580E+04  0.00000E+00  0.00000E+00  0.00000E+00  0.57580E+04
 0.13500E+01  0.10010E+03  0.10010E+03  0.10010E+03  0.11506E+03  0.11234E+03  0.29815E+03  0.00000E+00  0.00000E+00  0.00000E+00  0.00000E+00  0.10010E+03  0.00000E+00  0.00000E+00  0.33600E+03  0.00000E+00  0.00000E+00  0.00000E+00  0.00000E+00  0.00000E+00  0.00000E+00  0.00000E+00  0.00000E+00  0.00000E+00  0.57580E+04  0.57580E+04  0.00000E+00  0.00000E+00  0.00000E+00  0.57580E+04
 0.13500E+01  0.10010E+03  0.10010E+03  0.10010E+03  0.11549E+03  0.11234E+03  0.29815E+03  0.00000E+00  0.00000E+00  0.00000E+00  0.00000E+00  0.10010E+03  0.00000E+00  0.00000E+00  0.33600E+03  0.00000E+00  0.00000E+00  0.00000E+00  0.00000E+00  0.00000E+00  0.00000E+00  0.00000E+00  0.00000E+00  0.00000E+00  0.62009E+04  0.62009E+04  0.00000E+00  0.00000E+00  0.00000E+00  0.62009E+04
 0.14500E+01  0.10010E+03  0.10010E+03  0.10010E+03  0.11549E+03  0.11234E+03  0.29815E+03  0.00000E+00  0.00000E+00  0.00000E+00  0.00000E+00  0.10010E+03  0.00000E+00  0.00000E+00  0.33600E+03  0.00000E+00  0.00000E+00  0.00000E+00  0.00000E+00  0.00000E+00  0.00000E+00  0.00000E+00  0.00000E+00  0.00000E+00  0.62009E+04  0.62009E+04  0.00000E+00  0.00000E+00  0.00000E+00  0.62009E+04
 0.14500E+01  0.10010E+03  0.10010E+03  0.10010E+03  0.11588E+03  0.11234E+03  0.29815E+03  0.00000E+00  0.00000E+00  0.00000E+00  0.00000E+00  0.10010E+03  0.00000E+00  0.00000E+00  0.33600E+03  0.00000E+00  0.00000E+00  0.00000E+00  0.00000E+00  0.00000E+00  0.00000E+00  0.00000E+00  0.00000E+00  0.00000E+00  0.66439E+04  0.66439E+04  0.00000E+00  0.00000E+00  0.00000E+00  0.66439E+04
 0.15500E+01  0.10010E+03  0.10010E+03  0.10010E+03  0.11588E+03  0.11234E+03  0.29815E+03  0.00000E+00  0.00000E+00  0.00000E+00  0.00000E+00  0.10010E+03  0.00000E+00  0.00000E+00  0.33600E+03  0.00000E+00  0.00000E+00  0.00000E+00  0.00000E+00  0.00000E+00  0.00000E+00  0.00000E+00  0.00000E+00  0.00000E+00  0.66439E+04  0.66439E+04  0.00000E+00  0.00000E+00  0.00000E+00  0.66439E+04
 0.15500E+01  0.10010E+03  0.10010E+03  0.10010E+03  0.11624E+03  0.11234E+03  0.29815E+03  0.00000E+00  0.00000E+00  0.00000E+00  0.00000E+00  0.10010E+03  0.00000E+00  0.00000E+00  0.33600E+03  0.00000E+00  0.00000E+00  0.00000E+00  0.00000E+00  0.00000E+00  0.00000E+00  0.00000E+00  0.00000E+00  0.00000E+00  0.70868E+04  0.70868E+04  0.00000E+00  0.00000E+00  0.00000E+00  0.70868E+04
 0.16500E+01  0.10010E+03  0.10010E+03  0.10010E+03  0.11624E+03  0.11234E+03  0.29815E+03  0.00000E+00  0.00000E+00  0.00000E+00  0.00000E+00  0.10010E+03  0.00000E+00  0.00000E+00  0.33600E+03  0.00000E+00  0.00000E+00  0.00000E+00  0.00000E+00  0.00000E+00  0.00000E+00  0.00000E+00  0.00000E+00  0.00000E+00  0.70868E+04  0.70868E+04  0.00000E+00  0.00000E+00  0.00000E+00  0.70868E+04
 0.16500E+01  0.10010E+03  0.10010E+03  0.10010E+03  0.11658E+03  0.11234E+03  0.29815E+03  0.00000E+00  0.00000E+00  0.00000E+00  0.00000E+00  0.10010E+03  0.00000E+00  0.00000E+00  0.33600E+03  0.00000E+00  0.00000E+00  0.00000E+00  0.00000E+00  0.00000E+00  0.00000E+00  0.00000E+00  0.00000E+00  0.00000E+00  0.75297E+04  0.75297E+04  0.00000E+00  0.00000E+00  0.00000E+00  0.75297E+04
 0.17500E+01  0.10010E+03  0.10010E+03  0.10010E+03  0.11658E+03  0.11234E+03  0.29815E+03  0.00000E+00  0.00000E+00  0.00000E+00  0.00000E+00  0.10010E+03  0.00000E+00  0.00000E+00  0.33600E+03  0.00000E+00  0.00000E+00  0.00000E+00  0.00000E+00  0.00000E+00  0.00000E+00  0.00000E+00  0.00000E+00  0.00000E+00  0.75297E+04  0.75297E+04  0.00000E+00  0.00000E+00  0.00000E+00  0.75297E+04
 0.17500E+01  0.10010E+03  0.10010E+03  0.10010E+03  0.11693E+03  0.11234E+03  0.29815E+03  0.00000E+00  0.00000E+00  0.00000E+00  0.00000E+00  0.10010E+03  0.00000E+00  0.00000E+00  0.33600E+03  0.00000E+00  0.00000E+00  0.00000E+00  0.00000E+00  0.00000E+00  0.00000E+00  0.00000E+00  0.00000E+00  0.00000E+00  0.79726E+04  0.79726E+04  0.00000E+00  0.00000E+00  0.00000E+00  0.79726E+04
 0.18500E+01  0.10010E+03  0.10010E+03  0.10010E+03  0.11693E+03  0.11234E+03  0.29815E+03  0.00000E+00  0.00000E+00  0.00000E+00  0.00000E+00  0.10010E+03  0.00000E+00  0.00000E+00  0.33600E+03  0.00000E+00  0.00000E+00  0.00000E+00  0.00000E+00  0.00000E+00  0.00000E+00  0.00000E+00  0.00000E+00  0.00000E+00  0.79726E+04  0.79726E+04  0.00000E+00  0.00000E+00  0.00000E+00  0.79726E+04
 0.18500E+01  0.10010E+03  0.10010E+03  0.10010E+03  0.11730E+03  0.11234E+03  0.29815E+03  0.00000E+00  0.00000E+00  0.00000E+00  0.00000E+00  0.10010E+03  0.00000E+00  0.00000E+00  0.33600E+03  0.00000E+00  0.00000E+00  0.00000E+00  0.00000E+00  0.00000E+00  0.00000E+00  0.00000E+00  0.00000E+00  0.00000E+00  0.84155E+04  0.84155E+04  0.00000E+00  0.00000E+00  0.00000E+00  0.84155E+04
 0.19500E+01  0.10010E+03  0.10010E+03  0.10010E+03  0.11730E+03  0.11234E+03  0.29815E+03  0.00000E+00  0.00000E+00  0.00000E+00  0.00000E+00  0.10010E+03  0.00000E+00  0.00000E+00  0.33600E+03  0.00000E+00  0.00000E+00  0.00000E+00  0.00000E+00  0.00000E+00  0.00000E+00  0.00000E+00  0.00000E+00  0.00000E+00  0.84155E+04  0.84155E+04  0.00000E+00  0.00000E+00  0.00000E+00  0.84155E+04
 0.19500E+01  0.10010E+03  0.10010E+03  0.10010E+03  0.11769E+03  0.11234E+03  0.29815E+03  0.00000E+00  0.00000E+00  0.00000E+00  0.00000E+00  0.10010E+03  0.00000E+00  0.00000E+00  0.33600E+03  0.00000E+00  0.00000E+00  0.00000E+00  0.00000E+00  0.00000E+00  0.00000E+00  0.00000E+00  0.00000E+00  0.00000E+00  0.88585E+04  0.88585E+04  0.00000E+00  0.00000E+00  0.00000E+00  0.88585E+04
 0.20500E+01  0.10010E+03  0.10010E+03  0.10010E+03  0.11769E+03  0.11234E+03  0.29815E+03  0.00000E+00  0.00000E+00  0.00000E+00  0.00000E+00  0.10010E+03  0.00000E+00  0.00000E+00  0.33600E+03  0.00000E+00  0.00000E+00  0.00000E+00  0.00000E+00  0.00000E+00  0.00000E+00  0.00000E+00  0.00000E+00  0.00000E+00  0.88585E+04  0.88585E+04  0.00000E+00  0.00000E+00  0.00000E+00  0.88585E+04
 0.20500E+01  0.10010E+03  0.10010E+03  0.10010E+03  0.11811E+03  0.10010E+03  0.29815E+03  0.00000E+00  0.00000E+00  0.00000E+00  0.00000E+00  0.10010E+03  0.00000E+00  0.00000E+00  0.33600E+03  0.00000E+00  0.00000E+00  0.00000E+00  0.00000E+00  0.00000E+00  0.00000E+00  0.00000E+00  0.00000E+00  0.00000E+00  0.88585E+04  0.88585E+04  0.00000E+00  0.00000E+00  0.00000E+00  0.88585E+04
 0.21500E+01  0.10010E+03  0.10010E+03  0.10010E+03  0.11811E+03  0.10010E+03  0.29815E+03  0.00000E+00  0.00000E+00  0.00000E+00  0.00000E+00  0.10010E+03  0.00000E+00  0.00000E+00  0.33600E+03  0.00000E+00  0.00000E+00  0.00000E+00  0.00000E+00  0.00000E+00  0.00000E+00  0.00000E+00  0.00000E+00  0.00000E+00  0.88585E+04  0.88585E+04  0.00000E+00  0.00000E+00  0.00000E+00  0.88585E+04
 0.21500E+01  0.10010E+03  0.10010E+03  0.10010E+03  0.11857E+03  0.10010E+03  0.29815E+03  0.00000E+00  0.00000E+00  0.00000E+00  0.00000E+00  0.10010E+03  0.00000E+00  0.00000E+00  0.33600E+03  0.00000E+00  0.00000E+00  0.00000E+00  0.00000E+00  0.00000E+00  0.00000E+00  0.00000E+00  0.00000E+00  0.00000E+00  0.88585E+04  0.88585E+04  0.00000E+00  0.00000E+00  0.00000E+00  0.88585E+04
 0.22500E+01  0.10010E+03  0.10010E+03  0.10010E+03  0.11857E+03  0.10010E+03  0.29815E+03  0.00000E+00  0.00000E+00  0.00000E+00  0.00000E+00  0.10010E+03  0.00000E+00  0.00000E+00  0.33600E+03  0.00000E+00  0.00000E+00  0.00000E+00  0.00000E+00  0.00000E+00  0.00000E+00  0.00000E+00  0.00000E+00  0.00000E+00  0.88585E+04  0.88585E+04  0.00000E+00  0.00000E+00  0.00000E+00  0.88585E+04
 0.22500E+01  0.10010E+03  0.10010E+03  0.10010E+03  0.11907E+03  0.10010E+03  0.29815E+03  0.00000E+00  0.00000E+00  0.00000E+00  0.00000E+00  0.10010E+03  0.00000E+00  0.00000E+00  0.33600E+03  0.00000E+00  0.00000E+00  0.00000E+00  0.00000E+00  0.00000E+00  0.00000E+00  0.00000E+00  0.00000E+00  0.00000E+00  0.88585E+04  0.88585E+04  0.00000E+00  0.00000E+00  0.00000E+00  0.88585E+04
 0.23500E+01  0.10010E+03  0.10010E+03  0.10010E+03  0.11907E+03  0.10010E+03  0.29815E+03  0.00000E+00  0.00000E+00  0.00000E+00  0.00000E+00  0.10010E+03  0.00000E+00  0.00000E+00  0.33600E+03  0.00000E+00  0.00000E+00  0.00000E+00  0.00000E+00  0.00000E+00  0.00000E+00  0.00000E+00  0.00000E+00  0.00000E+00  0.88585E+04  0.88585E+04  0.00000E+00  0.00000E+00  0.00000E+00  0.88585E+04
 0.23500E+01  0.10010E+03  0.10010E+03  0.10010E+03  0.11961E+03  0.10010E+03  0.29815E+03  0.00000E+00  0.00000E+00  0.00000E+00  0.00000E+00  0.10010E+03  0.00000E+00  0.00000E+00  0.33601E+03  0.00000E+00  0.00000E+00  0.00000E+00  0.00000E+00  0.00000E+00  0.00000E+00  0.40254E-02  0.00000E+00  0.11973E-01  0.88585E+04  0.88585E+04  0.00000E+00  0.00000E+00  0.00000E+00  0.88585E+04
 0.24500E+01  0.10010E+03  0.10010E+03  0.10010E+03  0.11961E+03  0.10010E+03  0.29815E+03  0.00000E+00  0.00000E+00  0.00000E+00  0.00000E+00  0.10010E+03  0.00000E+00  0.00000E+00  0.33601E+03  0.00000E+00  0.00000E+00  0.00000E+00  0.00000E+00  0.00000E+00  0.00000E+00  0.40254E-02  0.00000E+00  0.11973E-01  0.88585E+04  0.88585E+04  0.00000E+00  0.00000E+00  0.00000E+00  0.88585E+04
 0.24500E+01  0.10575E+03  0.10010E+03  0.10575E+03  0.12584E+03  0.10575E+03  0.29815E+03  0.00000E+00  0.00000E+00  0.00000E+00  0.00000E+00  0.10575E+03  0.00000E+00  0.71896E+00  0.27483E+04  0.00000E+00  0.00000E+00  0.00000E+00  0.00000E+00  0.00000E+00  0.00000E+00  0.40255E-02  0.00000E+00  0.34068E+03  0.88585E+04  0.91991E+04  0.00000E+00  0.00000E+00  0.00000E+00  0.91991E+04
 0.25500E+01  0.10575E+03  0.10010E+03  0.10575E+03  0.12584E+03  0.10575E+03  0.29815E+03  0.00000E+00  0.00000E+00  0.00000E+00  0.00000E+00  0.10575E+03  0.00000E+00  0.71896E+00  0.27483E+04  0.00000E+00  0.00000E+00  0.00000E+00  0.00000E+00  0.00000E+00  0.00000E+00  0.40255E-02  0.00000E+00  0.34068E+03  0.88585E+04  0.91991E+04  0.00000E+00  0.00000E+00  0.00000E+00  0.91991E+04
 0.25500E+01  0.21765E+03  0.10010E+03  0.21765E+03  0.23840E+03  0.21765E+03  0.29815E+03  0.00000E+00  0.00000E+00  0.00000E+00  0.00000E+00  0.21765E+03  0.00000E+00  0.71761E+00  0.27693E+04  0.00000E+00  0.00000E+00  0.00000E+00  0.00000E+00  0.00000E+00  0.00000E+00  0.40256E-02  0.00000E+00  0.74324E+04  0.88585E+04  0.16291E+05  0.00000E+00  0.00000E+00  0.00000E+00  0.16291E+05
 0.26500E+01  0.21765E+03  0.10010E+03  0.21765E+03  0.23840E+03  0.21765E+03  0.29815E+03  0.00000E+00  0.00000E+00  0.00000E+00  0.00000E+00  0.21765E+03  0.00000E+00  0.71761E+00  0.27693E+04  0.00000E+00  0.00000E+00  0.00000E+00  0.00000E+00  0.00000E+00  0.00000E+00  0.40256E-02  0.00000E+00  0.74324E+04  0.88585E+04  0.16291E+05  0.00000E+00  0.00000E+00  0.00000E+00  0.16291E+05
 0.26500E+01  0.10010E+03  0.10010E+03  0.11654E+03  0.13893E+03  0.11654E+03  0.27995E+04  0.00000E+00  0.16440E+02  0.16440E+02  0.16440E+02  0.11654E+03  0.00000E+00  0.00000E+00  0.37272E+03  0.31512E+03  0.29958E+04  0.72896E+04  0.00000E+00  0.00000E+00  0.00000E+00  0.40274E-02  0.00000E+00  0.74324E+04  0.88585E+04  0.16291E+05  0.00000E+00  0.79020E+03  0.79020E+03  0.17081E+05
 0.27500E+01  0.10010E+03  0.10010E+03  0.11654E+03  0.13893E+03  0.11654E+03  0.27995E+04  0.00000E+00  0.16440E+02  0.16440E+02  0.16440E+02  0.11654E+03  0.00000E+00  0.00000E+00  0.37272E+03  0.31512E+03  0.29958E+04  0.72896E+04  0.00000E+00  0.00000E+00  0.00000E+00  0.40274E-02  0.00000E+00  0.74324E+04  0.88585E+04  0.16291E+05  0.00000E+00  0.79020E+03  0.79020E+03  0.17081E+05
 0.27500E+01  0.10010E+03  0.10010E+03  0.11848E+03  0.14076E+03  0.11848E+03  0.27991E+04  0.00000E+00  0.18381E+02  0.18381E+02  0.18381E+02  0.11848E+03  0.00000E+00  0.00000E+00  0.36683E+03  0.30724E+03  0.29945E+04  0.67860E+04  0.00000E+00  0.00000E+00  0.00000E+00  0.40293E-02  0.00000E+00  0.74324E+04  0.88585E+04  0.16291E+05  0.00000E+00  0.16737E+04  0.16737E+04  0.17965E+05
 0.28500E+01  0.10010E+03  0.10010E+03  0.11848E+03  0.14076E+03  0.11848E+03  0.27991E+04  0.00000E+00  0.18381E+02  0.18381E+02  0.18381E+02  0.11848E+03  0.00000E+00  0.00000E+00  0.36683E+03  0.30724E+03  0.29945E+04  0.67860E+04  0.00000E+00  0.00000E+00  0.00000E+00  0.40293E-02  0.00000E+00  0.74324E+04  0.88585E+04  0.16291E+05  0.00000E+00  0.16737E+04  0.16737E+04  0.17965E+05
 0.28500E+01  0.10010E+03  0.10010E+03  0.12378E+03  0.14685E+03  0.12378E+03  0.27987E+04  0.00000E+00  0.23677E+02  0.23677E+02  0.23677E+02  0.12378E+03  0.00000E+00  0.00000E+00  0.36089E+03  0.27930E+03  0.29928E+04  0.57075E+04  0.00000E+00  0.00000E+00  0.00000E+00  0.40310E-02  0.00000E+00  0.74324E+04  0.88585E+04  0.16291E+05  0.00000E+00  0.28117E+04  0.28117E+04  0.19103E+05
 0.29500E+01  0.10010E+03  0.10010E+03  0.12378E+03  0.14685E+03  0.12378E+03  0.27987E+04  0.00000E+00  0.23677E+02  0.23677E+02  0.23677E+02  0.12378E+03  0.00000E+00  0.00000E+00  0.36089E+03  0.27930E+03  0.29928E+04  0.57075E+04  0.00000E+00  0.00000E+00  0.00000E+00  0.40310E-02  0.00000E+00  0.74324E+04  0.88585E+04  0.16291E+05  0.00000E+00  0.28117E+04  0.28117E+04  0.19103E+05
 0.29500E+01  0.10010E+03  0.10010E+03  0.13117E+03  0.15513E+03  0.13117E+03  0.27983E+04  0.00000E+00  0.31074E+02  0.31074E+02  0.31074E+02  0.13117E+03  0.00000E+00  0.00000E+00  0.35711E+03  0.22509E+03  0.29914E+04  0.44915E+04  0.00000E+00  0.00000E+00  0.00000E+00  0.40324E-02  0.00000E+00  0.74324E+04  0.88585E+04  0.16291E+05  0.00000E+00  0.43052E+04  0.43052E+04  0.20596E+05
 0.30500E+01  0.10010E+03  0.10010E+03  0.13117E+03  0.15513E+03  0.13117E+03  0.27983E+04  0.00000E+00  0.31074E+02  0.31074E+02  0.31074E+02  0.13117E+03  0.00000E+00  0.00000E+00  0.35711E+03  0.22509E+03  0.29914E+04  0.44915E+04  0.00000E+00  0.00000E+00  0.00000E+00  0.40324E-02  0.00000E+00  0.74324E+04  0.88585E+04  0.16291E+05  0.00000E+00  0.43052E+04  0.43052E+04  0.20596E+05
 0.30500E+01  0.10010E+03  0.10010E+03  0.13582E+03  0.16076E+03  0.13582E+03  0.27981E+04  0.00000E+00  0.35718E+02  0.35718E+02  0.35718E+02  0.13582E+03  0.00000E+00  0.00000E+00  0.35497E+03  0.17540E+03  0.29903E+04  0.37120E+04  0.00000E+00  0.00000E+00  0.00000E+00  0.40335E-02  0.00000E+00  0.74324E+04  0.88585E+04  0.16291E+05  0.00000E+00  0.60220E+04  0.60220E+04  0.22313E+05
 0.31500E+01  0.10010E+03  0.10010E+03  0.13582E+03  0.16076E+03  0.13582E+03  0.27981E+04  0.00000E+00  0.35718E+02  0.35718E+02  0.35718E+02  0.13582E+03  0.00000E+00  0.00000E+00  0.35497E+03  0.17540E+03  0.29903E+04  0.37120E+04  0.00000E+00  0.00000E+00  0.00000E+00  0.40335E-02  0.00000E+00  0.74324E+04  0.88585E+04  0.16291E+05  0.00000E+00  0.60220E+04  0.60220E+04  0.22313E+05
 0.31500E+01  0.10010E+03  0.10010E+03  0.13745E+03  0.16342E+03  0.13745E+03  0.27978E+04  0.00000E+00  0.37348E+02  0.37348E+02  0.37348E+02  0.13745E+03  0.00000E+00  0.00000E+00  0.35352E+03  0.15152E+03  0.29894E+04  0.33955E+04  0.00000E+00  0.00000E+00  0.00000E+00  0.40344E-02  0.00000E+00  0.74324E+04  0.88585E+04  0.16291E+05  0.00000E+00  0.78171E+04  0.78171E+04  0.24108E+05
 0.32500E+01  0.10010E+03  0.10010E+03  0.13745E+03  0.16342E+03  0.13745E+03  0.27978E+04  0.00000E+00  0.37348E+02  0.37348E+02  0.37348E+02  0.13745E+03  0.00000E+00  0.00000E+00  0.35352E+03  0.15152E+03  0.29894E+04  0.33955E+04  0.00000E+00  0.00000E+00  0.00000E+00  0.40344E-02  0.00000E+00  0.74324E+04  0.88585E+04  0.16291E+05  0.00000E+00  0.78171E+04  0.78171E+04  0.24108E+05
 0.32500E+01  0.10010E+03  0.10010E+03  0.13808E+03  0.16513E+03  0.13808E+03  0.27976E+04  0.00000E+00  0.37976E+02  0.37976E+02  0.37976E+02  0.13808E+03  0.00000E+00  0.00000E+00  0.35221E+03  0.14452E+03  0.29885E+04  0.33120E+04  0.00000E+00  0.00000E+00  0.00000E+00  0.40352E-02  0.00000E+00  0.74324E+04  0.88585E+04  0.16291E+05  0.00000E+00  0.96424E+04  0.96424E+04  0.25933E+05
 0.33500E+01  0.10010E+03  0.10010E+03  0.13808E+03  0.16513E+03  0.13808E+03  0.27976E+04  0.00000E+00  0.37976E+02  0.37976E+02  0.37976E+02  0.13808E+03  0.00000E+00  0.00000E+00  0.35221E+03  0.14452E+03  0.29885E+04  0.33120E+04  0.00000E+00  0.00000E+00  0.00000E+00  0.40352E-02  0.00000E+00  0.74324E+04  0.88585E+04  0.16291E+05  0.00000E+00  0.96424E+04  0.96424E+04  0.25933E+05
 0.33500E+01  0.10010E+03  0.10010E+03  0.13836E+03  0.16656E+03  0.13836E+03  0.27974E+04  0.00000E+00  0.38259E+02  0.38259E+02  0.38259E+02  0.13836E+03  0.00000E+00  0.00000E+00  0.35085E+03  0.14396E+03  0.29877E+04  0.33034E+04  0.00000E+00  0.00000E+00  0.00000E+00  0.40360E-02  0.00000E+00  0.74324E+04  0.88585E+04  0.16291E+05  0.00000E+00  0.11481E+05  0.11481E+05  0.27772E+05
 0.34500E+01  0.10010E+03  0.10010E+03  0.13836E+03  0.16656E+03  0.13836E+03  0.27974E+04  0.00000E+00  0.38259E+02  0.38259E+02  0.38259E+02  0.13836E+03  0.00000E+00  0.00000E+00  0.35085E+03  0.14396E+03  0.29877E+04  0.33034E+04  0.00000E+00  0.00000E+00  0.00000E+00  0.40360E-02  0.00000E+00  0.74324E+04  0.88585E+04  0.16291E+05  0.00000E+00  0.11481E+05  0.11481E+05  0.27772E+05
 0.34500E+01  0.10010E+03  0.10010E+03  0.13813E+03  0.16756E+03  0.13813E+03  0.27972E+04  0.00000E+00  0.38027E+02  0.38027E+02  0.38027E+02  0.13813E+03  0.00000E+00  0.00000E+00  0.34944E+03  0.14433E+03  0.29870E+04  0.33008E+04  0.00000E+00  0.00000E+00  0.00000E+00  0.40368E-02  0.00000E+00  0.74324E+04  0.88585E+04  0.16291E+05  0.00000E+00  0.13309E+05  0.13309E+05  0.29600E+05
 0.35500E+01  0.10010E+03  0.10010E+03  0.13813E+03  0.16756E+03  0.13813E+03  0.27972E+04  0.00000E+00  0.38027E+02  0.38027E+02  0.38027E+02  0.13813E+03  0.00000E+00  0.00000E+00  0.34944E+03  0.14433E+03  0.29870E+04  0.33008E+04  0.00000E+00  0.00000E+00  0.00000E+00  0.40368E-02  0.00000E+00  0.74324E+04  0.88585E+04  0.16291E+05  0.00000E+00  0.13309E+05  0.13309E+05  0.29600E+05
 0.35500E+01  0.10010E+03  0.10010E+03  0.13726E+03  0.16801E+03  0.13726E+03  0.27971E+04  0.00000E+00  0.37158E+02  0.37158E+02  0.37158E+02  0.13726E+03  0.00000E+00  0.00000E+00  0.34796E+03  0.14335E+03  0.29863E+04  0.32834E+04  0.00000E+00  0.00000E+00  0.00000E+00  0.40375E-02  0.00000E+00  0.74324E+04  0.88585E+04  0.16291E+05  0.00000E+00  0.15095E+05  0.15095E+05  0.31386E+05
 0.36500E+01  0.10010E+03  0.10010E+03  0.13726E+03  0.16801E+03  0.13726E+03  0.27971E+04  0.00000E+00  0.37158E+02  0.37158E+02  0.37158E+02  0.13726E+03  0.00000E+00  0.00000E+00  0.34796E+03  0.14335E+03  0.29863E+04  0.32834E+04  0.00000E+00  0.00000E+00  0.00000E+00  0.40375E-02  0.00000E+00  0.74324E+04  0.88585E+04  0.16291E+05  0.00000E+00  0.15095E+05  0.15095E+05  0.31386E+05
 0.36500E+01  0.10010E+03  0.10010E+03  0.13599E+03  0.16815E+03  0.13599E+03  0.27969E+04  0.00000E+00  0.35887E+02  0.35887E+02  0.35887E+02  0.13599E+03  0.00000E+00  0.00000E+00  0.34644E+03  0.14085E+03  0.29856E+04  0.32544E+04  0.00000E+00  0.00000E+00  0.00000E+00  0.40381E-02  0.00000E+00  0.74324E+04  0.88585E+04  0.16291E+05  0.00000E+00  0.16820E+05  0.16820E+05  0.33111E+05
 0.37500E+01  0.10010E+03  0.10010E+03  0.13599E+03  0.16815E+03  0.13599E+03  0.27969E+04  0.00000E+00  0.35887E+02  0.35887E+02  0.35887E+02  0.13599E+03  0.00000E+00  0.00000E+00  0.34644E+03  0.14085E+03  0.29856E+04  0.32544E+04  0.00000E+00  0.00000E+00  0.00000E+00  0.40381E-02  0.00000E+00  0.74324E+04  0.88585E+04  0.16291E+05  0.00000E+00  0.16820E+05  0.16820E+05  0.33111E+05
 0.37500E+01  0.10010E+03  0.10010E+03  0.13476E+03  0.16843E+03  0.13476E+03  0.27968E+04  0.00000E+00  0.34661E+02  0.34661E+02  0.34661E+02  0.13476E+03  0.00000E+00  0.00000E+00  0.34487E+03  0.13789E+03  0.29851E+04  0.32267E+04  0.00000E+00  0.00000E+00  0.00000E+00  0.40387E-02  0.00000E+00  0.74324E+04  0.88585E+04  0.16291E+05  0.00000E+00  0.18486E+05  0.18486E+05  0.34777E+05
 0.38500E+01  0.10010E+03  0.10010E+03  0.13476E+03  0.16843E+03  0.13476E+03  0.27968E+04  0.00000E+00  0.34661E+02  0.34661E+02  0.34661E+02  0.13476E+03  0.00000E+00  0.00000E+00  0.34487E+03  0.13789E+03  0.29851E+04  0.32267E+04  0.00000E+00  0.00000E+00  0.00000E+00  0.40387E-02  0.00000E+00  0.74324E+04  0.88585E+04  0.16291E+05  0.00000E+00  0.18486E+05  0.18486E+05  0.34777E+05
 0.38500E+01  0.10010E+03  0.10010E+03  0.13392E+03  0.16923E+03  0.13392E+03  0.27966E+04  0.00000E+00  0.33824E+02  0.33824E+02  0.33824E+02  0.13392E+03  0.00000E+00  0.00000E+00  0.34329E+03  0.13569E+03  0.29845E+04  0.32092E+04  0.00000E+00  0.00000E+00  0.00000E+00  0.40393E-02  0.00000E+00  0.74324E+04  0.88585E+04  0.16291E+05  0.00000E+00  0.20111E+05  0.20111E+05  0.36402E+05
 0.39500E+01  0.10010E+03  0.10010E+03  0.13392E+03  0.16923E+03  0.13392E+03  0.27966E+04  0.00000E+00  0.33824E+02  0.33824E+02  0.33824E+02  0.13392E+03  0.00000E+00  0.00000E+00  0.34329E+03  0.13569E+03  0.29845E+04  0.32092E+04  0.00000E+00  0.00000E+00  0.00000E+00  0.40393E-02  0.00000E+00  0.74324E+04  0.88585E+04  0.16291E+05  0.00000E+00  0.20111E+05  0.20111E+05  0.36402E+05
 0.39500E+01  0.10010E+03  0.10010E+03  0.13343E+03  0.17050E+03  0.13343E+03  0.27965E+04  0.00000E+00  0.33331E+02  0.33331E+02  0.33331E+02  0.13343E+03  0.00000E+00  0.00000E+00  0.34170E+03  0.13464E+03  0.29838E+04  0.32045E+04  0.00000E+00  0.00000E+00  0.00000E+00  0.40400E-02  0.00000E+00  0.74324E+04  0.88585E+04  0.16291E+05  0.00000E+00  0.21713E+05  0.21713E+05  0.38004E+05
 0.40500E+01  0.10010E+03  0.10010E+03  0.13343E+03  0.17050E+03  0.13343E+03  0.27965E+04  0.00000E+00  0.33331E+02  0.33331E+02  0.33331E+02  0.13343E+03  0.00000E+00  0.00000E+00  0.34170E+03  0.13464E+03  0.29838E+04  0.32045E+04  0.00000E+00  0.00000E+00  0.00000E+00  0.40400E-02  0.00000E+00  0.74324E+04  0.88585E+04  0.16291E+05  0.00000E+00  0.21713E+05  0.21713E+05  0.38004E+05
 0.40500E+01  0.10010E+03  0.10010E+03  0.13376E+03  0.17273E+03  0.13376E+03  0.27963E+04  0.00000E+00  0.33658E+02  0.33658E+02  0.33658E+02  0.13376E+03  0.00000E+00  0.00000E+00  0.34008E+03  0.13446E+03  0.29829E+04  0.32549E+04  0.00000E+00  0.00000E+00  0.00000E+00  0.40409E-02  0.00000E+00  0.74324E+04  0.88585E+04  0.16291E+05  0.00000E+00  0.23331E+05  0.23331E+05  0.39622E+05
 0.41500E+01  0.10010E+03  0.10010E+03  0.13376E+03  0.17273E+03  0.13376E+03  0.27963E+04  0.00000E+00  0.33658E+02  0.33658E+02  0.33658E+02  0.13376E+03  0.00000E+00  0.00000E+00  0.34008E+03  0.13446E+03  0.29829E+04  0.32549E+04  0.00000E+00  0.00000E+00  0.00000E+00  0.40409E-02  0.00000E+00  0.74324E+04  0.88585E+04  0.16291E+05  0.00000E+00  0.23331E+05  0.23331E+05  0.39622E+05
 0.41500E+01  0.10010E+03  0.10010E+03  0.13563E+03  0.17668E+03  0.13563E+03  0.27960E+04  0.00000E+00  0.35528E+02  0.35528E+02  0.35528E+02  0.13563E+03  0.00000E+00  0.00000E+00  0.33845E+03  0.14120E+03  0.29818E+04  0.31161E+04  0.00000E+00  0.00000E+00  0.00000E+00  0.40421E-02  0.00000E+00  0.74324E+04  0.88585E+04  0.16291E+05  0.00000E+00  0.25039E+05  0.25039E+05  0.41329E+05
 0.42500E+01  0.10010E+03  0.10010E+03  0.13563E+03  0.17668E+03  0.13563E+03  0.27960E+04  0.00000E+00  0.35528E+02  0.35528E+02  0.35528E+02  0.13563E+03  0.00000E+00  0.00000E+00  0.33845E+03  0.14120E+03  0.29818E+04  0.31161E+04  0.00000E+00  0.00000E+00  0.00000E+00  0.40421E-02  0.00000E+00  0.74324E+04  0.88585E+04  0.16291E+05  0.00000E+00  0.25039E+05  0.25039E+05  0.41329E+05
 0.42500E+01  0.10010E+03  0.10010E+03  0.11852E+03  0.16182E+03  0.11852E+03  0.27955E+04  0.00000E+00  0.18417E+02  0.18417E+02  0.18417E+02  0.11852E+03  0.00000E+00  0.00000E+00  0.33704E+03  0.12310E+03  0.29796E+04  0.23359E+04  0.00000E+00  0.00000E+00  0.00000E+00  0.40443E-02  0.00000E+00  0.74324E+04  0.88585E+04  0.16291E+05  0.00000E+00  0.25924E+05  0.25924E+05  0.42215E+05
 0.43500E+01  0.10010E+03  0.10010E+03  0.11852E+03  0.16182E+03  0.11852E+03  0.27955E+04  0.00000E+00  0.18417E+02  0.18417E+02  0.18417E+02  0.11852E+03  0.00000E+00  0.00000E+00  0.33704E+03  0.12310E+03  0.29796E+04  0.23359E+04  0.00000E+00  0.00000E+00  0.00000E+00  0.40443E-02  0.00000E+00  0.74324E+04  0.88585E+04  0.16291E+05  0.00000E+00  0.25924E+05  0.25924E+05  0.42215E+05
 0.43500E+01  0.10010E+03  0.10010E+03  0.10105E+03  0.14612E+03  0.10105E+03  0.27944E+04  0.00000E+00  0.94835E+00  0.94835E+00  0.94835E+00  0.10105E+03  0.00000E+00  0.00000E+00  0.33608E+03  0.29612E+02  0.29762E+04  0.11984E+04  0.00000E+00  0.00000E+00  0.00000E+00  0.40473E-02  0.00000E+00  0.74324E+04  0.88585E+04  0.16291E+05  0.00000E+00  0.25969E+05  0.25969E+05  0.42260E+05
 0.44500E+01  0.10010E+03  0.10010E+03  0.10105E+03  0.14612E+03  0.10105E+03  0.27944E+04  0.00000E+00  0.94835E+00  0.94835E+00  0.94835E+00  0.10105E+03  0.00000E+00  0.00000E+00  0.33608E+03  0.29612E+02  0.29762E+04  0.11984E+04  0.00000E+00  0.00000E+00  0.00000E+00  0.40473E-02  0.00000E+00  0.74324E+04  0.88585E+04  0.16291E+05  0.00000E+00  0.25969E+05  0.25969E+05  0.42260E+05
 0.44500E+01  0.10010E+03  0.10010E+03  0.10010E+03  0.14726E+03  0.10010E+03  0.29815E+03  0.00000E+00  0.21121E-03  0.21121E-03  0.21121E-03  0.10010E+03  0.00000E+00  0.00000E+00  0.29815E+03  0.34421E+00  0.00000E+00  0.00000E+00  0.00000E+00  0.00000E+00  0.00000E+00  0.00000E+00  0.00000E+00  0.74324E+04  0.88585E+04  0.16291E+05  0.00000E+00  0.25969E+05  0.25969E+05  0.42260E+05
 0.45500E+01  0.10010E+03  0.10010E+03  0.10010E+03  0.14726E+03  0.10010E+03  0.29815E+03  0.00000E+00  0.21121E-03  0.21121E-03  0.21121E-03  0.10010E+03  0.00000E+00  0.00000E+00  0.29815E+03  0.34421E+00  0.00000E+00  0.00000E+00  0.00000E+00  0.00000E+00  0.00000E+00  0.00000E+00  0.00000E+00  0.74324E+04  0.88585E+04  0.16291E+05  0.00000E+00  0.25969E+05  0.25969E+05  0.42260E+05
 0.45500E+01  0.10010E+03  0.10010E+03  0.10010E+03  0.14986E+03  0.10010E+03  0.29815E+03  0.00000E+00  0.00000E+00  0.00000E+00  0.00000E+00  0.10010E+03  0.00000E+00  0.00000E+00  0.29815E+03  0.00000E+00  0.00000E+00  0.00000E+00  0.00000E+00  0.00000E+00  0.00000E+00  0.00000E+00  0.00000E+00  0.74324E+04  0.88585E+04  0.16291E+05  0.00000E+00  0.25969E+05  0.25969E+05  0.42260E+05
 0.46500E+01  0.10010E+03  0.10010E+03  0.10010E+03  0.14986E+03  0.10010E+03  0.29815E+03  0.00000E+00  0.00000E+00  0.00000E+00  0.00000E+00  0.10010E+03  0.00000E+00  0.00000E+00  0.29815E+03  0.00000E+00  0.00000E+00  0.00000E+00  0.00000E+00  0.00000E+00  0.00000E+00  0.00000E+00  0.00000E+00  0.74324E+04  0.88585E+04  0.16291E+05  0.00000E+00  0.25969E+05  0.25969E+05  0.42260E+05
 0.46500E+01  0.10010E+03  0.10010E+03  0.10010E+03  0.15266E+03  0.10010E+03  0.29815E+03  0.00000E+00  0.00000E+00  0.00000E+00  0.00000E+00  0.10010E+03  0.00000E+00  0.00000E+00  0.29815E+03  0.00000E+00  0.00000E+00  0.00000E+00  0.00000E+00  0.00000E+00  0.00000E+00  0.00000E+00  0.00000E+00  0.74324E+04  0.88585E+04  0.16291E+05  0.00000E+00  0.25969E+05  0.25969E+05  0.42260E+05
 0.47500E+01  0.10010E+03  0.10010E+03  0.10010E+03  0.15266E+03  0.10010E+03  0.29815E+03  0.00000E+00  0.00000E+00  0.00000E+00  0.00000E+00  0.10010E+03  0.00000E+00  0.00000E+00  0.29815E+03  0.00000E+00  0.00000E+00  0.00000E+00  0.00000E+00  0.00000E+00  0.00000E+00  0.00000E+00  0.00000E+00  0.74324E+04  0.88585E+04  0.16291E+05  0.00000E+00  0.25969E+05  0.25969E+05  0.42260E+05
 0.47500E+01  0.10010E+03  0.10010E+03  0.10010E+03  0.15565E+03  0.10010E+03  0.29815E+03  0.00000E+00  0.00000E+00  0.00000E+00  0.00000E+00  0.10010E+03  0.00000E+00  0.00000E+00  0.29815E+03  0.00000E+00  0.00000E+00  0.00000E+00  0.00000E+00  0.00000E+00  0.00000E+00  0.00000E+00  0.00000E+00  0.74324E+04  0.88585E+04  0.16291E+05  0.00000E+00  0.25969E+05  0.25969E+05  0.42260E+05
 0.48500E+01  0.10010E+03  0.10010E+03  0.10010E+03  0.15565E+03  0.10010E+03  0.29815E+03  0.00000E+00  0.00000E+00  0.00000E+00  0.00000E+00  0.10010E+03  0.00000E+00  0.00000E+00  0.29815E+03  0.00000E+00  0.00000E+00  0.00000E+00  0.00000E+00  0.00000E+00  0.00000E+00  0.00000E+00  0.00000E+00  0.74324E+04  0.88585E+04  0.16291E+05  0.00000E+00  0.25969E+05  0.25969E+05  0.42260E+05
 0.48500E+01  0.10010E+03  0.10010E+03  0.10010E+03  0.15883E+03  0.10010E+03  0.29815E+03  0.00000E+00  0.00000E+00  0.00000E+00  0.00000E+00  0.10010E+03  0.00000E+00  0.00000E+00  0.29815E+03  0.00000E+00  0.00000E+00  0.00000E+00  0.00000E+00  0.00000E+00  0.00000E+00  0.00000E+00  0.00000E+00  0.74324E+04  0.88585E+04  0.16291E+05  0.00000E+00  0.25969E+05  0.25969E+05  0.42260E+05
 0.49500E+01  0.10010E+03  0.10010E+03  0.10010E+03  0.15883E+03  0.10010E+03  0.29815E+03  0.00000E+00  0.00000E+00  0.00000E+00  0.00000E+00  0.10010E+03  0.00000E+00  0.00000E+00  0.29815E+03  0.00000E+00  0.00000E+00  0.00000E+00  0.00000E+00  0.00000E+00  0.00000E+00  0.00000E+00  0.00000E+00  0.74324E+04  0.88585E+04  0.16291E+05  0.00000E+00  0.25969E+05  0.25969E+05  0.42260E+05
 0.49500E+01  0.10010E+03  0.10010E+03  0.10010E+03  0.16222E+03  0.10010E+03  0.29815E+03  0.00000E+00  0.00000E+00  0.00000E+00  0.00000E+00  0.10010E+03  0.00000E+00  0.00000E+00  0.29815E+03  0.00000E+00  0.00000E+00  0.00000E+00  0.00000E+00  0.00000E+00  0.00000E+00  0.00000E+00  0.00000E+00  0.74324E+04  0.88585E+04  0.16291E+05  0.00000E+00  0.25969E+05  0.25969E+05  0.42260E+05
 0.50500E+01  0.10010E+03  0.10010E+03  0.10010E+03  0.16222E+03  0.10010E+03  0.29815E+03  0.00000E+00  0.00000E+00  0.00000E+00  0.00000E+00  0.10010E+03  0.00000E+00  0.00000E+00  0.29815E+03  0.00000E+00  0.00000E+00  0.00000E+00  0.00000E+00  0.00000E+00  0.00000E+00  0.00000E+00  0.00000E+00  0.74324E+04  0.88585E+04  0.16291E+05  0.00000E+00  0.25969E+05  0.25969E+05  0.42260E+05
 0.50500E+01  0.10010E+03  0.10010E+03  0.10010E+03  0.16583E+03  0.10010E+03  0.29815E+03  0.00000E+00  0.00000E+00  0.00000E+00  0.00000E+00  0.10010E+03  0.00000E+00  0.00000E+00  0.29815E+03  0.00000E+00  0.00000E+00  0.00000E+00  0.00000E+00  0.00000E+00  0.00000E+00  0.00000E+00  0.00000E+00  0.74324E+04  0.88585E+04  0.16291E+05  0.00000E+00  0.25969E+05  0.25969E+05  0.42260E+05
 0.51500E+01  0.10010E+03  0.10010E+03  0.10010E+03  0.16583E+03  0.10010E+03  0.29815E+03  0.00000E+00  0.00000E+00  0.00000E+00  0.00000E+00  0.10010E+03  0.00000E+00  0.00000E+00  0.29815E+03  0.00000E+00  0.00000E+00  0.00000E+00  0.00000E+00  0.00000E+00  0.00000E+00  0.00000E+00  0.00000E+00  0.74324E+04  0.88585E+04  0.16291E+05  0.00000E+00  0.25969E+05  0.25969E+05  0.42260E+05
 0.51500E+01  0.10010E+03  0.10010E+03  0.10010E+03  0.16965E+03  0.10010E+03  0.29815E+03  0.00000E+00  0.00000E+00  0.00000E+00  0.00000E+00  0.10010E+03  0.00000E+00  0.00000E+00  0.29815E+03  0.00000E+00  0.00000E+00  0.00000E+00  0.00000E+00  0.00000E+00  0.00000E+00  0.00000E+00  0.00000E+00  0.74324E+04  0.88585E+04  0.16291E+05  0.00000E+00  0.25969E+05  0.25969E+05  0.42260E+05
 0.52500E+01  0.10010E+03  0.10010E+03  0.10010E+03  0.16965E+03  0.10010E+03  0.29815E+03  0.00000E+00  0.00000E+00  0.00000E+00  0.00000E+00  0.10010E+03  0.00000E+00  0.00000E+00  0.29815E+03  0.00000E+00  0.00000E+00  0.00000E+00  0.00000E+00  0.00000E+00  0.00000E+00  0.00000E+00  0.00000E+00  0.74324E+04  0.88585E+04  0.16291E+05  0.00000E+00  0.25969E+05  0.25969E+05  0.42260E+05
 0.52500E+01  0.10010E+03  0.10010E+03  0.10010E+03  0.17370E+03  0.10010E+03  0.29815E+03  0.00000E+00  0.00000E+00  0.00000E+00  0.00000E+00  0.10010E+03  0.00000E+00  0.00000E+00  0.29815E+03  0.00000E+00  0.00000E+00  0.00000E+00  0.00000E+00  0.00000E+00  0.00000E+00  0.00000E+00  0.00000E+00  0.74324E+04  0.88585E+04  0.16291E+05  0.00000E+00  0.25969E+05  0.25969E+05  0.42260E+05
 0.53500E+01  0.10010E+03  0.10010E+03  0.10010E+03  0.17370E+03  0.10010E+03  0.29815E+03  0.00000E+00  0.00000E+00  0.00000E+00  0.00000E+00  0.10010E+03  0.00000E+00  0.00000E+00  0.29815E+03  0.00000E+00  0.00000E+00  0.00000E+00  0.00000E+00  0.00000E+00  0.00000E+00  0.00000E+00  0.00000E+00  0.74324E+04  0.88585E+04  0.16291E+05  0.00000E+00  0.25969E+05  0.25969E+05  0.42260E+05
 0.53500E+01  0.10010E+03  0.10010E+03  0.10010E+03  0.17799E+03  0.10010E+03  0.29815E+03  0.00000E+00  0.00000E+00  0.00000E+00  0.00000E+00  0.10010E+03  0.00000E+00  0.00000E+00  0.29815E+03  0.00000E+00  0.00000E+00  0.00000E+00  0.00000E+00  0.00000E+00  0.00000E+00  0.00000E+00  0.00000E+00  0.74324E+04  0.88585E+04  0.16291E+05  0.00000E+00  0.25969E+05  0.25969E+05  0.42260E+05
 0.54500E+01  0.10010E+03  0.10010E+03  0.10010E+03  0.17799E+03  0.10010E+03  0.29815E+03  0.00000E+00  0.00000E+00  0.00000E+00  0.00000E+00  0.10010E+03  0.00000E+00  0.00000E+00  0.29815E+03  0.00000E+00  0.00000E+00  0.00000E+00  0.00000E+00  0.00000E+00  0.00000E+00  0.00000E+00  0.00000E+00  0.74324E+04  0.88585E+04  0.16291E+05  0.00000E+00  0.25969E+05  0.25969E+05  0.42260E+05
 0.54500E+01  0.10010E+03  0.10010E+03  0.10010E+03  0.18250E+03  0.10010E+03  0.29815E+03  0.00000E+00  0.00000E+00  0.00000E+00  0.00000E+00  0.10010E+03  0.00000E+00  0.00000E+00  0.29815E+03  0.00000E+00  0.00000E+00  0.00000E+00  0.00000E+00  0.00000E+00  0.00000E+00  0.00000E+00  0.00000E+00  0.74324E+04  0.88585E+04  0.16291E+05  0.00000E+00  0.25969E+05  0.25969E+05  0.42260E+05
 0.55500E+01  0.10010E+03  0.10010E+03  0.10010E+03  0.18250E+03  0.10010E+03  0.29815E+03  0.00000E+00  0.00000E+00  0.00000E+00  0.00000E+00  0.10010E+03  0.00000E+00  0.00000E+00  0.29815E+03  0.00000E+00  0.00000E+00  0.00000E+00  0.00000E+00  0.00000E+00  0.00000E+00  0.00000E+00  0.00000E+00  0.74324E+04  0.88585E+04  0.16291E+05  0.00000E+00  0.25969E+05  0.25969E+05  0.42260E+05
 0.55500E+01  0.10010E+03  0.10010E+03  0.10010E+03  0.18726E+03  0.10010E+03  0.29815E+03  0.00000E+00  0.00000E+00  0.00000E+00  0.00000E+00  0.10010E+03  0.00000E+00  0.00000E+00  0.29815E+03  0.00000E+00  0.00000E+00  0.00000E+00  0.00000E+00  0.00000E+00  0.00000E+00  0.00000E+00  0.00000E+00  0.74324E+04  0.88585E+04  0.16291E+05  0.00000E+00  0.25969E+05  0.25969E+05  0.42260E+05
 0.56500E+01  0.10010E+03  0.10010E+03  0.10010E+03  0.18726E+03  0.10010E+03  0.29815E+03  0.00000E+00  0.00000E+00  0.00000E+00  0.00000E+00  0.10010E+03  0.00000E+00  0.00000E+00  0.29815E+03  0.00000E+00  0.00000E+00  0.00000E+00  0.00000E+00  0.00000E+00  0.00000E+00  0.00000E+00  0.00000E+00  0.74324E+04  0.88585E+04  0.16291E+05  0.00000E+00  0.25969E+05  0.25969E+05  0.42260E+05
 0.56500E+01  0.10010E+03  0.10010E+03  0.10010E+03  0.19225E+03  0.10010E+03  0.29815E+03  0.00000E+00  0.00000E+00  0.00000E+00  0.00000E+00  0.10010E+03  0.00000E+00  0.00000E+00  0.29815E+03  0.00000E+00  0.00000E+00  0.00000E+00  0.00000E+00  0.00000E+00  0.00000E+00  0.00000E+00  0.00000E+00  0.74324E+04  0.88585E+04  0.16291E+05  0.00000E+00  0.25969E+05  0.25969E+05  0.42260E+05
 0.57500E+01  0.10010E+03  0.10010E+03  0.10010E+03  0.19225E+03  0.10010E+03  0.29815E+03  0.00000E+00  0.00000E+00  0.00000E+00  0.00000E+00  0.10010E+03  0.00000E+00  0.00000E+00  0.29815E+03  0.00000E+00  0.00000E+00  0.00000E+00  0.00000E+00  0.00000E+00  0.00000E+00  0.00000E+00  0.00000E+00  0.74324E+04  0.88585E+04  0.16291E+05  0.00000E+00  0.25969E+05  0.25969E+05  0.42260E+05
 0.57500E+01  0.10010E+03  0.10010E+03  0.10010E+03  0.19749E+03  0.10010E+03  0.29815E+03  0.00000E+00  0.00000E+00  0.00000E+00  0.00000E+00  0.10010E+03  0.00000E+00  0.00000E+00  0.29815E+03  0.00000E+00  0.00000E+00  0.00000E+00  0.00000E+00  0.00000E+00  0.00000E+00  0.00000E+00  0.00000E+00  0.74324E+04  0.88585E+04  0.16291E+05  0.00000E+00  0.25969E+05  0.25969E+05  0.42260E+05
 0.58500E+01  0.10010E+03  0.10010E+03  0.10010E+03  0.19749E+03  0.10010E+03  0.29815E+03  0.00000E+00  0.00000E+00  0.00000E+00  0.00000E+00  0.10010E+03  0.00000E+00  0.00000E+00  0.29815E+03  0.00000E+00  0.00000E+00  0.00000E+00  0.00000E+00  0.00000E+00  0.00000E+00  0.00000E+00  0.00000E+00  0.74324E+04  0.88585E+04  0.16291E+05  0.00000E+00  0.25969E+05  0.25969E+05  0.42260E+05
 0.58500E+01  0.10010E+03  0.10010E+03  0.10010E+03  0.20296E+03  0.10010E+03  0.29815E+03  0.00000E+00  0.00000E+00  0.00000E+00  0.00000E+00  0.10010E+03  0.00000E+00  0.00000E+00  0.29815E+03  0.00000E+00  0.00000E+00  0.00000E+00  0.00000E+00  0.00000E+00  0.00000E+00  0.00000E+00  0.00000E+00  0.74324E+04  0.88585E+04  0.16291E+05  0.00000E+00  0.25969E+05  0.25969E+05  0.42260E+05
 0.59500E+01  0.10010E+03  0.10010E+03  0.10010E+03  0.20296E+03  0.10010E+03  0.29815E+03  0.00000E+00  0.00000E+00  0.00000E+00  0.00000E+00  0.10010E+03  0.00000E+00  0.00000E+00  0.29815E+03  0.00000E+00  0.00000E+00  0.00000E+00  0.00000E+00  0.00000E+00  0.00000E+00  0.00000E+00  0.00000E+00  0.74324E+04  0.88585E+04  0.16291E+05  0.00000E+00  0.25969E+05  0.25969E+05  0.42260E+05
 0.59500E+01  0.10010E+03  0.10010E+03  0.10010E+03  0.20867E+03  0.10010E+03  0.29815E+03  0.00000E+00  0.00000E+00  0.00000E+00  0.00000E+00  0.10010E+03  0.00000E+00  0.00000E+00  0.29815E+03  0.00000E+00  0.00000E+00  0.00000E+00  0.00000E+00  0.00000E+00  0.00000E+00  0.00000E+00  0.00000E+00  0.74324E+04  0.88585E+04  0.16291E+05  0.00000E+00  0.25969E+05  0.25969E+05  0.42260E+05
 0.60500E+01  0.10010E+03  0.10010E+03  0.10010E+03  0.20867E+03  0.10010E+03  0.29815E+03  0.00000E+00  0.00000E+00  0.00000E+00  0.00000E+00  0.10010E+03  0.00000E+00  0.00000E+00  0.29815E+03  0.00000E+00  0.00000E+00  0.00000E+00  0.00000E+00  0.00000E+00  0.00000E+00  0.00000E+00  0.00000E+00  0.74324E+04  0.88585E+04  0.16291E+05  0.00000E+00  0.25969E+05  0.25969E+05  0.42260E+05
 0.60500E+01  0.10010E+03  0.10010E+03  0.10010E+03  0.21463E+03  0.10010E+03  0.29815E+03  0.00000E+00  0.00000E+00  0.00000E+00  0.00000E+00  0.10010E+03  0.00000E+00  0.00000E+00  0.29815E+03  0.00000E+00  0.00000E+00  0.00000E+00  0.00000E+00  0.00000E+00  0.00000E+00  0.00000E+00  0.00000E+00  0.74324E+04  0.88585E+04  0.16291E+05  0.00000E+00  0.25969E+05  0.25969E+05  0.42260E+05
 0.61500E+01  0.10010E+03  0.10010E+03  0.10010E+03  0.21463E+03  0.10010E+03  0.29815E+03  0.00000E+00  0.00000E+00  0.00000E+00  0.00000E+00  0.10010E+03  0.00000E+00  0.00000E+00  0.29815E+03  0.00000E+00  0.00000E+00  0.00000E+00  0.00000E+00  0.00000E+00  0.00000E+00  0.00000E+00  0.00000E+00  0.74324E+04  0.88585E+04  0.16291E+05  0.00000E+00  0.25969E+05  0.25969E+05  0.42260E+05
 0.61500E+01  0.10010E+03  0.10010E+03  0.10010E+03  0.22082E+03  0.10010E+03  0.29815E+03  0.00000E+00  0.00000E+00  0.00000E+00  0.00000E+00  0.10010E+03  0.00000E+00  0.00000E+00  0.29815E+03  0.00000E+00  0.00000E+00  0.00000E+00  0.00000E+00  0.00000E+00  0.00000E+00  0.00000E+00  0.00000E+00  0.74324E+04  0.88585E+04  0.16291E+05  0.00000E+00  0.25969E+05  0.25969E+05  0.42260E+05
 0.62500E+01  0.10010E+03  0.10010E+03  0.10010E+03  0.22082E+03  0.10010E+03  0.29815E+03  0.00000E+00  0.00000E+00  0.00000E+00  0.00000E+00  0.10010E+03  0.00000E+00  0.00000E+00  0.29815E+03  0.00000E+00  0.00000E+00  0.00000E+00  0.00000E+00  0.00000E+00  0.00000E+00  0.00000E+00  0.00000E+00  0.74324E+04  0.88585E+04  0.16291E+05  0.00000E+00  0.25969E+05  0.25969E+05  0.42260E+05
 0.62500E+01  0.10010E+03  0.10010E+03  0.10010E+03  0.22725E+03  0.10010E+03  0.29815E+03  0.00000E+00  0.00000E+00  0.00000E+00  0.00000E+00  0.10010E+03  0.00000E+00  0.00000E+00  0.29815E+03  0.00000E+00  0.00000E+00  0.00000E+00  0.00000E+00  0.00000E+00  0.00000E+00  0.00000E+00  0.00000E+00  0.74324E+04  0.88585E+04  0.16291E+05  0.00000E+00  0.25969E+05  0.25969E+05  0.42260E+05
 0.63500E+01  0.10010E+03  0.10010E+03  0.10010E+03  0.22725E+03  0.10010E+03  0.29815E+03  0.00000E+00  0.00000E+00  0.00000E+00  0.00000E+00  0.10010E+03  0.00000E+00  0.00000E+00  0.29815E+03  0.00000E+00  0.00000E+00  0.00000E+00  0.00000E+00  0.00000E+00  0.00000E+00  0.00000E+00  0.00000E+00  0.74324E+04  0.88585E+04  0.16291E+05  0.00000E+00  0.25969E+05  0.25969E+05  0.42260E+05
 0.63500E+01  0.10010E+03  0.10010E+03  0.10010E+03  0.23392E+03  0.10010E+03  0.29815E+03  0.00000E+00  0.00000E+00  0.00000E+00  0.00000E+00  0.10010E+03  0.00000E+00  0.00000E+00  0.29815E+03  0.00000E+00  0.00000E+00  0.00000E+00  0.00000E+00  0.00000E+00  0.00000E+00  0.00000E+00  0.00000E+00  0.74324E+04  0.88585E+04  0.16291E+05  0.00000E+00  0.25969E+05  0.25969E+05  0.42260E+05
 0.64500E+01  0.10010E+03  0.10010E+03  0.10010E+03  0.23392E+03  0.10010E+03  0.29815E+03  0.00000E+00  0.00000E+00  0.00000E+00  0.00000E+00  0.10010E+03  0.00000E+00  0.00000E+00  0.29815E+03  0.00000E+00  0.00000E+00  0.00000E+00  0.00000E+00  0.00000E+00  0.00000E+00  0.00000E+00  0.00000E+00  0.74324E+04  0.88585E+04  0.16291E+05  0.00000E+00  0.25969E+05  0.25969E+05  0.42260E+05
 0.64500E+01  0.10010E+03  0.10010E+03  0.10010E+03  0.24083E+03  0.10010E+03  0.29815E+03  0.00000E+00  0.00000E+00  0.00000E+00  0.00000E+00  0.10010E+03  0.00000E+00  0.00000E+00  0.29815E+03  0.00000E+00  0.00000E+00  0.00000E+00  0.00000E+00  0.00000E+00  0.00000E+00  0.00000E+00  0.00000E+00  0.74324E+04  0.88585E+04  0.16291E+05  0.00000E+00  0.25969E+05  0.25969E+05  0.42260E+05
 0.65500E+01  0.10010E+03  0.10010E+03  0.10010E+03  0.24083E+03  0.10010E+03  0.29815E+03  0.00000E+00  0.00000E+00  0.00000E+00  0.00000E+00  0.10010E+03  0.00000E+00  0.00000E+00  0.29815E+03  0.00000E+00  0.00000E+00  0.00000E+00  0.00000E+00  0.00000E+00  0.00000E+00  0.00000E+00  0.00000E+00  0.74324E+04  0.88585E+04  0.16291E+05  0.00000E+00  0.25969E+05  0.25969E+05  0.42260E+05
 0.65500E+01  0.10010E+03  0.10010E+03  0.10010E+03  0.24798E+03  0.10010E+03  0.29815E+03  0.00000E+00  0.00000E+00  0.00000E+00  0.00000E+00  0.10010E+03  0.00000E+00  0.00000E+00  0.29815E+03  0.00000E+00  0.00000E+00  0.00000E+00  0.00000E+00  0.00000E+00  0.00000E+00  0.00000E+00  0.00000E+00  0.74324E+04  0.88585E+04  0.16291E+05  0.00000E+00  0.25969E+05  0.25969E+05  0.42260E+05
 0.66500E+01  0.10010E+03  0.10010E+03  0.10010E+03  0.24798E+03  0.10010E+03  0.29815E+03  0.00000E+00  0.00000E+00  0.00000E+00  0.00000E+00  0.10010E+03  0.00000E+00  0.00000E+00  0.29815E+03  0.00000E+00  0.00000E+00  0.00000E+00  0.00000E+00  0.00000E+00  0.00000E+00  0.00000E+00  0.00000E+00  0.74324E+04  0.88585E+04  0.16291E+05  0.00000E+00  0.25969E+05  0.25969E+05  0.42260E+05
 0.66500E+01  0.10010E+03  0.10010E+03  0.10010E+03  0.25538E+03  0.10010E+03  0.29815E+03  0.00000E+00  0.00000E+00  0.00000E+00  0.00000E+00  0.10010E+03  0.00000E+00  0.00000E+00  0.29815E+03  0.00000E+00  0.00000E+00  0.00000E+00  0.00000E+00  0.00000E+00  0.00000E+00  0.00000E+00  0.00000E+00  0.74324E+04  0.88585E+04  0.16291E+05  0.00000E+00  0.25969E+05  0.25969E+05  0.42260E+05
 0.67500E+01  0.10010E+03  0.10010E+03  0.10010E+03  0.25538E+03  0.10010E+03  0.29815E+03  0.00000E+00  0.00000E+00  0.00000E+00  0.00000E+00  0.10010E+03  0.00000E+00  0.00000E+00  0.29815E+03  0.00000E+00  0.00000E+00  0.00000E+00  0.00000E+00  0.00000E+00  0.00000E+00  0.00000E+00  0.00000E+00  0.74324E+04  0.88585E+04  0.16291E+05  0.00000E+00  0.25969E+05  0.25969E+05  0.42260E+05
 0.67500E+01  0.10010E+03  0.10010E+03  0.10010E+03  0.26302E+03  0.10010E+03  0.29815E+03  0.00000E+00  0.00000E+00  0.00000E+00  0.00000E+00  0.10010E+03  0.00000E+00  0.00000E+00  0.29815E+03  0.00000E+00  0.00000E+00  0.00000E+00  0.00000E+00  0.00000E+00  0.00000E+00  0.00000E+00  0.00000E+00  0.74324E+04  0.88585E+04  0.16291E+05  0.00000E+00  0.25969E+05  0.25969E+05  0.42260E+05
 0.68500E+01  0.10010E+03  0.10010E+03  0.10010E+03  0.26302E+03  0.10010E+03  0.29815E+03  0.00000E+00  0.00000E+00  0.00000E+00  0.00000E+00  0.10010E+03  0.00000E+00  0.00000E+00  0.29815E+03  0.00000E+00  0.00000E+00  0.00000E+00  0.00000E+00  0.00000E+00  0.00000E+00  0.00000E+00  0.00000E+00  0.74324E+04  0.88585E+04  0.16291E+05  0.00000E+00  0.25969E+05  0.25969E+05  0.42260E+05
 0.68500E+01  0.10010E+03  0.10010E+03  0.10010E+03  0.27092E+03  0.10010E+03  0.29815E+03  0.00000E+00  0.00000E+00  0.00000E+00  0.00000E+00  0.10010E+03  0.00000E+00  0.00000E+00  0.29815E+03  0.00000E+00  0.00000E+00  0.00000E+00  0.00000E+00  0.00000E+00  0.00000E+00  0.00000E+00  0.00000E+00  0.74324E+04  0.88585E+04  0.16291E+05  0.00000E+00  0.25969E+05  0.25969E+05  0.42260E+05
 0.69500E+01  0.10010E+03  0.10010E+03  0.10010E+03  0.27092E+03  0.10010E+03  0.29815E+03  0.00000E+00  0.00000E+00  0.00000E+00  0.00000E+00  0.10010E+03  0.00000E+00  0.00000E+00  0.29815E+03  0.00000E+00  0.00000E+00  0.00000E+00  0.00000E+00  0.00000E+00  0.00000E+00  0.00000E+00  0.00000E+00  0.74324E+04  0.88585E+04  0.16291E+05  0.00000E+00  0.25969E+05  0.25969E+05  0.42260E+05
 0.69500E+01  0.10010E+03  0.10010E+03  0.10010E+03  0.27906E+03  0.10010E+03  0.29815E+03  0.00000E+00  0.00000E+00  0.00000E+00  0.00000E+00  0.10010E+03  0.00000E+00  0.00000E+00  0.29815E+03  0.00000E+00  0.00000E+00  0.00000E+00  0.00000E+00  0.00000E+00  0.00000E+00  0.00000E+00  0.00000E+00  0.74324E+04  0.88585E+04  0.16291E+05  0.00000E+00  0.25969E+05  0.25969E+05  0.42260E+05
 0.70500E+01  0.10010E+03  0.10010E+03  0.10010E+03  0.27906E+03  0.10010E+03  0.29815E+03  0.00000E+00  0.00000E+00  0.00000E+00  0.00000E+00  0.10010E+03  0.00000E+00  0.00000E+00  0.29815E+03  0.00000E+00  0.00000E+00  0.00000E+00  0.00000E+00  0.00000E+00  0.00000E+00  0.00000E+00  0.00000E+00  0.74324E+04  0.88585E+04  0.16291E+05  0.00000E+00  0.25969E+05  0.25969E+05  0.42260E+05
 0.70500E+01  0.10010E+03  0.10010E+03  0.10010E+03  0.28745E+03  0.10010E+03  0.29815E+03  0.00000E+00  0.00000E+00  0.00000E+00  0.00000E+00  0.10010E+03  0.00000E+00  0.00000E+00  0.29815E+03  0.00000E+00  0.00000E+00  0.00000E+00  0.00000E+00  0.00000E+00  0.00000E+00  0.00000E+00  0.00000E+00  0.74324E+04  0.88585E+04  0.16291E+05  0.00000E+00  0.25969E+05  0.25969E+05  0.42260E+05
 0.71500E+01  0.10010E+03  0.10010E+03  0.10010E+03  0.28745E+03  0.10010E+03  0.29815E+03  0.00000E+00  0.00000E+00  0.00000E+00  0.00000E+00  0.10010E+03  0.00000E+00  0.00000E+00  0.29815E+03  0.00000E+00  0.00000E+00  0.00000E+00  0.00000E+00  0.00000E+00  0.00000E+00  0.00000E+00  0.00000E+00  0.74324E+04  0.88585E+04  0.16291E+05  0.00000E+00  0.25969E+05  0.25969E+05  0.42260E+05
 0.71500E+01  0.10010E+03  0.10010E+03  0.10010E+03  0.29608E+03  0.10010E+03  0.29815E+03  0.00000E+00  0.00000E+00  0.00000E+00  0.00000E+00  0.10010E+03  0.00000E+00  0.00000E+00  0.29815E+03  0.00000E+00  0.00000E+00  0.00000E+00  0.00000E+00  0.00000E+00  0.00000E+00  0.00000E+00  0.00000E+00  0.74324E+04  0.88585E+04  0.16291E+05  0.00000E+00  0.25969E+05  0.25969E+05  0.42260E+05
 0.72500E+01  0.10010E+03  0.10010E+03  0.10010E+03  0.29608E+03  0.10010E+03  0.29815E+03  0.00000E+00  0.00000E+00  0.00000E+00  0.00000E+00  0.10010E+03  0.00000E+00  0.00000E+00  0.29815E+03  0.00000E+00  0.00000E+00  0.00000E+00  0.00000E+00  0.00000E+00  0.00000E+00  0.00000E+00  0.00000E+00  0.74324E+04  0.88585E+04  0.16291E+05  0.00000E+00  0.25969E+05  0.25969E+05  0.42260E+05
 0.72500E+01  0.10010E+03  0.10010E+03  0.10010E+03  0.30495E+03  0.10010E+03  0.29815E+03  0.00000E+00  0.00000E+00  0.00000E+00  0.00000E+00  0.10010E+03  0.00000E+00  0.00000E+00  0.29815E+03  0.00000E+00  0.00000E+00  0.00000E+00  0.00000E+00  0.00000E+00  0.00000E+00  0.00000E+00  0.00000E+00  0.74324E+04  0.88585E+04  0.16291E+05  0.00000E+00  0.25969E+05  0.25969E+05  0.42260E+05
 0.73500E+01  0.10010E+03  0.10010E+03  0.10010E+03  0.30495E+03  0.10010E+03  0.29815E+03  0.00000E+00  0.00000E+00  0.00000E+00  0.00000E+00  0.10010E+03  0.00000E+00  0.00000E+00  0.29815E+03  0.00000E+00  0.00000E+00  0.00000E+00  0.00000E+00  0.00000E+00  0.00000E+00  0.00000E+00  0.00000E+00  0.74324E+04  0.88585E+04  0.16291E+05  0.00000E+00  0.25969E+05  0.25969E+05  0.42260E+05
 0.73500E+01  0.10010E+03  0.10010E+03  0.10010E+03  0.31403E+03  0.10010E+03  0.29815E+03  0.00000E+00  0.00000E+00  0.00000E+00  0.00000E+00  0.10010E+03  0.00000E+00  0.00000E+00  0.29815E+03  0.00000E+00  0.00000E+00  0.00000E+00  0.00000E+00  0.00000E+00  0.00000E+00  0.00000E+00  0.00000E+00  0.74324E+04  0.88585E+04  0.16291E+05  0.00000E+00  0.25969E+05  0.25969E+05  0.42260E+05
 0.74500E+01  0.10010E+03  0.10010E+03  0.10010E+03  0.31403E+03  0.10010E+03  0.29815E+03  0.00000E+00  0.00000E+00  0.00000E+00  0.00000E+00  0.10010E+03  0.00000E+00  0.00000E+00  0.29815E+03  0.00000E+00  0.00000E+00  0.00000E+00  0.00000E+00  0.00000E+00  0.00000E+00  0.00000E+00  0.00000E+00  0.74324E+04  0.88585E+04  0.16291E+05  0.00000E+00  0.25969E+05  0.25969E+05  0.42260E+05
 0.74500E+01  0.10010E+03  0.10010E+03  0.10010E+03  0.32333E+03  0.10010E+03  0.29815E+03  0.00000E+00  0.00000E+00  0.00000E+00  0.00000E+00  0.10010E+03  0.00000E+00  0.00000E+00  0.29815E+03  0.00000E+00  0.00000E+00  0.00000E+00  0.00000E+00  0.00000E+00  0.00000E+00  0.00000E+00  0.00000E+00  0.74324E+04  0.88585E+04  0.16291E+05  0.00000E+00  0.25969E+05  0.25969E+05  0.42260E+05
 0.75500E+01  0.10010E+03  0.10010E+03  0.10010E+03  0.32333E+03  0.10010E+03  0.29815E+03  0.00000E+00  0.00000E+00  0.00000E+00  0.00000E+00  0.10010E+03  0.00000E+00  0.00000E+00  0.29815E+03  0.00000E+00  0.00000E+00  0.00000E+00  0.00000E+00  0.00000E+00  0.00000E+00  0.00000E+00  0.00000E+00  0.74324E+04  0.88585E+04  0.16291E+05  0.00000E+00  0.25969E+05  0.25969E+05  0.42260E+05
 0.75500E+01  0.10010E+03  0.10010E+03  0.10010E+03  0.33284E+03  0.10010E+03  0.29815E+03  0.00000E+00  0.00000E+00  0.00000E+00  0.00000E+00  0.10010E+03  0.00000E+00  0.00000E+00  0.29815E+03  0.00000E+00  0.00000E+00  0.00000E+00  0.00000E+00  0.00000E+00  0.00000E+00  0.00000E+00  0.00000E+00  0.74324E+04  0.88585E+04  0.16291E+05  0.00000E+00  0.25969E+05  0.25969E+05  0.42260E+05
 0.76500E+01  0.10010E+03  0.10010E+03  0.10010E+03  0.33284E+03  0.10010E+03  0.29815E+03  0.00000E+00  0.00000E+00  0.00000E+00  0.00000E+00  0.10010E+03  0.00000E+00  0.00000E+00  0.29815E+03  0.00000E+00  0.00000E+00  0.00000E+00  0.00000E+00  0.00000E+00  0.00000E+00  0.00000E+00  0.00000E+00  0.74324E+04  0.88585E+04  0.16291E+05  0.00000E+00  0.25969E+05  0.25969E+05  0.42260E+05
 0.76500E+01  0.10010E+03  0.10010E+03  0.10010E+03  0.34254E+03  0.10010E+03  0.29815E+03  0.00000E+00  0.00000E+00  0.00000E+00  0.00000E+00  0.10010E+03  0.00000E+00  0.00000E+00  0.29815E+03  0.00000E+00  0.00000E+00  0.00000E+00  0.00000E+00  0.00000E+00  0.00000E+00  0.00000E+00  0.00000E+00  0.74324E+04  0.88585E+04  0.16291E+05  0.00000E+00  0.25969E+05  0.25969E+05  0.42260E+05
 0.77500E+01  0.10010E+03  0.10010E+03  0.10010E+03  0.34254E+03  0.10010E+03  0.29815E+03  0.00000E+00  0.00000E+00  0.00000E+00  0.00000E+00  0.10010E+03  0.00000E+00  0.00000E+00  0.29815E+03  0.00000E+00  0.00000E+00  0.00000E+00  0.00000E+00  0.00000E+00  0.00000E+00  0.00000E+00  0.00000E+00  0.74324E+04  0.88585E+04  0.16291E+05  0.00000E+00  0.25969E+05  0.25969E+05  0.42260E+05
 0.77500E+01  0.10010E+03  0.10010E+03  0.10010E+03  0.35243E+03  0.10010E+03  0.29815E+03  0.00000E+00  0.00000E+00  0.00000E+00  0.00000E+00  0.10010E+03  0.00000E+00  0.00000E+00  0.29815E+03  0.00000E+00  0.00000E+00  0.00000E+00  0.00000E+00  0.00000E+00  0.00000E+00  0.00000E+00  0.00000E+00  0.74324E+04  0.88585E+04  0.16291E+05  0.00000E+00  0.25969E+05  0.25969E+05  0.42260E+05
 0.78500E+01  0.10010E+03  0.10010E+03  0.10010E+03  0.35243E+03  0.10010E+03  0.29815E+03  0.00000E+00  0.00000E+00  0.00000E+00  0.00000E+00  0.10010E+03  0.00000E+00  0.00000E+00  0.29815E+03  0.00000E+00  0.00000E+00  0.00000E+00  0.00000E+00  0.00000E+00  0.00000E+00  0.00000E+00  0.00000E+00  0.74324E+04  0.88585E+04  0.16291E+05  0.00000E+00  0.25969E+05  0.25969E+05  0.42260E+05
 0.78500E+01  0.10010E+03  0.10010E+03  0.10010E+03  0.36254E+03  0.10010E+03  0.29815E+03  0.00000E+00  0.00000E+00  0.00000E+00  0.00000E+00  0.10010E+03  0.00000E+00  0.00000E+00  0.29815E+03  0.00000E+00  0.00000E+00  0.00000E+00  0.00000E+00  0.00000E+00  0.00000E+00  0.00000E+00  0.00000E+00  0.74324E+04  0.88585E+04  0.16291E+05  0.00000E+00  0.25969E+05  0.25969E+05  0.42260E+05
 0.79500E+01  0.10010E+03  0.10010E+03  0.10010E+03  0.36254E+03  0.10010E+03  0.29815E+03  0.00000E+00  0.00000E+00  0.00000E+00  0.00000E+00  0.10010E+03  0.00000E+00  0.00000E+00  0.29815E+03  0.00000E+00  0.00000E+00  0.00000E+00  0.00000E+00  0.00000E+00  0.00000E+00  0.00000E+00  0.00000E+00  0.74324E+04  0.88585E+04  0.16291E+05  0.00000E+00  0.25969E+05  0.25969E+05  0.42260E+05
 0.79500E+01  0.10010E+03  0.10010E+03  0.10010E+03  0.37288E+03  0.10010E+03  0.29815E+03  0.00000E+00  0.00000E+00  0.00000E+00  0.00000E+00  0.10010E+03  0.00000E+00  0.00000E+00  0.29815E+03  0.00000E+00  0.00000E+00  0.00000E+00  0.00000E+00  0.00000E+00  0.00000E+00  0.00000E+00  0.00000E+00  0.74324E+04  0.88585E+04  0.16291E+05  0.00000E+00  0.25969E+05  0.25969E+05  0.42260E+05
 0.80500E+01  0.10010E+03  0.10010E+03  0.10010E+03  0.37288E+03  0.10010E+03  0.29815E+03  0.00000E+00  0.00000E+00  0.00000E+00  0.00000E+00  0.10010E+03  0.00000E+00  0.00000E+00  0.29815E+03  0.00000E+00  0.00000E+00  0.00000E+00  0.00000E+00  0.00000E+00  0.00000E+00  0.00000E+00  0.00000E+00  0.74324E+04  0.88585E+04  0.16291E+05  0.00000E+00  0.25969E+05  0.25969E+05  0.42260E+05
 0.80500E+01  0.10010E+03  0.10010E+03  0.10010E+03  0.38350E+03  0.10010E+03  0.29815E+03  0.00000E+00  0.00000E+00  0.00000E+00  0.00000E+00  0.10010E+03  0.00000E+00  0.00000E+00  0.29815E+03  0.00000E+00  0.00000E+00  0.00000E+00  0.00000E+00  0.00000E+00  0.00000E+00  0.00000E+00  0.00000E+00  0.74324E+04  0.88585E+04  0.16291E+05  0.00000E+00  0.25969E+05  0.25969E+05  0.42260E+05
 0.81500E+01  0.10010E+03  0.10010E+03  0.10010E+03  0.38350E+03  0.10010E+03  0.29815E+03  0.00000E+00  0.00000E+00  0.00000E+00  0.00000E+00  0.10010E+03  0.00000E+00  0.00000E+00  0.29815E+03  0.00000E+00  0.00000E+00  0.00000E+00  0.00000E+00  0.00000E+00  0.00000E+00  0.00000E+00  0.00000E+00  0.74324E+04  0.88585E+04  0.16291E+05  0.00000E+00  0.25969E+05  0.25969E+05  0.42260E+05
 0.81500E+01  0.10010E+03  0.10010E+03  0.10010E+03  0.39448E+03  0.10010E+03  0.29815E+03  0.00000E+00  0.00000E+00  0.00000E+00  0.00000E+00  0.10010E+03  0.00000E+00  0.00000E+00  0.29815E+03  0.00000E+00  0.00000E+00  0.00000E+00  0.00000E+00  0.00000E+00  0.00000E+00  0.00000E+00  0.00000E+00  0.74324E+04  0.88585E+04  0.16291E+05  0.00000E+00  0.25969E+05  0.25969E+05  0.42260E+05
 0.82500E+01  0.10010E+03  0.10010E+03  0.10010E+03  0.39448E+03  0.10010E+03  0.29815E+03  0.00000E+00  0.00000E+00  0.00000E+00  0.00000E+00  0.10010E+03  0.00000E+00  0.00000E+00  0.29815E+03  0.00000E+00  0.00000E+00  0.00000E+00  0.00000E+00  0.00000E+00  0.00000E+00  0.00000E+00  0.00000E+00  0.74324E+04  0.88585E+04  0.16291E+05  0.00000E+00  0.25969E+05  0.25969E+05  0.42260E+05
 0.82500E+01  0.10010E+03  0.10010E+03  0.10010E+03  0.40588E+03  0.10010E+03  0.29815E+03  0.00000E+00  0.00000E+00  0.00000E+00  0.00000E+00  0.10010E+03  0.00000E+00  0.00000E+00  0.29815E+03  0.00000E+00  0.00000E+00  0.00000E+00  0.00000E+00  0.00000E+00  0.00000E+00  0.00000E+00  0.00000E+00  0.74324E+04  0.88585E+04  0.16291E+05  0.00000E+00  0.25969E+05  0.25969E+05  0.42260E+05
 0.83500E+01  0.10010E+03  0.10010E+03  0.10010E+03  0.40588E+03  0.10010E+03  0.29815E+03  0.00000E+00  0.00000E+00  0.00000E+00  0.00000E+00  0.10010E+03  0.00000E+00  0.00000E+00  0.29815E+03  0.00000E+00  0.00000E+00  0.00000E+00  0.00000E+00  0.00000E+00  0.00000E+00  0.00000E+00  0.00000E+00  0.74324E+04  0.88585E+04  0.16291E+05  0.00000E+00  0.25969E+05  0.25969E+05  0.42260E+05
 0.83500E+01  0.10010E+03  0.10010E+03  0.10010E+03  0.41781E+03  0.10010E+03  0.29815E+03  0.00000E+00  0.00000E+00  0.00000E+00  0.00000E+00  0.10010E+03  0.00000E+00  0.00000E+00  0.29815E+03  0.00000E+00  0.00000E+00  0.00000E+00  0.00000E+00  0.00000E+00  0.00000E+00  0.00000E+00  0.00000E+00  0.74324E+04  0.88585E+04  0.16291E+05  0.00000E+00  0.25969E+05  0.25969E+05  0.42260E+05
 0.84500E+01  0.10010E+03  0.10010E+03  0.10010E+03  0.41781E+03  0.10010E+03  0.29815E+03  0.00000E+00  0.00000E+00  0.00000E+00  0.00000E+00  0.10010E+03  0.00000E+00  0.00000E+00  0.29815E+03  0.00000E+00  0.00000E+00  0.00000E+00  0.00000E+00  0.00000E+00  0.00000E+00  0.00000E+00  0.00000E+00  0.74324E+04  0.88585E+04  0.16291E+05  0.00000E+00  0.25969E+05  0.25969E+05  0.42260E+05
 0.84500E+01  0.10010E+03  0.10010E+03  0.10010E+03  0.43032E+03  0.10010E+03  0.29815E+03  0.00000E+00  0.00000E+00  0.00000E+00  0.00000E+00  0.10010E+03  0.00000E+00  0.00000E+00  0.29815E+03  0.00000E+00  0.00000E+00  0.00000E+00  0.00000E+00  0.00000E+00  0.00000E+00  0.00000E+00  0.00000E+00  0.74324E+04  0.88585E+04  0.16291E+05  0.00000E+00  0.25969E+05  0.25969E+05  0.42260E+05
 0.85500E+01  0.10010E+03  0.10010E+03  0.10010E+03  0.43032E+03  0.10010E+03  0.29815E+03  0.00000E+00  0.00000E+00  0.00000E+00  0.00000E+00  0.10010E+03  0.00000E+00  0.00000E+00  0.29815E+03  0.00000E+00  0.00000E+00  0.00000E+00  0.00000E+00  0.00000E+00  0.00000E+00  0.00000E+00  0.00000E+00  0.74324E+04  0.88585E+04  0.16291E+05  0.00000E+00  0.25969E+05  0.25969E+05  0.42260E+05
 0.85500E+01  0.10010E+03  0.10010E+03  0.10010E+03  0.44341E+03  0.10010E+03  0.29815E+03  0.00000E+00  0.00000E+00  0.00000E+00  0.00000E+00  0.10010E+03  0.00000E+00  0.00000E+00  0.29815E+03  0.00000E+00  0.00000E+00  0.00000E+00  0.00000E+00  0.00000E+00  0.00000E+00  0.00000E+00  0.00000E+00  0.74324E+04  0.88585E+04  0.16291E+05  0.00000E+00  0.25969E+05  0.25969E+05  0.42260E+05
 0.86500E+01  0.10010E+03  0.10010E+03  0.10010E+03  0.44341E+03  0.10010E+03  0.29815E+03  0.00000E+00  0.00000E+00  0.00000E+00  0.00000E+00  0.10010E+03  0.00000E+00  0.00000E+00  0.29815E+03  0.00000E+00  0.00000E+00  0.00000E+00  0.00000E+00  0.00000E+00  0.00000E+00  0.00000E+00  0.00000E+00  0.74324E+04  0.88585E+04  0.16291E+05  0.00000E+00  0.25969E+05  0.25969E+05  0.42260E+05
 0.86500E+01  0.10010E+03  0.10010E+03  0.10010E+03  0.45705E+03  0.10010E+03  0.29815E+03  0.00000E+00  0.00000E+00  0.00000E+00  0.00000E+00  0.10010E+03  0.00000E+00  0.00000E+00  0.29815E+03  0.00000E+00  0.00000E+00  0.00000E+00  0.00000E+00  0.00000E+00  0.00000E+00  0.00000E+00  0.00000E+00  0.74324E+04  0.88585E+04  0.16291E+05  0.00000E+00  0.25969E+05  0.25969E+05  0.42260E+05
 0.87500E+01  0.10010E+03  0.10010E+03  0.10010E+03  0.45705E+03  0.10010E+03  0.29815E+03  0.00000E+00  0.00000E+00  0.00000E+00  0.00000E+00  0.10010E+03  0.00000E+00  0.00000E+00  0.29815E+03  0.00000E+00  0.00000E+00  0.00000E+00  0.00000E+00  0.00000E+00  0.00000E+00  0.00000E+00  0.00000E+00  0.74324E+04  0.88585E+04  0.16291E+05  0.00000E+00  0.25969E+05  0.25969E+05  0.42260E+05
 0.87500E+01  0.10010E+03  0.10010E+03  0.10010E+03  0.47107E+03  0.10010E+03  0.29815E+03  0.00000E+00  0.00000E+00  0.00000E+00  0.00000E+00  0.10010E+03  0.00000E+00  0.00000E+00  0.29815E+03  0.00000E+00  0.00000E+00  0.00000E+00  0.00000E+00  0.00000E+00  0.00000E+00  0.00000E+00  0.00000E+00  0.74324E+04  0.88585E+04  0.16291E+05  0.00000E+00  0.25969E+05  0.25969E+05  0.42260E+05
 0.88500E+01  0.10010E+03  0.10010E+03  0.10010E+03  0.47107E+03  0.10010E+03  0.29815E+03  0.00000E+00  0.00000E+00  0.00000E+00  0.00000E+00  0.10010E+03  0.00000E+00  0.00000E+00  0.29815E+03  0.00000E+00  0.00000E+00  0.00000E+00  0.00000E+00  0.00000E+00  0.00000E+00  0.00000E+00  0.00000E+00  0.74324E+04  0.88585E+04  0.16291E+05  0.00000E+00  0.25969E+05  0.25969E+05  0.42260E+05
 0.88500E+01  0.10010E+03  0.10010E+03  0.10010E+03  0.48526E+03  0.10010E+03  0.29815E+03  0.00000E+00  0.00000E+00  0.00000E+00  0.00000E+00  0.10010E+03  0.00000E+00  0.00000E+00  0.29815E+03  0.00000E+00  0.00000E+00  0.00000E+00  0.00000E+00  0.00000E+00  0.00000E+00  0.00000E+00  0.00000E+00  0.74324E+04  0.88585E+04  0.16291E+05  0.00000E+00  0.25969E+05  0.25969E+05  0.42260E+05
 0.89500E+01  0.10010E+03  0.10010E+03  0.10010E+03  0.48526E+03  0.10010E+03  0.29815E+03  0.00000E+00  0.00000E+00  0.00000E+00  0.00000E+00  0.10010E+03  0.00000E+00  0.00000E+00  0.29815E+03  0.00000E+00  0.00000E+00  0.00000E+00  0.00000E+00  0.00000E+00  0.00000E+00  0.00000E+00  0.00000E+00  0.74324E+04  0.88585E+04  0.16291E+05  0.00000E+00  0.25969E+05  0.25969E+05  0.42260E+05
 0.89500E+01  0.10010E+03  0.10010E+03  0.10010E+03  0.49950E+03  0.10010E+03  0.29815E+03  0.00000E+00  0.00000E+00  0.00000E+00  0.00000E+00  0.10010E+03  0.00000E+00  0.00000E+00  0.29815E+03  0.00000E+00  0.00000E+00  0.00000E+00  0.00000E+00  0.00000E+00  0.00000E+00  0.00000E+00  0.00000E+00  0.74324E+04  0.88585E+04  0.16291E+05  0.00000E+00  0.25969E+05  0.25969E+05  0.42260E+05
 0.90500E+01  0.10010E+03  0.10010E+03  0.10010E+03  0.49950E+03  0.10010E+03  0.29815E+03  0.00000E+00  0.00000E+00  0.00000E+00  0.00000E+00  0.10010E+03  0.00000E+00  0.00000E+00  0.29815E+03  0.00000E+00  0.00000E+00  0.00000E+00  0.00000E+00  0.00000E+00  0.00000E+00  0.00000E+00  0.00000E+00  0.74324E+04  0.88585E+04  0.16291E+05  0.00000E+00  0.25969E+05  0.25969E+05  0.42260E+05
 0.90500E+01  0.10010E+03  0.10010E+03  0.10010E+03  0.51488E+03  0.10010E+03  0.29815E+03  0.00000E+00  0.00000E+00  0.00000E+00  0.00000E+00  0.10010E+03  0.00000E+00  0.00000E+00  0.29815E+03  0.00000E+00  0.00000E+00  0.00000E+00  0.00000E+00  0.00000E+00  0.00000E+00  0.00000E+00  0.00000E+00  0.74324E+04  0.88585E+04  0.16291E+05  0.00000E+00  0.25969E+05  0.25969E+05  0.42260E+05
 0.91500E+01  0.10010E+03  0.10010E+03  0.10010E+03  0.51488E+03  0.10010E+03  0.29815E+03  0.00000E+00  0.00000E+00  0.00000E+00  0.00000E+00  0.10010E+03  0.00000E+00  0.00000E+00  0.29815E+03  0.00000E+00  0.00000E+00  0.00000E+00  0.00000E+00  0.00000E+00  0.00000E+00  0.00000E+00  0.00000E+00  0.74324E+04  0.88585E+04  0.16291E+05  0.00000E+00  0.25969E+05  0.25969E+05  0.42260E+05
 0.91500E+01  0.10010E+03  0.10010E+03  0.10010E+03  0.52536E+03  0.10010E+03  0.29815E+03  0.00000E+00  0.00000E+00  0.00000E+00  0.00000E+00  0.10010E+03  0.00000E+00  0.00000E+00  0.29815E+03  0.00000E+00  0.00000E+00  0.00000E+00  0.00000E+00  0.00000E+00  0.00000E+00  0.00000E+00  0.00000E+00  0.74324E+04  0.88585E+04  0.16291E+05  0.00000E+00  0.25969E+05  0.25969E+05  0.42260E+05
 0.92500E+01  0.10010E+03  0.10010E+03  0.10010E+03  0.52536E+03  0.10010E+03  0.29815E+03  0.00000E+00  0.00000E+00  0.00000E+00  0.00000E+00  0.10010E+03  0.00000E+00  0.00000E+00  0.29815E+03  0.00000E+00  0.00000E+00  0.00000E+00  0.00000E+00  0.00000E+00  0.00000E+00  0.00000E+00  0.00000E+00  0.74324E+04  0.88585E+04  0.16291E+05  0.00000E+00  0.25969E+05  0.25969E+05  0.42260E+05
 0.92500E+01  0.10010E+03  0.10010E+03  0.10010E+03  0.53629E+03  0.10010E+03  0.29815E+03  0.00000E+00  0.00000E+00  0.00000E+00  0.00000E+00  0.10010E+03  0.00000E+00  0.00000E+00  0.29815E+03  0.00000E+00  0.00000E+00  0.00000E+00  0.00000E+00  0.00000E+00  0.00000E+00  0.00000E+00  0.00000E+00  0.74324E+04  0.88585E+04  0.16291E+05  0.00000E+00  0.25969E+05  0.25969E+05  0.42260E+05
 0.93500E+01  0.10010E+03  0.10010E+03  0.10010E+03  0.53629E+03  0.10010E+03  0.29815E+03  0.00000E+00  0.00000E+00  0.00000E+00  0.00000E+00  0.10010E+03  0.00000E+00  0.00000E+00  0.29815E+03  0.00000E+00  0.00000E+00  0.00000E+00  0.00000E+00  0.00000E+00  0.00000E+00  0.00000E+00  0.00000E+00  0.74324E+04  0.88585E+04  0.16291E+05  0.00000E+00  0.25969E+05  0.25969E+05  0.42260E+05
 0.93500E+01  0.10010E+03  0.10010E+03  0.10010E+03  0.54765E+03  0.10010E+03  0.29815E+03  0.00000E+00  0.00000E+00  0.00000E+00  0.00000E+00  0.10010E+03  0.00000E+00  0.00000E+00  0.29815E+03  0.00000E+00  0.00000E+00  0.00000E+00  0.00000E+00  0.00000E+00  0.00000E+00  0.00000E+00  0.00000E+00  0.74324E+04  0.88585E+04  0.16291E+05  0.00000E+00  0.25969E+05  0.25969E+05  0.42260E+05
 0.94500E+01  0.10010E+03  0.10010E+03  0.10010E+03  0.54765E+03  0.10010E+03  0.29815E+03  0.00000E+00  0.00000E+00  0.00000E+00  0.00000E+00  0.10010E+03  0.00000E+00  0.00000E+00  0.29815E+03  0.00000E+00  0.00000E+00  0.00000E+00  0.00000E+00  0.00000E+00  0.00000E+00  0.00000E+00  0.00000E+00  0.74324E+04  0.88585E+04  0.16291E+05  0.00000E+00  0.25969E+05  0.25969E+05  0.42260E+05
 0.94500E+01  0.10010E+03  0.10010E+03  0.10010E+03  0.55854E+03  0.10010E+03  0.29815E+03  0.00000E+00  0.00000E+00  0.00000E+00  0.00000E+00  0.10010E+03  0.00000E+00  0.00000E+00  0.29815E+03  0.00000E+00  0.00000E+00  0.00000E+00  0.00000E+00  0.00000E+00  0.00000E+00  0.00000E+00  0.00000E+00  0.74324E+04  0.88585E+04  0.16291E+05  0.00000E+00  0.25969E+05  0.25969E+05  0.42260E+05
 0.95500E+01  0.10010E+03  0.10010E+03  0.10010E+03  0.55854E+03  0.10010E+03  0.29815E+03  0.00000E+00  0.00000E+00  0.00000E+00  0.00000E+00  0.10010E+03  0.00000E+00  0.00000E+00  0.29815E+03  0.00000E+00  0.00000E+00  0.00000E+00  0.00000E+00  0.00000E+00  0.00000E+00  0.00000E+00  0.00000E+00  0.74324E+04  0.88585E+04  0.16291E+05  0.00000E+00  0.25969E+05  0.25969E+05  0.42260E+05
 0.95500E+01  0.10010E+03  0.10010E+03  0.10010E+03  0.56831E+03  0.10010E+03  0.29815E+03  0.00000E+00  0.00000E+00  0.00000E+00  0.00000E+00  0.10010E+03  0.00000E+00  0.00000E+00  0.29815E+03  0.00000E+00  0.00000E+00  0.00000E+00  0.00000E+00  0.00000E+00  0.00000E+00  0.00000E+00  0.00000E+00  0.74324E+04  0.88585E+04  0.16291E+05  0.00000E+00  0.25969E+05  0.25969E+05  0.42260E+05
 0.96500E+01  0.10010E+03  0.10010E+03  0.10010E+03  0.56831E+03  0.10010E+03  0.29815E+03  0.00000E+00  0.00000E+00  0.00000E+00  0.00000E+00  0.10010E+03  0.00000E+00  0.00000E+00  0.29815E+03  0.00000E+00  0.00000E+00  0.00000E+00  0.00000E+00  0.00000E+00  0.00000E+00  0.00000E+00  0.00000E+00  0.74324E+04  0.88585E+04  0.16291E+05  0.00000E+00  0.25969E+05  0.25969E+05  0.42260E+05
 0.96500E+01  0.10010E+03  0.10010E+03  0.10010E+03  0.57700E+03  0.10010E+03  0.29815E+03  0.00000E+00  0.00000E+00  0.00000E+00  0.00000E+00  0.10010E+03  0.00000E+00  0.00000E+00  0.29815E+03  0.00000E+00  0.00000E+00  0.00000E+00  0.00000E+00  0.00000E+00  0.00000E+00  0.00000E+00  0.00000E+00  0.74324E+04  0.88585E+04  0.16291E+05  0.00000E+00  0.25969E+05  0.25969E+05  0.42260E+05
 0.97500E+01  0.10010E+03  0.10010E+03  0.10010E+03  0.57700E+03  0.10010E+03  0.29815E+03  0.00000E+00  0.00000E+00  0.00000E+00  0.00000E+00  0.10010E+03  0.00000E+00  0.00000E+00  0.29815E+03  0.00000E+00  0.00000E+00  0.00000E+00  0.00000E+00  0.00000E+00  0.00000E+00  0.00000E+00  0.00000E+00  0.74324E+04  0.88585E+04  0.16291E+05  0.00000E+00  0.25969E+05  0.25969E+05  0.42260E+05
 0.97500E+01  0.10010E+03  0.10010E+03  0.10010E+03  0.58458E+03  0.10010E+03  0.29815E+03  0.00000E+00  0.00000E+00  0.00000E+00  0.00000E+00  0.10010E+03  0.00000E+00  0.00000E+00  0.29815E+03  0.00000E+00  0.00000E+00  0.00000E+00  0.00000E+00  0.00000E+00  0.00000E+00  0.00000E+00  0.00000E+00  0.74324E+04  0.88585E+04  0.16291E+05  0.00000E+00  0.25969E+05  0.25969E+05  0.42260E+05
 0.98500E+01  0.10010E+03  0.10010E+03  0.10010E+03  0.58458E+03  0.10010E+03  0.29815E+03  0.00000E+00  0.00000E+00  0.00000E+00  0.00000E+00  0.10010E+03  0.00000E+00  0.00000E+00  0.29815E+03  0.00000E+00  0.00000E+00  0.00000E+00  0.00000E+00  0.00000E+00  0.00000E+00  0.00000E+00  0.00000E+00  0.74324E+04  0.88585E+04  0.16291E+05  0.00000E+00  0.25969E+05  0.25969E+05  0.42260E+05
 0.98500E+01  0.10010E+03  0.10010E+03  0.10010E+03  0.59096E+03  0.10010E+03  0.29815E+03  0.00000E+00  0.00000E+00  0.00000E+00  0.00000E+00  0.10010E+03  0.00000E+00  0.00000E+00  0.29815E+03  0.00000E+00  0.00000E+00  0.00000E+00  0.00000E+00  0.00000E+00  0.00000E+00  0.00000E+00  0.00000E+00  0.74324E+04  0.88585E+04  0.16291E+05  0.00000E+00  0.25969E+05  0.25969E+05  0.42260E+05
 0.99500E+01  0.10010E+03  0.10010E+03  0.10010E+03  0.59096E+03  0.10010E+03  0.29815E+03  0.00000E+00  0.00000E+00  0.00000E+00  0.00000E+00  0.10010E+03  0.00000E+00  0.00000E+00  0.29815E+03  0.00000E+00  0.00000E+00  0.00000E+00  0.00000E+00  0.00000E+00  0.00000E+00  0.00000E+00  0.00000E+00  0.74324E+04  0.88585E+04  0.16291E+05  0.00000E+00  0.25969E+05  0.25969E+05  0.42260E+05
 0.99500E+01  0.10010E+03  0.10010E+03  0.10010E+03  0.59611E+03  0.10010E+03  0.29815E+03  0.00000E+00  0.00000E+00  0.00000E+00  0.00000E+00  0.10010E+03  0.00000E+00  0.00000E+00  0.29815E+03  0.00000E+00  0.00000E+00  0.00000E+00  0.00000E+00  0.00000E+00  0.00000E+00  0.00000E+00  0.00000E+00  0.74324E+04  0.88585E+04  0.16291E+05  0.00000E+00  0.25969E+05  0.25969E+05  0.42260E+05
 0.10050E+02  0.10010E+03  0.10010E+03  0.10010E+03  0.59611E+03  0.10010E+03  0.29815E+03  0.00000E+00  0.00000E+00  0.00000E+00  0.00000E+00  0.10010E+03  0.00000E+00  0.00000E+00  0.29815E+03  0.00000E+00  0.00000E+00  0.00000E+00  0.00000E+00  0.00000E+00  0.00000E+00  0.00000E+00  0.00000E+00  0.74324E+04  0.88585E+04  0.16291E+05  0.00000E+00  0.25969E+05  0.25969E+05  0.42260E+05
 0.10050E+02  0.10010E+03  0.10010E+03  0.10010E+03  0.60004E+03  0.10010E+03  0.29815E+03  0.00000E+00  0.00000E+00  0.00000E+00  0.00000E+00  0.10010E+03  0.00000E+00  0.00000E+00  0.29815E+03  0.00000E+00  0.00000E+00  0.00000E+00  0.00000E+00  0.00000E+00  0.00000E+00  0.00000E+00  0.00000E+00  0.74324E+04  0.88585E+04  0.16291E+05  0.00000E+00  0.25969E+05  0.25969E+05  0.42260E+05
 0.10150E+02  0.10010E+03  0.10010E+03  0.10010E+03  0.60004E+03  0.10010E+03  0.29815E+03  0.00000E+00  0.00000E+00  0.00000E+00  0.00000E+00  0.10010E+03  0.00000E+00  0.00000E+00  0.29815E+03  0.00000E+00  0.00000E+00  0.00000E+00  0.00000E+00  0.00000E+00  0.00000E+00  0.00000E+00  0.00000E+00  0.74324E+04  0.88585E+04  0.16291E+05  0.00000E+00  0.25969E+05  0.25969E+05  0.42260E+05
 0.10150E+02  0.10010E+03  0.10010E+03  0.10010E+03  0.60287E+03  0.10010E+03  0.29815E+03  0.00000E+00  0.00000E+00  0.00000E+00  0.00000E+00  0.10010E+03  0.00000E+00  0.00000E+00  0.29815E+03  0.00000E+00  0.00000E+00  0.00000E+00  0.00000E+00  0.00000E+00  0.00000E+00  0.00000E+00  0.00000E+00  0.74324E+04  0.88585E+04  0.16291E+05  0.00000E+00  0.25969E+05  0.25969E+05  0.42260E+05
 0.10250E+02  0.10010E+03  0.10010E+03  0.10010E+03  0.60287E+03  0.10010E+03  0.29815E+03  0.00000E+00  0.00000E+00  0.00000E+00  0.00000E+00  0.10010E+03  0.00000E+00  0.00000E+00  0.29815E+03  0.00000E+00  0.00000E+00  0.00000E+00  0.00000E+00  0.00000E+00  0.00000E+00  0.00000E+00  0.00000E+00  0.74324E+04  0.88585E+04  0.16291E+05  0.00000E+00  0.25969E+05  0.25969E+05  0.42260E+05
 0.10250E+02  0.10010E+03  0.10010E+03  0.10010E+03  0.60478E+03  0.10010E+03  0.29815E+03  0.00000E+00  0.00000E+00  0.00000E+00  0.00000E+00  0.10010E+03  0.00000E+00  0.00000E+00  0.29815E+03  0.00000E+00  0.00000E+00  0.00000E+00  0.00000E+00  0.00000E+00  0.00000E+00  0.00000E+00  0.00000E+00  0.74324E+04  0.88585E+04  0.16291E+05  0.00000E+00  0.25969E+05  0.25969E+05  0.42260E+05
 0.10350E+02  0.10010E+03  0.10010E+03  0.10010E+03  0.60478E+03  0.10010E+03  0.29815E+03  0.00000E+00  0.00000E+00  0.00000E+00  0.00000E+00  0.10010E+03  0.00000E+00  0.00000E+00  0.29815E+03  0.00000E+00  0.00000E+00  0.00000E+00  0.00000E+00  0.00000E+00  0.00000E+00  0.00000E+00  0.00000E+00  0.74324E+04  0.88585E+04  0.16291E+05  0.00000E+00  0.25969E+05  0.25969E+05  0.42260E+05
 0.10350E+02  0.10010E+03  0.10010E+03  0.10010E+03  0.60598E+03  0.10010E+03  0.29815E+03  0.00000E+00  0.00000E+00  0.00000E+00  0.00000E+00  0.10010E+03  0.00000E+00  0.00000E+00  0.29815E+03  0.00000E+00  0.00000E+00  0.00000E+00  0.00000E+00  0.00000E+00  0.00000E+00  0.00000E+00  0.00000E+00  0.74324E+04  0.88585E+04  0.16291E+05  0.00000E+00  0.25969E+05  0.25969E+05  0.42260E+05
 0.10450E+02  0.10010E+03  0.10010E+03  0.10010E+03  0.60598E+03  0.10010E+03  0.29815E+03  0.00000E+00  0.00000E+00  0.00000E+00  0.00000E+00  0.10010E+03  0.00000E+00  0.00000E+00  0.29815E+03  0.00000E+00  0.00000E+00  0.00000E+00  0.00000E+00  0.00000E+00  0.00000E+00  0.00000E+00  0.00000E+00  0.74324E+04  0.88585E+04  0.16291E+05  0.00000E+00  0.25969E+05  0.25969E+05  0.42260E+05
 0.10450E+02  0.10010E+03  0.10010E+03  0.10010E+03  0.60668E+03  0.10010E+03  0.29815E+03  0.00000E+00  0.00000E+00  0.00000E+00  0.00000E+00  0.10010E+03  0.00000E+00  0.00000E+00  0.29815E+03  0.00000E+00  0.00000E+00  0.00000E+00  0.00000E+00  0.00000E+00  0.00000E+00  0.00000E+00  0.00000E+00  0.74324E+04  0.88585E+04  0.16291E+05  0.00000E+00  0.25969E+05  0.25969E+05  0.42260E+05
 0.10550E+02  0.10010E+03  0.10010E+03  0.10010E+03  0.60668E+03  0.10010E+03  0.29815E+03  0.00000E+00  0.00000E+00  0.00000E+00  0.00000E+00  0.10010E+03  0.00000E+00  0.00000E+00  0.29815E+03  0.00000E+00  0.00000E+00  0.00000E+00  0.00000E+00  0.00000E+00  0.00000E+00  0.00000E+00  0.00000E+00  0.74324E+04  0.88585E+04  0.16291E+05  0.00000E+00  0.25969E+05  0.25969E+05  0.42260E+05
 0.10550E+02  0.10010E+03  0.10010E+03  0.10010E+03  0.60705E+03  0.10010E+03  0.29815E+03  0.00000E+00  0.00000E+00  0.00000E+00  0.00000E+00  0.10010E+03  0.00000E+00  0.00000E+00  0.29815E+03  0.00000E+00  0.00000E+00  0.00000E+00  0.00000E+00  0.00000E+00  0.00000E+00  0.00000E+00  0.00000E+00  0.74324E+04  0.88585E+04  0.16291E+05  0.00000E+00  0.25969E+05  0.25969E+05  0.42260E+05
 0.10650E+02  0.10010E+03  0.10010E+03  0.10010E+03  0.60705E+03  0.10010E+03  0.29815E+03  0.00000E+00  0.00000E+00  0.00000E+00  0.00000E+00  0.10010E+03  0.00000E+00  0.00000E+00  0.29815E+03  0.00000E+00  0.00000E+00  0.00000E+00  0.00000E+00  0.00000E+00  0.00000E+00  0.00000E+00  0.00000E+00  0.74324E+04  0.88585E+04  0.16291E+05  0.00000E+00  0.25969E+05  0.25969E+05  0.42260E+05
 0.10650E+02  0.10010E+03  0.10010E+03  0.10010E+03  0.60722E+03  0.10010E+03  0.29815E+03  0.00000E+00  0.00000E+00  0.00000E+00  0.00000E+00  0.10010E+03  0.00000E+00  0.00000E+00  0.29815E+03  0.00000E+00  0.00000E+00  0.00000E+00  0.00000E+00  0.00000E+00  0.00000E+00  0.00000E+00  0.00000E+00  0.74324E+04  0.88585E+04  0.16291E+05  0.00000E+00  0.25969E+05  0.25969E+05  0.42260E+05
 0.10750E+02  0.10010E+03  0.10010E+03  0.10010E+03  0.60722E+03  0.10010E+03  0.29815E+03  0.00000E+00  0.00000E+00  0.00000E+00  0.00000E+00  0.10010E+03  0.00000E+00  0.00000E+00  0.29815E+03  0.00000E+00  0.00000E+00  0.00000E+00  0.00000E+00  0.00000E+00  0.00000E+00  0.00000E+00  0.00000E+00  0.74324E+04  0.88585E+04  0.16291E+05  0.00000E+00  0.25969E+05  0.25969E+05  0.42260E+05
 0.10750E+02  0.10010E+03  0.10010E+03  0.10010E+03  0.60725E+03  0.10010E+03  0.29815E+03  0.00000E+00  0.00000E+00  0.00000E+00  0.00000E+00  0.10010E+03  0.00000E+00  0.00000E+00  0.29815E+03  0.00000E+00  0.00000E+00  0.00000E+00  0.00000E+00  0.00000E+00  0.00000E+00  0.00000E+00  0.00000E+00  0.74324E+04  0.88585E+04  0.16291E+05  0.00000E+00  0.25969E+05  0.25969E+05  0.42260E+05
 0.10850E+02  0.10010E+03  0.10010E+03  0.10010E+03  0.60725E+03  0.10010E+03  0.29815E+03  0.00000E+00  0.00000E+00  0.00000E+00  0.00000E+00  0.10010E+03  0.00000E+00  0.00000E+00  0.29815E+03  0.00000E+00  0.00000E+00  0.00000E+00  0.00000E+00  0.00000E+00  0.00000E+00  0.00000E+00  0.00000E+00  0.74324E+04  0.88585E+04  0.16291E+05  0.00000E+00  0.25969E+05  0.25969E+05  0.42260E+05
 0.10850E+02  0.10010E+03  0.10010E+03  0.10010E+03  0.60719E+03  0.10010E+03  0.29815E+03  0.00000E+00  0.00000E+00  0.00000E+00  0.00000E+00  0.10010E+03  0.00000E+00  0.00000E+00  0.29815E+03  0.00000E+00  0.00000E+00  0.00000E+00  0.00000E+00  0.00000E+00  0.00000E+00  0.00000E+00  0.00000E+00  0.74324E+04  0.88585E+04  0.16291E+05  0.00000E+00  0.25969E+05  0.25969E+05  0.42260E+05
 0.10950E+02  0.10010E+03  0.10010E+03  0.10010E+03  0.60719E+03  0.10010E+03  0.29815E+03  0.00000E+00  0.00000E+00  0.00000E+00  0.00000E+00  0.10010E+03  0.00000E+00  0.00000E+00  0.29815E+03  0.00000E+00  0.00000E+00  0.00000E+00  0.00000E+00  0.00000E+00  0.00000E+00  0.00000E+00  0.00000E+00  0.74324E+04  0.88585E+04  0.16291E+05  0.00000E+00  0.25969E+05  0.25969E+05  0.42260E+05
 0.10950E+02  0.10010E+03  0.10010E+03  0.10010E+03  0.60706E+03  0.10010E+03  0.29815E+03  0.00000E+00  0.00000E+00  0.00000E+00  0.00000E+00  0.10010E+03  0.00000E+00  0.00000E+00  0.29815E+03  0.00000E+00  0.00000E+00  0.00000E+00  0.00000E+00  0.00000E+00  0.00000E+00  0.00000E+00  0.00000E+00  0.74324E+04  0.88585E+04  0.16291E+05  0.00000E+00  0.25969E+05  0.25969E+05  0.42260E+05
 0.11050E+02  0.10010E+03  0.10010E+03  0.10010E+03  0.60706E+03  0.10010E+03  0.29815E+03  0.00000E+00  0.00000E+00  0.00000E+00  0.00000E+00  0.10010E+03  0.00000E+00  0.00000E+00  0.29815E+03  0.00000E+00  0.00000E+00  0.00000E+00  0.00000E+00  0.00000E+00  0.00000E+00  0.00000E+00  0.00000E+00  0.74324E+04  0.88585E+04  0.16291E+05  0.00000E+00  0.25969E+05  0.25969E+05  0.42260E+05
 0.11050E+02  0.10010E+03  0.10010E+03  0.10010E+03  0.60689E+03  0.10010E+03  0.29815E+03  0.00000E+00  0.00000E+00  0.00000E+00  0.00000E+00  0.10010E+03  0.00000E+00  0.00000E+00  0.29815E+03  0.00000E+00  0.00000E+00  0.00000E+00  0.00000E+00  0.00000E+00  0.00000E+00  0.00000E+00  0.00000E+00  0.74324E+04  0.88585E+04  0.16291E+05  0.00000E+00  0.25969E+05  0.25969E+05  0.42260E+05
 0.11150E+02  0.10010E+03  0.10010E+03  0.10010E+03  0.60689E+03  0.10010E+03  0.29815E+03  0.00000E+00  0.00000E+00  0.00000E+00  0.00000E+00  0.10010E+03  0.00000E+00  0.00000E+00  0.29815E+03  0.00000E+00  0.00000E+00  0.00000E+00  0.00000E+00  0.00000E+00  0.00000E+00  0.00000E+00  0.00000E+00  0.74324E+04  0.88585E+04  0.16291E+05  0.00000E+00  0.25969E+05  0.25969E+05  0.42260E+05
 0.11150E+02  0.10010E+03  0.10010E+03  0.10010E+03  0.60671E+03  0.10010E+03  0.29815E+03  0.00000E+00  0.00000E+00  0.00000E+00  0.00000E+00  0.10010E+03  0.00000E+00  0.00000E+00  0.29815E+03  0.00000E+00  0.00000E+00  0.00000E+00  0.00000E+00  0.00000E+00  0.00000E+00  0.00000E+00  0.00000E+00  0.74324E+04  0.88585E+04  0.16291E+05  0.00000E+00  0.25969E+05  0.25969E+05  0.42260E+05
 0.11250E+02  0.10010E+03  0.10010E+03  0.10010E+03  0.60671E+03  0.10010E+03  0.29815E+03  0.00000E+00  0.00000E+00  0.00000E+00  0.00000E+00  0.10010E+03  0.00000E+00  0.00000E+00  0.29815E+03  0.00000E+00  0.00000E+00  0.00000E+00  0.00000E+00  0.00000E+00  0.00000E+00  0.00000E+00  0.00000E+00  0.74324E+04  0.88585E+04  0.16291E+05  0.00000E+00  0.25969E+05  0.25969E+05  0.42260E+05
 0.11250E+02  0.10010E+03  0.10010E+03  0.10010E+03  0.60654E+03  0.10010E+03  0.29815E+03  0.00000E+00  0.00000E+00  0.00000E+00  0.00000E+00  0.10010E+03  0.00000E+00  0.00000E+00  0.29815E+03  0.00000E+00  0.00000E+00  0.00000E+00  0.00000E+00  0.00000E+00  0.00000E+00  0.00000E+00  0.00000E+00  0.74324E+04  0.88585E+04  0.16291E+05  0.00000E+00  0.25969E+05  0.25969E+05  0.42260E+05
 0.11350E+02  0.10010E+03  0.10010E+03  0.10010E+03  0.60654E+03  0.10010E+03  0.29815E+03  0.00000E+00  0.00000E+00  0.00000E+00  0.00000E+00  0.10010E+03  0.00000E+00  0.00000E+00  0.29815E+03  0.00000E+00  0.00000E+00  0.00000E+00  0.00000E+00  0.00000E+00  0.00000E+00  0.00000E+00  0.00000E+00  0.74324E+04  0.88585E+04  0.16291E+05  0.00000E+00  0.25969E+05  0.25969E+05  0.42260E+05
 0.11350E+02  0.10010E+03  0.10010E+03  0.10010E+03  0.60638E+03  0.10010E+03  0.29815E+03  0.00000E+00  0.00000E+00  0.00000E+00  0.00000E+00  0.10010E+03  0.00000E+00  0.00000E+00  0.29815E+03  0.00000E+00  0.00000E+00  0.00000E+00  0.00000E+00  0.00000E+00  0.00000E+00  0.00000E+00  0.00000E+00  0.74324E+04  0.88585E+04  0.16291E+05  0.00000E+00  0.25969E+05  0.25969E+05  0.42260E+05
 0.11450E+02  0.10010E+03  0.10010E+03  0.10010E+03  0.60638E+03  0.10010E+03  0.29815E+03  0.00000E+00  0.00000E+00  0.00000E+00  0.00000E+00  0.10010E+03  0.00000E+00  0.00000E+00  0.29815E+03  0.00000E+00  0.00000E+00  0.00000E+00  0.00000E+00  0.00000E+00  0.00000E+00  0.00000E+00  0.00000E+00  0.74324E+04  0.88585E+04  0.16291E+05  0.00000E+00  0.25969E+05  0.25969E+05  0.42260E+05
 0.11450E+02  0.10010E+03  0.10010E+03  0.10010E+03  0.60623E+03  0.10010E+03  0.29815E+03  0.00000E+00  0.00000E+00  0.00000E+00  0.00000E+00  0.10010E+03  0.00000E+00  0.00000E+00  0.29815E+03  0.00000E+00  0.00000E+00  0.00000E+00  0.00000E+00  0.00000E+00  0.00000E+00  0.00000E+00  0.00000E+00  0.74324E+04  0.88585E+04  0.16291E+05  0.00000E+00  0.25969E+05  0.25969E+05  0.42260E+05
 0.11550E+02  0.10010E+03  0.10010E+03  0.10010E+03  0.60623E+03  0.10010E+03  0.29815E+03  0.00000E+00  0.00000E+00  0.00000E+00  0.00000E+00  0.10010E+03  0.00000E+00  0.00000E+00  0.29815E+03  0.00000E+00  0.00000E+00  0.00000E+00  0.00000E+00  0.00000E+00  0.00000E+00  0.00000E+00  0.00000E+00  0.74324E+04  0.88585E+04  0.16291E+05  0.00000E+00  0.25969E+05  0.25969E+05  0.42260E+05
 0.11550E+02  0.10010E+03  0.10010E+03  0.10010E+03  0.60609E+03  0.10010E+03  0.29815E+03  0.00000E+00  0.00000E+00  0.00000E+00  0.00000E+00  0.10010E+03  0.00000E+00  0.00000E+00  0.29815E+03  0.00000E+00  0.00000E+00  0.00000E+00  0.00000E+00  0.00000E+00  0.00000E+00  0.00000E+00  0.00000E+00  0.74324E+04  0.88585E+04  0.16291E+05  0.00000E+00  0.25969E+05  0.25969E+05  0.42260E+05
