   TIME(S)      HFALL(M)     DJET(M)      DFALL(M)     UJET(M)      UFALL(M)     WEBER(-)     FROUDE(-)    XPSAITO(M)   XPEPSTN(M)   XLPENT(M)    XLPENA(M)     DWAT(M)      FRAG(-)     XMBEDT(KG)   XMCORT(KG)   TSINJO(K)     TSINJ(K)   EINJO(J/KG)   EINJ(J/KG)   PV(KG/M3)    PL(KG/M3)   XDOTJ(KG/S)
  0.40000E+00  0.10681E+01  0.60000E+00  0.57214E+00  0.10007E+02  0.11006E+02  0.76373E+02  0.21558E+02  0.16843E+02  0.61191E+02  0.16843E+02  0.47403E+01  0.47403E+01  0.48367E+00  0.61277E+04  0.27424E+05  0.28000E+04  0.28000E+04  0.12434E+01  0.12434E+01  0.57307E+00  0.95866E+03  0.24727E+05
  0.80000E+00  0.32137E+01  0.60000E+00  0.53099E+00  0.10007E+02  0.12777E+02  0.95539E+02  0.31310E+02  0.18839E+02  0.56790E+02  0.18839E+02  0.26853E+01  0.26853E+01  0.26477E+00  0.87077E+04  0.37315E+05  0.28000E+04  0.28000E+04  0.12434E+01  0.12434E+01  0.57307E+00  0.95866E+03  0.24727E+05
  0.12000E+01  0.54805E+01  0.60000E+00  0.49993E+00  0.10007E+02  0.14415E+02  0.11448E+03  0.42324E+02  0.20622E+02  0.53468E+02  0.20622E+02  0.36822E+00  0.36822E+00  0.35393E-01  0.89980E+04  0.47206E+05  0.28000E+04  0.28000E+04  0.12434E+01  0.12434E+01  0.57307E+00  0.95866E+03  0.24727E+05
  0.16000E+01  0.52384E+01  0.60000E+00  0.37932E+00  0.44224E+01  0.11065E+02  0.51184E+02  0.32871E+02  0.13789E+02  0.40568E+02  0.13789E+02  0.70787E+00  0.70787E+00  0.10004E+00  0.93309E+04  0.51577E+05  0.28000E+04  0.28000E+04  0.12434E+01  0.12434E+01  0.57307E+00  0.95866E+03  0.10927E+05
  0.20000E+01  0.48649E+01  0.60000E+00  0.38522E+00  0.44224E+01  0.10729E+02  0.48866E+02  0.30428E+02  0.13473E+02  0.41200E+02  0.13473E+02  0.10854E+01  0.10854E+01  0.15463E+00  0.98813E+04  0.55948E+05  0.28000E+04  0.28000E+04  0.12434E+01  0.12434E+01  0.57307E+00  0.95866E+03  0.10927E+05
  0.24000E+01  0.45088E+01  0.60000E+00  0.43929E+00  0.59754E+01  0.11147E+02  0.60157E+02  0.28805E+02  0.14949E+02  0.46983E+02  0.14949E+02  0.14230E+01  0.14230E+01  0.18133E+00  0.10832E+05  0.61854E+05  0.28000E+04  0.28000E+04  0.12434E+01  0.12434E+01  0.57307E+00  0.95866E+03  0.14765E+05
  0.28000E+01  0.58005E+01  0.60000E+00  0.41936E+00  0.59755E+01  0.12232E+02  0.69151E+02  0.36334E+02  0.16027E+02  0.44851E+02  0.16027E+02  0.12031E+00  0.12031E+00  0.14957E-01  0.12821E+05  0.67759E+05  0.28000E+04  0.28000E+04  0.12434E+01  0.12434E+01  0.57307E+00  0.95866E+03  0.14765E+05
  0.32000E+01  0.54748E+01  0.60000E+00  0.42396E+00  0.59755E+01  0.11968E+02  0.66922E+02  0.34403E+02  0.15767E+02  0.45343E+02  0.15767E+02  0.44463E+00  0.44463E+00  0.55606E-01  0.13009E+05  0.73665E+05  0.28000E+04  0.28000E+04  0.12434E+01  0.12434E+01  0.57307E+00  0.95866E+03  0.14765E+05
  0.36000E+01  0.51920E+01  0.60000E+00  0.42817E+00  0.59755E+01  0.11734E+02  0.64967E+02  0.32744E+02  0.15535E+02  0.45794E+02  0.15535E+02  0.73105E+00  0.73105E+00  0.91903E-01  0.13451E+05  0.79571E+05  0.28000E+04  0.28000E+04  0.12434E+01  0.12434E+01  0.57307E+00  0.95866E+03  0.14765E+05
  0.40000E+01  0.47649E+01  0.60000E+00  0.43496E+00  0.59755E+01  0.11371E+02  0.61975E+02  0.30269E+02  0.15173E+02  0.46519E+02  0.15173E+02  0.11632E+01  0.11632E+01  0.14745E+00  0.14138E+05  0.85477E+05  0.28000E+04  0.28000E+04  0.12434E+01  0.12434E+01  0.57307E+00  0.95866E+03  0.14765E+05
  0.44000E+01  0.48894E+01  0.60000E+00  0.24390E+00  0.16418E+01  0.99360E+01  0.26536E+02  0.41220E+02  0.99283E+01  0.26085E+02  0.99283E+01  0.10948E+01  0.10948E+01  0.20838E+00  0.14852E+05  0.90312E+05  0.28000E+04  0.28000E+04  0.12434E+01  0.12434E+01  0.57307E+00  0.95866E+03  0.40567E+04
  0.48000E+01  0.36739E+01  0.60000E+00  0.26137E+00  0.16418E+01  0.86517E+01  0.21561E+02  0.29163E+02  0.89494E+01  0.27954E+02  0.89494E+01  0.23207E+01  0.23207E+01  0.45138E+00  0.15323E+05  0.91935E+05  0.28000E+04  0.28000E+04  0.12434E+01  0.12434E+01  0.57307E+00  0.95866E+03  0.40567E+04
  0.52000E+01  0.37032E+01  0.60000E+00  0.26087E+00  0.16418E+01  0.86848E+01  0.21685E+02  0.29443E+02  0.89750E+01  0.27901E+02  0.89750E+01  0.22881E+01  0.22881E+01  0.44489E+00  0.15839E+05  0.93558E+05  0.28000E+04  0.28000E+04  0.12434E+01  0.12434E+01  0.57307E+00  0.95866E+03  0.40567E+04
  0.56000E+01  0.45761E+01  0.60000E+00  0.24785E+00  0.16418E+01  0.96214E+01  0.25285E+02  0.38034E+02  0.96916E+01  0.26508E+02  0.96916E+01  0.14146E+01  0.14146E+01  0.27062E+00  0.16429E+05  0.95180E+05  0.28000E+04  0.28000E+04  0.12434E+01  0.12434E+01  0.57307E+00  0.95866E+03  0.40567E+04
  0.60000E+01  0.48250E+01  0.60000E+00  0.24468E+00  0.16418E+01  0.98721E+01  0.26280E+02  0.40561E+02  0.98804E+01  0.26169E+02  0.98804E+01  0.11642E+01  0.11642E+01  0.22177E+00  0.16810E+05  0.96803E+05  0.28000E+04  0.28000E+04  0.12434E+01  0.12434E+01  0.57307E+00  0.95866E+03  0.40567E+04
  0.64000E+01  0.51605E+01  0.60000E+00  0.24071E+00  0.16418E+01  0.10200E+02  0.27602E+02  0.44017E+02  0.10126E+02  0.25745E+02  0.10126E+02  0.82592E+00  0.82592E+00  0.15648E+00  0.17095E+05  0.98426E+05  0.28000E+04  0.28000E+04  0.12434E+01  0.12434E+01  0.57307E+00  0.95866E+03  0.40567E+04
  0.68000E+01  0.49260E+01  0.60000E+00  0.24345E+00  0.16418E+01  0.99720E+01  0.26680E+02  0.41595E+02  0.99553E+01  0.26038E+02  0.99553E+01  0.10627E+01  0.10627E+01  0.20210E+00  0.17424E+05  0.10005E+06  0.28000E+04  0.28000E+04  0.12434E+01  0.12434E+01  0.57307E+00  0.95866E+03  0.40567E+04
  0.72000E+01  0.50478E+01  0.60000E+00  0.24201E+00  0.16418E+01  0.10091E+02  0.27160E+02  0.42849E+02  0.10044E+02  0.25883E+02  0.10044E+02  0.94032E+00  0.94032E+00  0.17847E+00  0.17726E+05  0.10167E+06  0.28000E+04  0.28000E+04  0.12434E+01  0.12434E+01  0.57307E+00  0.95866E+03  0.40567E+04
  0.76000E+01  0.51452E+01  0.60000E+00  0.24089E+00  0.16418E+01  0.10186E+02  0.27542E+02  0.43858E+02  0.10115E+02  0.25763E+02  0.10115E+02  0.84241E+00  0.84241E+00  0.15963E+00  0.18000E+05  0.10329E+06  0.28000E+04  0.28000E+04  0.12434E+01  0.12434E+01  0.57307E+00  0.95866E+03  0.40567E+04
  0.80000E+01  0.57974E+01  0.60000E+00  0.23398E+00  0.16418E+01  0.10796E+02  0.30055E+02  0.50728E+02  0.10566E+02  0.25024E+02  0.10566E+02  0.18703E+00  0.18703E+00  0.35088E-01  0.18268E+05  0.10492E+06  0.28000E+04  0.28000E+04  0.12434E+01  0.12434E+01  0.57307E+00  0.95866E+03  0.40567E+04
  0.84000E+01  0.52668E+01  0.60000E+00  0.23952E+00  0.16418E+01  0.10302E+02  0.28016E+02  0.45124E+02  0.10202E+02  0.25617E+02  0.10202E+02  0.71993E+00  0.71993E+00  0.13616E+00  0.18454E+05  0.10654E+06  0.28000E+04  0.28000E+04  0.12434E+01  0.12434E+01  0.57307E+00  0.95866E+03  0.40567E+04
  0.88000E+01  0.53551E+01  0.60000E+00  0.23855E+00  0.16418E+01  0.10386E+02  0.28359E+02  0.46047E+02  0.10264E+02  0.25514E+02  0.10264E+02  0.63154E+00  0.63154E+00  0.11928E+00  0.18652E+05  0.10816E+06  0.28000E+04  0.28000E+04  0.12434E+01  0.12434E+01  0.57307E+00  0.95866E+03  0.40567E+04
  0.92000E+01  0.54096E+01  0.60000E+00  0.23797E+00  0.16418E+01  0.10437E+02  0.28570E+02  0.46619E+02  0.10302E+02  0.25451E+02  0.10302E+02  0.57677E+00  0.57677E+00  0.10884E+00  0.18835E+05  0.10978E+06  0.28000E+04  0.28000E+04  0.12434E+01  0.12434E+01  0.57307E+00  0.95866E+03  0.40567E+04
  0.96000E+01  0.54475E+01  0.60000E+00  0.23756E+00  0.16418E+01  0.10473E+02  0.28716E+02  0.47017E+02  0.10328E+02  0.25407E+02  0.10328E+02  0.53869E+00  0.53869E+00  0.10160E+00  0.19006E+05  0.11141E+06  0.28000E+04  0.28000E+04  0.12434E+01  0.12434E+01  0.57307E+00  0.95866E+03  0.40567E+04
  0.10000E+02  0.54704E+01  0.60000E+00  0.23732E+00  0.16418E+01  0.10494E+02  0.28804E+02  0.47258E+02  0.10344E+02  0.25381E+02  0.10344E+02  0.51566E+00  0.51566E+00  0.97218E-01  0.19167E+05  0.11303E+06  0.28000E+04  0.28000E+04  0.12434E+01  0.12434E+01  0.57307E+00  0.95866E+03  0.40567E+04
  0.10400E+02  0.54982E+01  0.60000E+00  0.23702E+00  0.16418E+01  0.10520E+02  0.28911E+02  0.47552E+02  0.10363E+02  0.25350E+02  0.10363E+02  0.48769E+00  0.48769E+00  0.91906E-01  0.19321E+05  0.11465E+06  0.28000E+04  0.28000E+04  0.12434E+01  0.12434E+01  0.57307E+00  0.95866E+03  0.40567E+04
  0.10800E+02  0.55306E+01  0.60000E+00  0.23669E+00  0.16418E+01  0.10551E+02  0.29036E+02  0.47893E+02  0.10385E+02  0.25314E+02  0.10385E+02  0.45519E+00  0.45519E+00  0.85737E-01  0.19465E+05  0.11628E+06  0.28000E+04  0.28000E+04  0.12434E+01  0.12434E+01  0.57307E+00  0.95866E+03  0.40567E+04
  0.11200E+02  0.55637E+01  0.60000E+00  0.23634E+00  0.16418E+01  0.10581E+02  0.29163E+02  0.48243E+02  0.10408E+02  0.25277E+02  0.10408E+02  0.42190E+00  0.42190E+00  0.79429E-01  0.19599E+05  0.11790E+06  0.28000E+04  0.28000E+04  0.12434E+01  0.12434E+01  0.57307E+00  0.95866E+03  0.40567E+04
  0.11600E+02  0.55957E+01  0.60000E+00  0.23601E+00  0.16418E+01  0.10611E+02  0.29286E+02  0.48582E+02  0.10430E+02  0.25242E+02  0.10430E+02  0.38975E+00  0.38975E+00  0.73339E-01  0.19722E+05  0.11952E+06  0.28000E+04  0.28000E+04  0.12434E+01  0.12434E+01  0.57307E+00  0.95866E+03  0.40567E+04
  0.12000E+02  0.56244E+01  0.60000E+00  0.23572E+00  0.16418E+01  0.10638E+02  0.29395E+02  0.48886E+02  0.10450E+02  0.25210E+02  0.10450E+02  0.36093E+00  0.36093E+00  0.67888E-01  0.19837E+05  0.12114E+06  0.28000E+04  0.28000E+04  0.12434E+01  0.12434E+01  0.57307E+00  0.95866E+03  0.40567E+04
  0.12400E+02  0.56491E+01  0.60000E+00  0.23546E+00  0.16418E+01  0.10660E+02  0.29490E+02  0.49149E+02  0.10466E+02  0.25183E+02  0.10466E+02  0.33609E+00  0.33609E+00  0.63191E-01  0.19943E+05  0.12277E+06  0.28000E+04  0.28000E+04  0.12434E+01  0.12434E+01  0.57307E+00  0.95866E+03  0.40567E+04
  0.12800E+02  0.56707E+01  0.60000E+00  0.23524E+00  0.16418E+01  0.10680E+02  0.29573E+02  0.49378E+02  0.10481E+02  0.25160E+02  0.10481E+02  0.31439E+00  0.31439E+00  0.59092E-01  0.20042E+05  0.12439E+06  0.28000E+04  0.28000E+04  0.12434E+01  0.12434E+01  0.57307E+00  0.95866E+03  0.40567E+04
  0.13200E+02  0.51426E+01  0.60000E+00  0.24092E+00  0.16418E+01  0.10183E+02  0.27532E+02  0.43831E+02  0.10113E+02  0.25766E+02  0.10113E+02  0.84446E+00  0.84446E+00  0.16003E+00  0.20168E+05  0.12601E+06  0.28000E+04  0.28000E+04  0.12434E+01  0.12434E+01  0.57307E+00  0.95866E+03  0.40567E+04
  0.13600E+02  0.51679E+01  0.60000E+00  0.24063E+00  0.16418E+01  0.10208E+02  0.27631E+02  0.44094E+02  0.10131E+02  0.25736E+02  0.10131E+02  0.81961E+00  0.81961E+00  0.15526E+00  0.20430E+05  0.12763E+06  0.28000E+04  0.28000E+04  0.12434E+01  0.12434E+01  0.57307E+00  0.95866E+03  0.40567E+04
  0.14000E+02  0.52417E+01  0.60000E+00  0.23980E+00  0.16418E+01  0.10278E+02  0.27919E+02  0.44861E+02  0.10184E+02  0.25647E+02  0.10184E+02  0.74551E+00  0.74551E+00  0.14105E+00  0.20670E+05  0.12926E+06  0.28000E+04  0.28000E+04  0.12434E+01  0.12434E+01  0.57307E+00  0.95866E+03  0.40567E+04
  0.14400E+02  0.52649E+01  0.60000E+00  0.23954E+00  0.16418E+01  0.10300E+02  0.28009E+02  0.45104E+02  0.10200E+02  0.25619E+02  0.10200E+02  0.72213E+00  0.72213E+00  0.13658E+00  0.20892E+05  0.13088E+06  0.28000E+04  0.28000E+04  0.12434E+01  0.12434E+01  0.57307E+00  0.95866E+03  0.40567E+04
  0.14800E+02  0.52554E+01  0.60000E+00  0.23965E+00  0.16418E+01  0.10291E+02  0.27972E+02  0.45004E+02  0.10193E+02  0.25631E+02  0.10193E+02  0.73173E+00  0.73173E+00  0.13842E+00  0.21119E+05  0.13250E+06  0.28000E+04  0.28000E+04  0.12434E+01  0.12434E+01  0.57307E+00  0.95866E+03  0.40567E+04
  0.15200E+02  0.53238E+01  0.60000E+00  0.23889E+00  0.16418E+01  0.10356E+02  0.28238E+02  0.45719E+02  0.10242E+02  0.25550E+02  0.10242E+02  0.66300E+00  0.66300E+00  0.12528E+00  0.21334E+05  0.13412E+06  0.28000E+04  0.28000E+04  0.12434E+01  0.12434E+01  0.57307E+00  0.95866E+03  0.40567E+04
  0.15600E+02  0.54100E+01  0.60000E+00  0.23796E+00  0.16418E+01  0.10438E+02  0.28571E+02  0.46623E+02  0.10302E+02  0.25450E+02  0.10302E+02  0.57639E+00  0.57639E+00  0.10877E+00  0.21523E+05  0.13575E+06  0.28000E+04  0.28000E+04  0.12434E+01  0.12434E+01  0.57307E+00  0.95866E+03  0.40567E+04
  0.16000E+02  0.54620E+01  0.60000E+00  0.23741E+00  0.16418E+01  0.10487E+02  0.28772E+02  0.47170E+02  0.10338E+02  0.25391E+02  0.10338E+02  0.52414E+00  0.52414E+00  0.98829E-01  0.21691E+05  0.13737E+06  0.28000E+04  0.28000E+04  0.12434E+01  0.12434E+01  0.57307E+00  0.95866E+03  0.40567E+04
  0.16400E+02  0.54880E+01  0.60000E+00  0.23713E+00  0.16418E+01  0.10511E+02  0.28872E+02  0.47444E+02  0.10356E+02  0.25361E+02  0.10356E+02  0.49794E+00  0.49794E+00  0.93852E-01  0.21846E+05  0.13899E+06  0.28000E+04  0.28000E+04  0.12434E+01  0.12434E+01  0.57307E+00  0.95866E+03  0.40567E+04
  0.16800E+02  0.53943E+01  0.60000E+00  0.23813E+00  0.16418E+01  0.10423E+02  0.28510E+02  0.46458E+02  0.10291E+02  0.25468E+02  0.10291E+02  0.59214E+00  0.59214E+00  0.11177E+00  0.22014E+05  0.14062E+06  0.28000E+04  0.28000E+04  0.12434E+01  0.12434E+01  0.57307E+00  0.95866E+03  0.40567E+04
  0.17200E+02  0.54283E+01  0.60000E+00  0.23777E+00  0.16418E+01  0.10455E+02  0.28642E+02  0.46815E+02  0.10315E+02  0.25429E+02  0.10315E+02  0.55799E+00  0.55799E+00  0.10527E+00  0.22189E+05  0.14224E+06  0.28000E+04  0.28000E+04  0.12434E+01  0.12434E+01  0.57307E+00  0.95866E+03  0.40567E+04
  0.17600E+02  0.54576E+01  0.60000E+00  0.23745E+00  0.16418E+01  0.10483E+02  0.28755E+02  0.47124E+02  0.10335E+02  0.25396E+02  0.10335E+02  0.52850E+00  0.52850E+00  0.99657E-01  0.22356E+05  0.14386E+06  0.28000E+04  0.28000E+04  0.12434E+01  0.12434E+01  0.57307E+00  0.95866E+03  0.40567E+04
  0.18000E+02  0.54955E+01  0.60000E+00  0.23705E+00  0.16418E+01  0.10518E+02  0.28901E+02  0.47523E+02  0.10361E+02  0.25353E+02  0.10361E+02  0.49044E+00  0.49044E+00  0.92426E-01  0.22512E+05  0.14548E+06  0.28000E+04  0.28000E+04  0.12434E+01  0.12434E+01  0.57307E+00  0.95866E+03  0.40567E+04
  0.18400E+02  0.55386E+01  0.60000E+00  0.23660E+00  0.16418E+01  0.10558E+02  0.29067E+02  0.47978E+02  0.10391E+02  0.25305E+02  0.10391E+02  0.44717E+00  0.44717E+00  0.84216E-01  0.22656E+05  0.14711E+06  0.28000E+04  0.28000E+04  0.12434E+01  0.12434E+01  0.57307E+00  0.95866E+03  0.40567E+04
  0.18800E+02  0.55696E+01  0.60000E+00  0.23628E+00  0.16418E+01  0.10587E+02  0.29186E+02  0.48306E+02  0.10412E+02  0.25270E+02  0.10412E+02  0.41598E+00  0.41598E+00  0.78305E-01  0.22791E+05  0.14873E+06  0.28000E+04  0.28000E+04  0.12434E+01  0.12434E+01  0.57307E+00  0.95866E+03  0.40567E+04
  0.19200E+02  0.55851E+01  0.60000E+00  0.23612E+00  0.16418E+01  0.10601E+02  0.29245E+02  0.48470E+02  0.10423E+02  0.25253E+02  0.10423E+02  0.40041E+00  0.40041E+00  0.75358E-01  0.22920E+05  0.15035E+06  0.28000E+04  0.28000E+04  0.12434E+01  0.12434E+01  0.57307E+00  0.95866E+03  0.40567E+04
  0.19600E+02  0.56192E+01  0.60000E+00  0.23577E+00  0.16418E+01  0.10633E+02  0.29376E+02  0.48832E+02  0.10446E+02  0.25216E+02  0.10446E+02  0.36614E+00  0.36614E+00  0.68872E-01  0.23047E+05  0.15197E+06  0.28000E+04  0.28000E+04  0.12434E+01  0.12434E+01  0.57307E+00  0.95866E+03  0.40567E+04
  0.20000E+02  0.55849E+01  0.60000E+00  0.23612E+00  0.16418E+01  0.10601E+02  0.29244E+02  0.48468E+02  0.10423E+02  0.25253E+02  0.10423E+02  0.40063E+00  0.40063E+00  0.75398E-01  0.23167E+05  0.15360E+06  0.28000E+04  0.28000E+04  0.12434E+01  0.12434E+01  0.57307E+00  0.95866E+03  0.40567E+04
  0.20400E+02  0.55535E+01  0.60000E+00  0.23645E+00  0.16418E+01  0.10572E+02  0.29124E+02  0.48135E+02  0.10401E+02  0.25288E+02  0.10401E+02  0.43208E+00  0.43208E+00  0.81358E-01  0.23283E+05  0.15522E+06  0.28000E+04  0.28000E+04  0.12434E+01  0.12434E+01  0.57307E+00  0.95866E+03  0.40567E+04
  0.20800E+02  0.55657E+01  0.60000E+00  0.23632E+00  0.16418E+01  0.10583E+02  0.29171E+02  0.48265E+02  0.10410E+02  0.25275E+02  0.10410E+02  0.41989E+00  0.41989E+00  0.79048E-01  0.23417E+05  0.15684E+06  0.28000E+04  0.28000E+04  0.12434E+01  0.12434E+01  0.57307E+00  0.95866E+03  0.40567E+04
  0.21200E+02  0.55787E+01  0.60000E+00  0.23619E+00  0.16418E+01  0.10595E+02  0.29220E+02  0.48402E+02  0.10418E+02  0.25260E+02  0.10418E+02  0.40682E+00  0.40682E+00  0.76572E-01  0.23544E+05  0.15846E+06  0.28000E+04  0.28000E+04  0.12434E+01  0.12434E+01  0.57307E+00  0.95866E+03  0.40567E+04
  0.21600E+02  0.56296E+01  0.60000E+00  0.58390E-01  0.99586E-01  0.10515E+02  0.71154E+01  0.19284E+03  0.51411E+01  0.62448E+01  0.51411E+01  0.37535E+00  0.37535E+00  0.14069E+00  0.23586E+05  0.15893E+06  0.28000E+04  0.28000E+04  0.12434E+01  0.12434E+01  0.57307E+00  0.95866E+03  0.24607E+03
  0.22000E+02  0.56352E+01  0.60000E+00  0.58375E-01  0.99586E-01  0.10521E+02  0.71207E+01  0.19308E+03  0.51430E+01  0.62433E+01  0.51430E+01  0.37039E+00  0.37039E+00  0.13885E+00  0.23601E+05  0.15902E+06  0.28000E+04  0.28000E+04  0.12434E+01  0.12434E+01  0.57307E+00  0.95866E+03  0.24607E+03
  0.22400E+02  0.55779E+01  0.60000E+00  0.58524E-01  0.99586E-01  0.10467E+02  0.70664E+01  0.19064E+03  0.51234E+01  0.62592E+01  0.51234E+01  0.42726E+00  0.42726E+00  0.15983E+00  0.23617E+05  0.15912E+06  0.28000E+04  0.28000E+04  0.12434E+01  0.12434E+01  0.57307E+00  0.95866E+03  0.24607E+03
