   56  0.40000E+00  0.10010E+03  0.10010E+03  0.10010E+03  0.63751E+03  0.29815E+03  0.00000E+00  0.00000E+00  0.00000E+00  0.00000E+00  0.10010E+03  0.00000E+00  0.00000E+00  0.29815E+03  0.00000E+00  0.00000E+00  0.00000E+00  0.00000E+00  0.00000E+00  0.00000E+00  0.00000E+00  0.00000E+00
   56  0.80000E+00  0.10010E+03  0.10010E+03  0.10010E+03  0.15436E+03  0.29815E+03  0.00000E+00  0.00000E+00  0.00000E+00  0.00000E+00  0.10010E+03  0.00000E+00  0.00000E+00  0.29815E+03  0.00000E+00  0.00000E+00  0.00000E+00  0.00000E+00  0.00000E+00  0.00000E+00  0.00000E+00  0.00000E+00
   56  0.12000E+01  0.10010E+03  0.10010E+03  0.10010E+03  0.20703E+03  0.29815E+03  0.00000E+00  0.00000E+00  0.00000E+00  0.00000E+00  0.10010E+03  0.00000E+00  0.00000E+00  0.29815E+03  0.00000E+00  0.00000E+00  0.00000E+00  0.00000E+00  0.00000E+00  0.00000E+00  0.00000E+00  0.00000E+00
   56  0.16000E+01  0.10010E+03  0.10010E+03  0.10010E+03  0.23255E+03  0.29815E+03  0.00000E+00  0.00000E+00  0.00000E+00  0.00000E+00  0.10010E+03  0.00000E+00  0.00000E+00  0.29815E+03  0.00000E+00  0.00000E+00  0.00000E+00  0.00000E+00  0.00000E+00  0.00000E+00  0.00000E+00  0.00000E+00
   56  0.20000E+01  0.10010E+03  0.10010E+03  0.14023E+03  0.30130E+03  0.27918E+04  0.00000E+00  0.40127E+02  0.40127E+02  0.40127E+02  0.14023E+03  0.00000E+00  0.00000E+00  0.33847E+03  0.15069E+03  0.29648E+04  0.31880E+04  0.00000E+00  0.00000E+00  0.00000E+00  0.40594E-02  0.10000E-01
   56  0.24000E+01  0.10010E+03  0.10010E+03  0.13423E+03  0.29298E+03  0.27917E+04  0.00000E+00  0.34131E+02  0.34131E+02  0.34131E+02  0.13423E+03  0.00000E+00  0.00000E+00  0.34761E+03  0.13352E+03  0.29645E+04  0.31406E+04  0.00000E+00  0.00000E+00  0.00000E+00  0.40597E-02  0.10000E-01
   56  0.28000E+01  0.10010E+03  0.10010E+03  0.12821E+03  0.25608E+03  0.27903E+04  0.00000E+00  0.28113E+02  0.28113E+02  0.28113E+02  0.12821E+03  0.00000E+00  0.00000E+00  0.35602E+03  0.11492E+03  0.29588E+04  0.28756E+04  0.00000E+00  0.00000E+00  0.00000E+00  0.40656E-02  0.10000E-01
   56  0.32000E+01  0.10010E+03  0.10010E+03  0.12774E+03  0.22345E+03  0.27880E+04  0.00000E+00  0.27644E+02  0.27644E+02  0.27644E+02  0.12774E+03  0.00000E+00  0.00000E+00  0.36395E+03  0.11395E+03  0.29494E+04  0.28241E+04  0.00000E+00  0.00000E+00  0.00000E+00  0.40752E-02  0.10000E-01
   56  0.36000E+01  0.10010E+03  0.10010E+03  0.12815E+03  0.20173E+03  0.27851E+04  0.00000E+00  0.28052E+02  0.28052E+02  0.28052E+02  0.12815E+03  0.00000E+00  0.00000E+00  0.37189E+03  0.11457E+03  0.29375E+04  0.28165E+04  0.00000E+00  0.00000E+00  0.00000E+00  0.40876E-02  0.10000E-01
   56  0.40000E+01  0.10010E+03  0.10010E+03  0.12967E+03  0.18782E+03  0.27822E+04  0.00000E+00  0.29568E+02  0.29568E+02  0.29568E+02  0.12967E+03  0.00000E+00  0.00000E+00  0.37968E+03  0.12046E+03  0.29257E+04  0.28456E+04  0.00000E+00  0.00000E+00  0.00000E+00  0.40999E-02  0.10000E-01
   56  0.44000E+01  0.10010E+03  0.10010E+03  0.13086E+03  0.17769E+03  0.27799E+04  0.00000E+00  0.30759E+02  0.30759E+02  0.30759E+02  0.13086E+03  0.00000E+00  0.00000E+00  0.38770E+03  0.12347E+03  0.29163E+04  0.28769E+04  0.00000E+00  0.00000E+00  0.00000E+00  0.41099E-02  0.10000E-01
   56  0.48000E+01  0.10010E+03  0.10010E+03  0.13013E+03  0.16939E+03  0.27760E+04  0.00000E+00  0.30028E+02  0.30028E+02  0.30028E+02  0.13013E+03  0.00000E+00  0.00000E+00  0.39560E+03  0.12125E+03  0.29007E+04  0.28122E+04  0.00000E+00  0.00000E+00  0.00000E+00  0.41262E-02  0.10000E-01
   56  0.52000E+01  0.10010E+03  0.10010E+03  0.12810E+03  0.16146E+03  0.27691E+04  0.00000E+00  0.27998E+02  0.27998E+02  0.27998E+02  0.12810E+03  0.00000E+00  0.00000E+00  0.40323E+03  0.11427E+03  0.28730E+04  0.26689E+04  0.00000E+00  0.00000E+00  0.00000E+00  0.41560E-02  0.10000E-01
   56  0.56000E+01  0.10010E+03  0.10010E+03  0.12055E+03  0.14751E+03  0.27572E+04  0.00000E+00  0.20445E+02  0.20445E+02  0.20445E+02  0.12055E+03  0.00000E+00  0.00000E+00  0.41002E+03  0.86170E+02  0.28264E+04  0.22008E+04  0.00000E+00  0.00000E+00  0.00000E+00  0.42080E-02  0.10000E-01
   56  0.60000E+01  0.10010E+03  0.10010E+03  0.11494E+03  0.13539E+03  0.27346E+04  0.00000E+00  0.14842E+02  0.14842E+02  0.14842E+02  0.11494E+03  0.00000E+00  0.00000E+00  0.41441E+03  0.62325E+02  0.27392E+04  0.16655E+04  0.00000E+00  0.00000E+00  0.00000E+00  0.43096E-02  0.10000E-01
   56  0.64000E+01  0.10010E+03  0.10010E+03  0.11286E+03  0.22289E+03  0.27008E+04  0.00000E+00  0.12758E+02  0.12758E+02  0.12758E+02  0.11286E+03  0.00000E+00  0.00000E+00  0.41552E+03  0.53225E+02  0.26120E+04  0.12955E+04  0.00000E+00  0.00000E+00  0.00000E+00  0.44707E-02  0.10000E-01
   56  0.68000E+01  0.10010E+03  0.10010E+03  0.11276E+03  0.20144E+03  0.26905E+04  0.00000E+00  0.12656E+02  0.12656E+02  0.12656E+02  0.11276E+03  0.00000E+00  0.00000E+00  0.41612E+03  0.53971E+02  0.25734E+04  0.48210E+03  0.00000E+00  0.00000E+00  0.00000E+00  0.47427E-01  0.13947E+00
   56  0.72000E+01  0.10010E+03  0.10010E+03  0.11385E+03  0.18509E+03  0.26841E+04  0.00000E+00  0.13748E+02  0.13748E+02  0.13748E+02  0.11385E+03  0.00000E+00  0.00000E+00  0.41638E+03  0.59986E+02  0.25501E+04  0.27137E+03  0.00000E+00  0.00000E+00  0.00000E+00  0.22170E+00  0.22404E+00
   56  0.76000E+01  0.10010E+03  0.10010E+03  0.11468E+03  0.16385E+03  0.26834E+04  0.00000E+00  0.14584E+02  0.14584E+02  0.14584E+02  0.11468E+03  0.00000E+00  0.00000E+00  0.41657E+03  0.65191E+02  0.25471E+04  0.26363E+03  0.00000E+00  0.00000E+00  0.00000E+00  0.27010E+00  0.23487E+00
   56  0.80000E+01  0.10010E+03  0.10010E+03  0.11414E+03  0.15009E+03  0.26835E+04  0.00000E+00  0.14037E+02  0.14037E+02  0.14037E+02  0.11414E+03  0.00000E+00  0.00000E+00  0.41678E+03  0.65831E+02  0.25476E+04  0.26896E+03  0.00000E+00  0.00000E+00  0.00000E+00  0.26163E+00  0.23313E+00
   56  0.84000E+01  0.10010E+03  0.10010E+03  0.11367E+03  0.17811E+03  0.26827E+04  0.00000E+00  0.13568E+02  0.13568E+02  0.13568E+02  0.11367E+03  0.00000E+00  0.00000E+00  0.41698E+03  0.73208E+02  0.25446E+04  0.26260E+03  0.00000E+00  0.00000E+00  0.00000E+00  0.31810E+00  0.24384E+00
   56  0.88000E+01  0.10010E+03  0.10010E+03  0.11248E+03  0.16824E+03  0.26819E+04  0.00000E+00  0.12385E+02  0.12385E+02  0.12385E+02  0.11248E+03  0.00000E+00  0.00000E+00  0.41719E+03  0.89842E+02  0.25417E+04  0.27596E+03  0.00000E+00  0.00000E+00  0.00000E+00  0.38343E+00  0.25409E+00
   56  0.92000E+01  0.10010E+03  0.10010E+03  0.11124E+03  0.15332E+03  0.26828E+04  0.00000E+00  0.11139E+02  0.11139E+02  0.11139E+02  0.11124E+03  0.00000E+00  0.00000E+00  0.41743E+03  0.12367E+03  0.25449E+04  0.38084E+03  0.00000E+00  0.00000E+00  0.00000E+00  0.31036E+00  0.24249E+00
   56  0.96000E+01  0.10010E+03  0.10010E+03  0.10824E+03  0.14102E+03  0.26826E+04  0.00000E+00  0.81370E+01  0.81370E+01  0.81370E+01  0.10824E+03  0.00000E+00  0.00000E+00  0.41777E+03  0.15780E+03  0.25442E+04  0.48538E+03  0.00000E+00  0.00000E+00  0.00000E+00  0.32371E+00  0.24480E+00
   56  0.10000E+02  0.10010E+03  0.10010E+03  0.10586E+03  0.13418E+03  0.26822E+04  0.00000E+00  0.57648E+01  0.57648E+01  0.57648E+01  0.10586E+03  0.00000E+00  0.00000E+00  0.41818E+03  0.18033E+03  0.25426E+04  0.58265E+03  0.00000E+00  0.00000E+00  0.00000E+00  0.35753E+00  0.25025E+00
   56  0.10400E+02  0.10010E+03  0.10010E+03  0.10475E+03  0.12971E+03  0.26816E+04  0.00000E+00  0.46486E+01  0.46486E+01  0.46486E+01  0.10475E+03  0.00000E+00  0.00000E+00  0.41865E+03  0.18922E+03  0.25404E+04  0.62420E+03  0.00000E+00  0.00000E+00  0.00000E+00  0.41217E+00  0.25805E+00
   56  0.10800E+02  0.10010E+03  0.10010E+03  0.10437E+03  0.14583E+03  0.26818E+04  0.00000E+00  0.42674E+01  0.42674E+01  0.42674E+01  0.10437E+03  0.00000E+00  0.00000E+00  0.41914E+03  0.19292E+03  0.25410E+04  0.67251E+03  0.00000E+00  0.00000E+00  0.00000E+00  0.39446E+00  0.25564E+00
   56  0.11200E+02  0.10010E+03  0.10010E+03  0.10420E+03  0.14485E+03  0.26813E+04  0.00000E+00  0.40969E+01  0.40969E+01  0.40969E+01  0.10420E+03  0.00000E+00  0.00000E+00  0.41966E+03  0.19438E+03  0.25391E+04  0.65432E+03  0.00000E+00  0.00000E+00  0.00000E+00  0.44620E+00  0.26240E+00
   56  0.11600E+02  0.10010E+03  0.10010E+03  0.10418E+03  0.17119E+03  0.26809E+04  0.00000E+00  0.40812E+01  0.40812E+01  0.40812E+01  0.10418E+03  0.00000E+00  0.00000E+00  0.42015E+03  0.19408E+03  0.25375E+04  0.62930E+03  0.00000E+00  0.00000E+00  0.00000E+00  0.49365E+00  0.26794E+00
   56  0.12000E+02  0.10010E+03  0.10010E+03  0.10421E+03  0.17253E+03  0.26811E+04  0.00000E+00  0.41104E+01  0.41104E+01  0.41104E+01  0.10421E+03  0.00000E+00  0.00000E+00  0.42063E+03  0.19471E+03  0.25383E+04  0.64460E+03  0.00000E+00  0.00000E+00  0.00000E+00  0.46836E+00  0.26506E+00
   56  0.12400E+02  0.10010E+03  0.10010E+03  0.10420E+03  0.16669E+03  0.26809E+04  0.00000E+00  0.41045E+01  0.41045E+01  0.41045E+01  0.10420E+03  0.00000E+00  0.00000E+00  0.42113E+03  0.19569E+03  0.25377E+04  0.63798E+03  0.00000E+00  0.00000E+00  0.00000E+00  0.48559E+00  0.26704E+00
   56  0.12800E+02  0.10010E+03  0.10010E+03  0.10422E+03  0.16102E+03  0.26803E+04  0.00000E+00  0.41165E+01  0.41165E+01  0.41165E+01  0.10422E+03  0.00000E+00  0.00000E+00  0.42160E+03  0.19519E+03  0.25353E+04  0.59535E+03  0.00000E+00  0.00000E+00  0.00000E+00  0.57009E+00  0.27584E+00
   56  0.13200E+02  0.10010E+03  0.10010E+03  0.10426E+03  0.16221E+03  0.26804E+04  0.00000E+00  0.41573E+01  0.41573E+01  0.41573E+01  0.10426E+03  0.00000E+00  0.00000E+00  0.42206E+03  0.19553E+03  0.25358E+04  0.60354E+03  0.00000E+00  0.00000E+00  0.00000E+00  0.55052E+00  0.27392E+00
   56  0.13600E+02  0.10010E+03  0.10010E+03  0.10426E+03  0.15713E+03  0.26805E+04  0.00000E+00  0.41615E+01  0.41615E+01  0.41615E+01  0.10426E+03  0.00000E+00  0.00000E+00  0.42252E+03  0.19648E+03  0.25362E+04  0.61273E+03  0.00000E+00  0.00000E+00  0.00000E+00  0.53547E+00  0.27240E+00
   56  0.14000E+02  0.10010E+03  0.10010E+03  0.10415E+03  0.14917E+03  0.26790E+04  0.00000E+00  0.40481E+01  0.40481E+01  0.40481E+01  0.10415E+03  0.00000E+00  0.00000E+00  0.42296E+03  0.19464E+03  0.25308E+04  0.52721E+03  0.00000E+00  0.00000E+00  0.00000E+00  0.76369E+00  0.29187E+00
   56  0.14400E+02  0.10010E+03  0.10010E+03  0.11255E+03  0.14637E+03  0.26766E+04  0.00000E+00  0.12450E+02  0.12450E+02  0.12450E+02  0.11255E+03  0.00000E+00  0.00000E+00  0.42325E+03  0.16692E+03  0.25220E+04  0.13901E+03  0.00000E+00  0.00000E+00  0.00000E+00  0.13836E+01  0.32446E+00
   56  0.14800E+02  0.10010E+03  0.10010E+03  0.12741E+03  0.14804E+03  0.26775E+04  0.00000E+00  0.27308E+02  0.27308E+02  0.27308E+02  0.12741E+03  0.00000E+00  0.00000E+00  0.42330E+03  0.70616E+01  0.25249E+04  0.39237E+02  0.00000E+00  0.00000E+00  0.00000E+00  0.11193E+01  0.31284E+00
   56  0.15200E+02  0.10010E+03  0.10010E+03  0.13290E+03  0.16311E+03  0.26775E+04  0.00000E+00  0.32798E+02  0.32798E+02  0.32798E+02  0.13290E+03  0.00000E+00  0.00000E+00  0.42332E+03  0.33467E+01  0.25251E+04  0.48956E+01  0.00000E+00  0.00000E+00  0.00000E+00  0.11045E+01  0.31211E+00
   56  0.15600E+02  0.10010E+03  0.10010E+03  0.12871E+03  0.15368E+03  0.26774E+04  0.00000E+00  0.28611E+02  0.28611E+02  0.28611E+02  0.12871E+03  0.00000E+00  0.00000E+00  0.42333E+03 -0.16442E+02  0.25247E+04  0.11932E+02  0.00000E+00  0.00000E+00  0.00000E+00  0.11300E+01  0.31336E+00
   56  0.16000E+02  0.10010E+03  0.10010E+03  0.12478E+03  0.15246E+03  0.26772E+04  0.00000E+00  0.24680E+02  0.24680E+02  0.24680E+02  0.12478E+03  0.00000E+00  0.00000E+00  0.42335E+03 -0.17550E+02  0.25240E+04  0.25395E+02  0.00000E+00  0.00000E+00  0.00000E+00  0.11791E+01  0.31569E+00
   56  0.16400E+02  0.10010E+03  0.10010E+03  0.12360E+03  0.15277E+03  0.26770E+04  0.00000E+00  0.23501E+02  0.23501E+02  0.23501E+02  0.12360E+03  0.00000E+00  0.00000E+00  0.42336E+03 -0.93274E+01  0.25229E+04  0.22567E+02  0.00000E+00  0.00000E+00  0.00000E+00  0.12457E+01  0.31870E+00
   56  0.16800E+02  0.10010E+03  0.10010E+03  0.12359E+03  0.15003E+03  0.26767E+04  0.00000E+00  0.23489E+02  0.23489E+02  0.23489E+02  0.12359E+03  0.00000E+00  0.00000E+00  0.42337E+03  0.61984E+00  0.25214E+04  0.99493E+01  0.00000E+00  0.00000E+00  0.00000E+00  0.13378E+01  0.32261E+00
   56  0.17200E+02  0.10010E+03  0.10010E+03  0.12356E+03  0.14719E+03  0.26763E+04  0.00000E+00  0.23459E+02  0.23459E+02  0.23459E+02  0.12356E+03  0.00000E+00  0.00000E+00  0.42339E+03  0.57692E+01  0.25194E+04  0.68287E+01  0.00000E+00  0.00000E+00  0.00000E+00  0.14603E+01  0.32742E+00
   56  0.17600E+02  0.10010E+03  0.10010E+03  0.12305E+03  0.14470E+03  0.26759E+04  0.00000E+00  0.22954E+02  0.22954E+02  0.22954E+02  0.12305E+03  0.00000E+00  0.00000E+00  0.42340E+03  0.40113E+01  0.25173E+04  0.75144E+01  0.00000E+00  0.00000E+00  0.00000E+00  0.16084E+01  0.33272E+00
   56  0.18000E+02  0.10010E+03  0.10010E+03  0.12392E+03  0.13966E+03  0.26755E+04  0.00000E+00  0.23825E+02  0.23825E+02  0.23825E+02  0.12392E+03  0.00000E+00  0.00000E+00  0.42342E+03 -0.60633E+00  0.25151E+04  0.66600E+01  0.00000E+00  0.00000E+00  0.00000E+00  0.17728E+01  0.33806E+00
   56  0.18400E+02  0.10010E+03  0.10010E+03  0.12881E+03  0.13892E+03  0.26753E+04  0.00000E+00  0.28709E+02  0.28709E+02  0.28709E+02  0.12881E+03  0.00000E+00  0.00000E+00  0.42343E+03 -0.10848E+02  0.25140E+04  0.13833E+02  0.00000E+00  0.00000E+00  0.00000E+00  0.18588E+01  0.34065E+00
   56  0.18800E+02  0.10010E+03  0.10010E+03  0.13278E+03  0.14819E+03  0.26752E+04  0.00000E+00  0.32678E+02  0.32678E+02  0.32678E+02  0.13278E+03  0.00000E+00  0.00000E+00  0.42344E+03  0.75556E+01  0.25127E+04  0.23051E+02  0.00000E+00  0.00000E+00  0.00000E+00  0.19268E+01  0.34262E+00
   56  0.19200E+02  0.10010E+03  0.10010E+03  0.12824E+03  0.15123E+03  0.26750E+04  0.00000E+00  0.28145E+02  0.28145E+02  0.28145E+02  0.12824E+03  0.00000E+00  0.00000E+00  0.42345E+03  0.30446E+01  0.25112E+04  0.56522E+01  0.00000E+00  0.00000E+00  0.00000E+00  0.20018E+01  0.34472E+00
   56  0.19600E+02  0.10010E+03  0.10010E+03  0.12864E+03  0.14027E+03  0.26748E+04  0.00000E+00  0.28540E+02  0.28540E+02  0.28540E+02  0.12864E+03  0.00000E+00  0.00000E+00  0.42346E+03  0.57342E+00  0.25094E+04  0.55418E+01  0.00000E+00  0.00000E+00  0.00000E+00  0.21277E+01  0.34806E+00
   56  0.20000E+02  0.10010E+03  0.10010E+03  0.13235E+03  0.15060E+03  0.26745E+04  0.00000E+00  0.32247E+02  0.32247E+02  0.32247E+02  0.13235E+03  0.00000E+00  0.00000E+00  0.42347E+03  0.19147E+02  0.25075E+04  0.27216E+02  0.00000E+00  0.00000E+00  0.00000E+00  0.22401E+01  0.35088E+00
   56  0.20400E+02  0.10010E+03  0.10010E+03  0.12991E+03  0.13951E+03  0.26743E+04  0.00000E+00  0.29810E+02  0.29810E+02  0.29810E+02  0.12991E+03  0.00000E+00  0.00000E+00  0.42348E+03  0.57139E+01  0.25056E+04  0.15436E+02  0.00000E+00  0.00000E+00  0.00000E+00  0.23673E+01  0.35391E+00
   56  0.20800E+02  0.10010E+03  0.10010E+03  0.13247E+03  0.14636E+03  0.26741E+04  0.00000E+00  0.32365E+02  0.32365E+02  0.32365E+02  0.13247E+03  0.00000E+00  0.00000E+00  0.42350E+03  0.15342E+02  0.25052E+04  0.31017E+02  0.00000E+00  0.00000E+00  0.00000E+00  0.24844E+01  0.35656E+00
   56  0.21200E+02  0.10010E+03  0.10010E+03  0.13062E+03  0.14060E+03  0.26739E+04  0.00000E+00  0.30516E+02  0.30516E+02  0.30516E+02  0.13062E+03  0.00000E+00  0.00000E+00  0.42350E+03  0.19279E+02  0.25042E+04  0.24254E+02  0.00000E+00  0.00000E+00  0.00000E+00  0.25993E+01  0.35904E+00
   56  0.21600E+02  0.10010E+03  0.10010E+03  0.12759E+03  0.13554E+03  0.26738E+04  0.00000E+00  0.27486E+02  0.27486E+02  0.27486E+02  0.12759E+03  0.00000E+00  0.00000E+00  0.42352E+03  0.32394E+01  0.25036E+04  0.86320E+01  0.00000E+00  0.00000E+00  0.00000E+00  0.26914E+01  0.36095E+00
   56  0.22000E+02  0.10010E+03  0.10010E+03  0.12987E+03  0.13794E+03  0.26737E+04  0.00000E+00  0.29769E+02  0.29769E+02  0.29769E+02  0.12987E+03  0.00000E+00  0.00000E+00  0.42354E+03  0.10926E+02  0.25034E+04  0.25482E+02  0.00000E+00  0.00000E+00  0.00000E+00  0.27260E+01  0.36165E+00
   56  0.22400E+02  0.10010E+03  0.10010E+03  0.13080E+03  0.13950E+03  0.26736E+04  0.00000E+00  0.30701E+02  0.30701E+02  0.30701E+02  0.13080E+03  0.00000E+00  0.00000E+00  0.42355E+03  0.22132E+02  0.25032E+04  0.31022E+02  0.00000E+00  0.00000E+00  0.00000E+00  0.27745E+01  0.36262E+00
