 0.30050E+01
 0.50000E-01  0.10010E+03  0.10010E+03  0.10010E+03  0.92237E+04  0.11789E+03  0.29815E+03  0.00000E+00  0.00000E+00  0.00000E+00  0.00000E+00  0.10010E+03  0.00000E+00  0.00000E+00  0.33620E+03  0.00000E+00  0.00000E+00  0.00000E+00  0.00000E+00  0.00000E+00  0.00000E+00  0.00000E+00  0.00000E+00  0.00000E+00  0.64412E+03  0.64412E+03  0.00000E+00  0.00000E+00  0.00000E+00  0.64412E+03
 0.15000E+00  0.10010E+03  0.10010E+03  0.10010E+03  0.92237E+04  0.11789E+03  0.29815E+03  0.00000E+00  0.00000E+00  0.00000E+00  0.00000E+00  0.10010E+03  0.00000E+00  0.00000E+00  0.33620E+03  0.00000E+00  0.00000E+00  0.00000E+00  0.00000E+00  0.00000E+00  0.00000E+00  0.00000E+00  0.00000E+00  0.00000E+00  0.64412E+03  0.64412E+03  0.00000E+00  0.00000E+00  0.00000E+00  0.64412E+03
 0.15000E+00  0.10010E+03  0.10010E+03  0.10010E+03  0.11965E+05  0.11789E+03  0.29815E+03  0.00000E+00  0.00000E+00  0.00000E+00  0.00000E+00  0.10010E+03  0.00000E+00  0.00000E+00  0.33600E+03  0.00000E+00  0.00000E+00  0.00000E+00  0.00000E+00  0.00000E+00  0.00000E+00  0.00000E+00  0.00000E+00  0.00000E+00  0.12882E+04  0.12882E+04  0.00000E+00  0.00000E+00  0.00000E+00  0.12882E+04
 0.25000E+00  0.10010E+03  0.10010E+03  0.10010E+03  0.11965E+05  0.11789E+03  0.29815E+03  0.00000E+00  0.00000E+00  0.00000E+00  0.00000E+00  0.10010E+03  0.00000E+00  0.00000E+00  0.33600E+03  0.00000E+00  0.00000E+00  0.00000E+00  0.00000E+00  0.00000E+00  0.00000E+00  0.00000E+00  0.00000E+00  0.00000E+00  0.12882E+04  0.12882E+04  0.00000E+00  0.00000E+00  0.00000E+00  0.12882E+04
 0.25000E+00  0.10010E+03  0.10010E+03  0.10010E+03  0.25229E+03  0.11789E+03  0.29815E+03  0.00000E+00  0.00000E+00  0.00000E+00  0.00000E+00  0.10010E+03  0.00000E+00  0.00000E+00  0.33600E+03  0.00000E+00  0.00000E+00  0.00000E+00  0.00000E+00  0.00000E+00  0.00000E+00  0.00000E+00  0.00000E+00  0.00000E+00  0.19324E+04  0.19324E+04  0.00000E+00  0.00000E+00  0.00000E+00  0.19324E+04
 0.35000E+00  0.10010E+03  0.10010E+03  0.10010E+03  0.25229E+03  0.11789E+03  0.29815E+03  0.00000E+00  0.00000E+00  0.00000E+00  0.00000E+00  0.10010E+03  0.00000E+00  0.00000E+00  0.33600E+03  0.00000E+00  0.00000E+00  0.00000E+00  0.00000E+00  0.00000E+00  0.00000E+00  0.00000E+00  0.00000E+00  0.00000E+00  0.19324E+04  0.19324E+04  0.00000E+00  0.00000E+00  0.00000E+00  0.19324E+04
 0.35000E+00  0.10010E+03  0.10010E+03  0.10010E+03  0.34188E+03  0.11789E+03  0.29815E+03  0.00000E+00  0.00000E+00  0.00000E+00  0.00000E+00  0.10010E+03  0.00000E+00  0.00000E+00  0.33600E+03  0.00000E+00  0.00000E+00  0.00000E+00  0.00000E+00  0.00000E+00  0.00000E+00  0.00000E+00  0.00000E+00  0.00000E+00  0.25765E+04  0.25765E+04  0.00000E+00  0.00000E+00  0.00000E+00  0.25765E+04
 0.45000E+00  0.10010E+03  0.10010E+03  0.10010E+03  0.34188E+03  0.11789E+03  0.29815E+03  0.00000E+00  0.00000E+00  0.00000E+00  0.00000E+00  0.10010E+03  0.00000E+00  0.00000E+00  0.33600E+03  0.00000E+00  0.00000E+00  0.00000E+00  0.00000E+00  0.00000E+00  0.00000E+00  0.00000E+00  0.00000E+00  0.00000E+00  0.25765E+04  0.25765E+04  0.00000E+00  0.00000E+00  0.00000E+00  0.25765E+04
 0.45000E+00  0.10010E+03  0.10010E+03  0.10010E+03  0.12968E+05  0.11789E+03  0.29815E+03  0.00000E+00  0.00000E+00  0.00000E+00  0.00000E+00  0.10010E+03  0.00000E+00  0.00000E+00  0.33600E+03  0.00000E+00  0.00000E+00  0.00000E+00  0.00000E+00  0.00000E+00  0.00000E+00  0.00000E+00  0.00000E+00  0.00000E+00  0.32206E+04  0.32206E+04  0.00000E+00  0.00000E+00  0.00000E+00  0.32206E+04
 0.55000E+00  0.10010E+03  0.10010E+03  0.10010E+03  0.12968E+05  0.11789E+03  0.29815E+03  0.00000E+00  0.00000E+00  0.00000E+00  0.00000E+00  0.10010E+03  0.00000E+00  0.00000E+00  0.33600E+03  0.00000E+00  0.00000E+00  0.00000E+00  0.00000E+00  0.00000E+00  0.00000E+00  0.00000E+00  0.00000E+00  0.00000E+00  0.32206E+04  0.32206E+04  0.00000E+00  0.00000E+00  0.00000E+00  0.32206E+04
 0.55000E+00  0.10010E+03  0.10010E+03  0.10010E+03  0.14913E+05  0.11789E+03  0.29815E+03  0.00000E+00  0.00000E+00  0.00000E+00  0.00000E+00  0.10010E+03  0.00000E+00  0.00000E+00  0.33600E+03  0.00000E+00  0.00000E+00  0.00000E+00  0.00000E+00  0.00000E+00  0.00000E+00  0.00000E+00  0.00000E+00  0.00000E+00  0.38647E+04  0.38647E+04  0.00000E+00  0.00000E+00  0.00000E+00  0.38647E+04
 0.65000E+00  0.10010E+03  0.10010E+03  0.10010E+03  0.14913E+05  0.11789E+03  0.29815E+03  0.00000E+00  0.00000E+00  0.00000E+00  0.00000E+00  0.10010E+03  0.00000E+00  0.00000E+00  0.33600E+03  0.00000E+00  0.00000E+00  0.00000E+00  0.00000E+00  0.00000E+00  0.00000E+00  0.00000E+00  0.00000E+00  0.00000E+00  0.38647E+04  0.38647E+04  0.00000E+00  0.00000E+00  0.00000E+00  0.38647E+04
 0.65000E+00  0.10010E+03  0.10010E+03  0.10010E+03  0.11297E+03  0.11789E+03  0.29815E+03  0.00000E+00  0.00000E+00  0.00000E+00  0.00000E+00  0.10010E+03  0.00000E+00  0.00000E+00  0.33600E+03  0.00000E+00  0.00000E+00  0.00000E+00  0.00000E+00  0.00000E+00  0.00000E+00  0.00000E+00  0.00000E+00  0.00000E+00  0.45089E+04  0.45089E+04  0.00000E+00  0.00000E+00  0.00000E+00  0.45089E+04
 0.75000E+00  0.10010E+03  0.10010E+03  0.10010E+03  0.11297E+03  0.11789E+03  0.29815E+03  0.00000E+00  0.00000E+00  0.00000E+00  0.00000E+00  0.10010E+03  0.00000E+00  0.00000E+00  0.33600E+03  0.00000E+00  0.00000E+00  0.00000E+00  0.00000E+00  0.00000E+00  0.00000E+00  0.00000E+00  0.00000E+00  0.00000E+00  0.45089E+04  0.45089E+04  0.00000E+00  0.00000E+00  0.00000E+00  0.45089E+04
 0.75000E+00  0.10010E+03  0.10010E+03  0.10010E+03  0.10937E+03  0.11789E+03  0.29815E+03  0.00000E+00  0.00000E+00  0.00000E+00  0.00000E+00  0.10010E+03  0.00000E+00  0.00000E+00  0.33600E+03  0.00000E+00  0.00000E+00  0.00000E+00  0.00000E+00  0.00000E+00  0.00000E+00  0.00000E+00  0.00000E+00  0.00000E+00  0.51530E+04  0.51530E+04  0.00000E+00  0.00000E+00  0.00000E+00  0.51530E+04
 0.85000E+00  0.10010E+03  0.10010E+03  0.10010E+03  0.10937E+03  0.11789E+03  0.29815E+03  0.00000E+00  0.00000E+00  0.00000E+00  0.00000E+00  0.10010E+03  0.00000E+00  0.00000E+00  0.33600E+03  0.00000E+00  0.00000E+00  0.00000E+00  0.00000E+00  0.00000E+00  0.00000E+00  0.00000E+00  0.00000E+00  0.00000E+00  0.51530E+04  0.51530E+04  0.00000E+00  0.00000E+00  0.00000E+00  0.51530E+04
 0.85000E+00  0.10010E+03  0.10010E+03  0.10010E+03  0.11027E+03  0.11789E+03  0.29815E+03  0.00000E+00  0.00000E+00  0.00000E+00  0.00000E+00  0.10010E+03  0.00000E+00  0.00000E+00  0.33600E+03  0.00000E+00  0.00000E+00  0.00000E+00  0.00000E+00  0.00000E+00  0.00000E+00  0.00000E+00  0.00000E+00  0.00000E+00  0.57971E+04  0.57971E+04  0.00000E+00  0.00000E+00  0.00000E+00  0.57971E+04
 0.95000E+00  0.10010E+03  0.10010E+03  0.10010E+03  0.11027E+03  0.11789E+03  0.29815E+03  0.00000E+00  0.00000E+00  0.00000E+00  0.00000E+00  0.10010E+03  0.00000E+00  0.00000E+00  0.33600E+03  0.00000E+00  0.00000E+00  0.00000E+00  0.00000E+00  0.00000E+00  0.00000E+00  0.00000E+00  0.00000E+00  0.00000E+00  0.57971E+04  0.57971E+04  0.00000E+00  0.00000E+00  0.00000E+00  0.57971E+04
 0.95000E+00  0.10010E+03  0.10010E+03  0.10010E+03  0.11092E+03  0.11789E+03  0.29815E+03  0.00000E+00  0.00000E+00  0.00000E+00  0.00000E+00  0.10010E+03  0.00000E+00  0.00000E+00  0.33600E+03  0.00000E+00  0.00000E+00  0.00000E+00  0.00000E+00  0.00000E+00  0.00000E+00  0.00000E+00  0.00000E+00  0.00000E+00  0.64412E+04  0.64412E+04  0.00000E+00  0.00000E+00  0.00000E+00  0.64412E+04
 0.10500E+01  0.10010E+03  0.10010E+03  0.10010E+03  0.11092E+03  0.11789E+03  0.29815E+03  0.00000E+00  0.00000E+00  0.00000E+00  0.00000E+00  0.10010E+03  0.00000E+00  0.00000E+00  0.33600E+03  0.00000E+00  0.00000E+00  0.00000E+00  0.00000E+00  0.00000E+00  0.00000E+00  0.00000E+00  0.00000E+00  0.00000E+00  0.64412E+04  0.64412E+04  0.00000E+00  0.00000E+00  0.00000E+00  0.64412E+04
 0.10500E+01  0.10010E+03  0.10010E+03  0.10010E+03  0.11137E+03  0.11789E+03  0.29815E+03  0.00000E+00  0.00000E+00  0.00000E+00  0.00000E+00  0.10010E+03  0.00000E+00  0.00000E+00  0.33600E+03  0.00000E+00  0.00000E+00  0.00000E+00  0.00000E+00  0.00000E+00  0.00000E+00  0.00000E+00  0.00000E+00  0.00000E+00  0.70854E+04  0.70854E+04  0.00000E+00  0.00000E+00  0.00000E+00  0.70854E+04
 0.11500E+01  0.10010E+03  0.10010E+03  0.10010E+03  0.11137E+03  0.11789E+03  0.29815E+03  0.00000E+00  0.00000E+00  0.00000E+00  0.00000E+00  0.10010E+03  0.00000E+00  0.00000E+00  0.33600E+03  0.00000E+00  0.00000E+00  0.00000E+00  0.00000E+00  0.00000E+00  0.00000E+00  0.00000E+00  0.00000E+00  0.00000E+00  0.70854E+04  0.70854E+04  0.00000E+00  0.00000E+00  0.00000E+00  0.70854E+04
 0.11500E+01  0.10010E+03  0.10010E+03  0.10010E+03  0.11176E+03  0.11789E+03  0.29815E+03  0.00000E+00  0.00000E+00  0.00000E+00  0.00000E+00  0.10010E+03  0.00000E+00  0.00000E+00  0.33600E+03  0.00000E+00  0.00000E+00  0.00000E+00  0.00000E+00  0.00000E+00  0.00000E+00  0.00000E+00  0.00000E+00  0.00000E+00  0.77295E+04  0.77295E+04  0.00000E+00  0.00000E+00  0.00000E+00  0.77295E+04
 0.12500E+01  0.10010E+03  0.10010E+03  0.10010E+03  0.11176E+03  0.11789E+03  0.29815E+03  0.00000E+00  0.00000E+00  0.00000E+00  0.00000E+00  0.10010E+03  0.00000E+00  0.00000E+00  0.33600E+03  0.00000E+00  0.00000E+00  0.00000E+00  0.00000E+00  0.00000E+00  0.00000E+00  0.00000E+00  0.00000E+00  0.00000E+00  0.77295E+04  0.77295E+04  0.00000E+00  0.00000E+00  0.00000E+00  0.77295E+04
 0.12500E+01  0.10010E+03  0.10010E+03  0.10010E+03  0.11218E+03  0.11789E+03  0.29815E+03  0.00000E+00  0.00000E+00  0.00000E+00  0.00000E+00  0.10010E+03  0.00000E+00  0.00000E+00  0.33600E+03  0.00000E+00  0.00000E+00  0.00000E+00  0.00000E+00  0.00000E+00  0.00000E+00  0.00000E+00  0.00000E+00  0.00000E+00  0.83736E+04  0.83736E+04  0.00000E+00  0.00000E+00  0.00000E+00  0.83736E+04
 0.13500E+01  0.10010E+03  0.10010E+03  0.10010E+03  0.11218E+03  0.11789E+03  0.29815E+03  0.00000E+00  0.00000E+00  0.00000E+00  0.00000E+00  0.10010E+03  0.00000E+00  0.00000E+00  0.33600E+03  0.00000E+00  0.00000E+00  0.00000E+00  0.00000E+00  0.00000E+00  0.00000E+00  0.00000E+00  0.00000E+00  0.00000E+00  0.83736E+04  0.83736E+04  0.00000E+00  0.00000E+00  0.00000E+00  0.83736E+04
 0.13500E+01  0.10010E+03  0.10010E+03  0.10010E+03  0.11262E+03  0.11789E+03  0.29815E+03  0.00000E+00  0.00000E+00  0.00000E+00  0.00000E+00  0.10010E+03  0.00000E+00  0.00000E+00  0.33600E+03  0.00000E+00  0.00000E+00  0.00000E+00  0.00000E+00  0.00000E+00  0.00000E+00  0.00000E+00  0.00000E+00  0.00000E+00  0.90177E+04  0.90177E+04  0.00000E+00  0.00000E+00  0.00000E+00  0.90177E+04
 0.14500E+01  0.10010E+03  0.10010E+03  0.10010E+03  0.11262E+03  0.11789E+03  0.29815E+03  0.00000E+00  0.00000E+00  0.00000E+00  0.00000E+00  0.10010E+03  0.00000E+00  0.00000E+00  0.33600E+03  0.00000E+00  0.00000E+00  0.00000E+00  0.00000E+00  0.00000E+00  0.00000E+00  0.00000E+00  0.00000E+00  0.00000E+00  0.90177E+04  0.90177E+04  0.00000E+00  0.00000E+00  0.00000E+00  0.90177E+04
 0.14500E+01  0.10010E+03  0.10010E+03  0.10010E+03  0.11311E+03  0.11789E+03  0.29815E+03  0.00000E+00  0.00000E+00  0.00000E+00  0.00000E+00  0.10010E+03  0.00000E+00  0.00000E+00  0.33600E+03  0.00000E+00  0.00000E+00  0.00000E+00  0.00000E+00  0.00000E+00  0.00000E+00  0.00000E+00  0.00000E+00  0.00000E+00  0.96619E+04  0.96619E+04  0.00000E+00  0.00000E+00  0.00000E+00  0.96619E+04
 0.15500E+01  0.10010E+03  0.10010E+03  0.10010E+03  0.11311E+03  0.11789E+03  0.29815E+03  0.00000E+00  0.00000E+00  0.00000E+00  0.00000E+00  0.10010E+03  0.00000E+00  0.00000E+00  0.33600E+03  0.00000E+00  0.00000E+00  0.00000E+00  0.00000E+00  0.00000E+00  0.00000E+00  0.00000E+00  0.00000E+00  0.00000E+00  0.96619E+04  0.96619E+04  0.00000E+00  0.00000E+00  0.00000E+00  0.96619E+04
 0.15500E+01  0.10010E+03  0.10010E+03  0.10010E+03  0.11363E+03  0.11789E+03  0.29815E+03  0.00000E+00  0.00000E+00  0.00000E+00  0.00000E+00  0.10010E+03  0.00000E+00  0.00000E+00  0.33600E+03  0.00000E+00  0.00000E+00  0.00000E+00  0.00000E+00  0.00000E+00  0.00000E+00  0.00000E+00  0.00000E+00  0.00000E+00  0.10306E+05  0.10306E+05  0.00000E+00  0.00000E+00  0.00000E+00  0.10306E+05
 0.16500E+01  0.10010E+03  0.10010E+03  0.10010E+03  0.11363E+03  0.11789E+03  0.29815E+03  0.00000E+00  0.00000E+00  0.00000E+00  0.00000E+00  0.10010E+03  0.00000E+00  0.00000E+00  0.33600E+03  0.00000E+00  0.00000E+00  0.00000E+00  0.00000E+00  0.00000E+00  0.00000E+00  0.00000E+00  0.00000E+00  0.00000E+00  0.10306E+05  0.10306E+05  0.00000E+00  0.00000E+00  0.00000E+00  0.10306E+05
 0.16500E+01  0.10010E+03  0.10010E+03  0.10010E+03  0.11421E+03  0.11789E+03  0.29815E+03  0.00000E+00  0.00000E+00  0.00000E+00  0.00000E+00  0.10010E+03  0.00000E+00  0.00000E+00  0.33600E+03  0.00000E+00  0.00000E+00  0.00000E+00  0.00000E+00  0.00000E+00  0.00000E+00  0.00000E+00  0.00000E+00  0.00000E+00  0.10950E+05  0.10950E+05  0.00000E+00  0.00000E+00  0.00000E+00  0.10950E+05
 0.17500E+01  0.10010E+03  0.10010E+03  0.10010E+03  0.11421E+03  0.11789E+03  0.29815E+03  0.00000E+00  0.00000E+00  0.00000E+00  0.00000E+00  0.10010E+03  0.00000E+00  0.00000E+00  0.33600E+03  0.00000E+00  0.00000E+00  0.00000E+00  0.00000E+00  0.00000E+00  0.00000E+00  0.00000E+00  0.00000E+00  0.00000E+00  0.10950E+05  0.10950E+05  0.00000E+00  0.00000E+00  0.00000E+00  0.10950E+05
 0.17500E+01  0.10010E+03  0.10010E+03  0.10010E+03  0.11483E+03  0.11789E+03  0.29815E+03  0.00000E+00  0.00000E+00  0.00000E+00  0.00000E+00  0.10010E+03  0.00000E+00  0.00000E+00  0.33600E+03  0.00000E+00  0.00000E+00  0.00000E+00  0.00000E+00  0.00000E+00  0.00000E+00  0.00000E+00  0.00000E+00  0.00000E+00  0.11594E+05  0.11594E+05  0.00000E+00  0.00000E+00  0.00000E+00  0.11594E+05
 0.18500E+01  0.10010E+03  0.10010E+03  0.10010E+03  0.11483E+03  0.11789E+03  0.29815E+03  0.00000E+00  0.00000E+00  0.00000E+00  0.00000E+00  0.10010E+03  0.00000E+00  0.00000E+00  0.33600E+03  0.00000E+00  0.00000E+00  0.00000E+00  0.00000E+00  0.00000E+00  0.00000E+00  0.00000E+00  0.00000E+00  0.00000E+00  0.11594E+05  0.11594E+05  0.00000E+00  0.00000E+00  0.00000E+00  0.11594E+05
 0.18500E+01  0.10010E+03  0.10010E+03  0.10010E+03  0.11551E+03  0.11789E+03  0.29815E+03  0.00000E+00  0.00000E+00  0.00000E+00  0.00000E+00  0.10010E+03  0.00000E+00  0.00000E+00  0.33600E+03  0.00000E+00  0.00000E+00  0.00000E+00  0.00000E+00  0.00000E+00  0.00000E+00  0.00000E+00  0.00000E+00  0.00000E+00  0.12238E+05  0.12238E+05  0.00000E+00  0.00000E+00  0.00000E+00  0.12238E+05
 0.19500E+01  0.10010E+03  0.10010E+03  0.10010E+03  0.11551E+03  0.11789E+03  0.29815E+03  0.00000E+00  0.00000E+00  0.00000E+00  0.00000E+00  0.10010E+03  0.00000E+00  0.00000E+00  0.33600E+03  0.00000E+00  0.00000E+00  0.00000E+00  0.00000E+00  0.00000E+00  0.00000E+00  0.00000E+00  0.00000E+00  0.00000E+00  0.12238E+05  0.12238E+05  0.00000E+00  0.00000E+00  0.00000E+00  0.12238E+05
 0.19500E+01  0.10010E+03  0.10010E+03  0.10010E+03  0.11625E+03  0.11789E+03  0.29815E+03  0.00000E+00  0.00000E+00  0.00000E+00  0.00000E+00  0.10010E+03  0.00000E+00  0.00000E+00  0.33600E+03  0.00000E+00  0.00000E+00  0.00000E+00  0.00000E+00  0.00000E+00  0.00000E+00  0.00000E+00  0.00000E+00  0.00000E+00  0.12882E+05  0.12882E+05  0.00000E+00  0.00000E+00  0.00000E+00  0.12882E+05
 0.20500E+01  0.10010E+03  0.10010E+03  0.10010E+03  0.11625E+03  0.11789E+03  0.29815E+03  0.00000E+00  0.00000E+00  0.00000E+00  0.00000E+00  0.10010E+03  0.00000E+00  0.00000E+00  0.33600E+03  0.00000E+00  0.00000E+00  0.00000E+00  0.00000E+00  0.00000E+00  0.00000E+00  0.00000E+00  0.00000E+00  0.00000E+00  0.12882E+05  0.12882E+05  0.00000E+00  0.00000E+00  0.00000E+00  0.12882E+05
 0.20500E+01  0.10010E+03  0.10010E+03  0.10010E+03  0.11706E+03  0.10010E+03  0.29815E+03  0.00000E+00  0.00000E+00  0.00000E+00  0.00000E+00  0.10010E+03  0.00000E+00  0.00000E+00  0.33600E+03  0.00000E+00  0.00000E+00  0.00000E+00  0.00000E+00  0.00000E+00  0.00000E+00  0.00000E+00  0.00000E+00  0.00000E+00  0.12882E+05  0.12882E+05  0.00000E+00  0.00000E+00  0.00000E+00  0.12882E+05
 0.21500E+01  0.10010E+03  0.10010E+03  0.10010E+03  0.11706E+03  0.10010E+03  0.29815E+03  0.00000E+00  0.00000E+00  0.00000E+00  0.00000E+00  0.10010E+03  0.00000E+00  0.00000E+00  0.33600E+03  0.00000E+00  0.00000E+00  0.00000E+00  0.00000E+00  0.00000E+00  0.00000E+00  0.00000E+00  0.00000E+00  0.00000E+00  0.12882E+05  0.12882E+05  0.00000E+00  0.00000E+00  0.00000E+00  0.12882E+05
 0.21500E+01  0.10010E+03  0.10010E+03  0.10010E+03  0.11795E+03  0.10010E+03  0.29815E+03  0.00000E+00  0.00000E+00  0.00000E+00  0.00000E+00  0.10010E+03  0.00000E+00  0.00000E+00  0.33600E+03  0.00000E+00  0.00000E+00  0.00000E+00  0.00000E+00  0.00000E+00  0.00000E+00  0.00000E+00  0.00000E+00  0.00000E+00  0.12882E+05  0.12882E+05  0.00000E+00  0.00000E+00  0.00000E+00  0.12882E+05
 0.22500E+01  0.10010E+03  0.10010E+03  0.10010E+03  0.11795E+03  0.10010E+03  0.29815E+03  0.00000E+00  0.00000E+00  0.00000E+00  0.00000E+00  0.10010E+03  0.00000E+00  0.00000E+00  0.33600E+03  0.00000E+00  0.00000E+00  0.00000E+00  0.00000E+00  0.00000E+00  0.00000E+00  0.00000E+00  0.00000E+00  0.00000E+00  0.12882E+05  0.12882E+05  0.00000E+00  0.00000E+00  0.00000E+00  0.12882E+05
 0.22500E+01  0.10010E+03  0.10010E+03  0.10010E+03  0.11893E+03  0.10010E+03  0.29815E+03  0.00000E+00  0.00000E+00  0.00000E+00  0.00000E+00  0.10010E+03  0.00000E+00  0.00000E+00  0.33600E+03  0.00000E+00  0.00000E+00  0.00000E+00  0.00000E+00  0.00000E+00  0.00000E+00  0.00000E+00  0.00000E+00  0.00000E+00  0.12882E+05  0.12882E+05  0.00000E+00  0.00000E+00  0.00000E+00  0.12882E+05
 0.23500E+01  0.10010E+03  0.10010E+03  0.10010E+03  0.11893E+03  0.10010E+03  0.29815E+03  0.00000E+00  0.00000E+00  0.00000E+00  0.00000E+00  0.10010E+03  0.00000E+00  0.00000E+00  0.33600E+03  0.00000E+00  0.00000E+00  0.00000E+00  0.00000E+00  0.00000E+00  0.00000E+00  0.00000E+00  0.00000E+00  0.00000E+00  0.12882E+05  0.12882E+05  0.00000E+00  0.00000E+00  0.00000E+00  0.12882E+05
 0.23500E+01  0.10010E+03  0.10010E+03  0.10010E+03  0.12000E+03  0.10010E+03  0.29815E+03  0.00000E+00  0.00000E+00  0.00000E+00  0.00000E+00  0.10010E+03  0.00000E+00  0.00000E+00  0.33601E+03  0.00000E+00  0.00000E+00  0.00000E+00  0.00000E+00  0.00000E+00  0.00000E+00  0.40254E-02  0.00000E+00  0.11973E-01  0.12882E+05  0.12883E+05  0.00000E+00  0.00000E+00  0.00000E+00  0.12883E+05
 0.24500E+01  0.10010E+03  0.10010E+03  0.10010E+03  0.12000E+03  0.10010E+03  0.29815E+03  0.00000E+00  0.00000E+00  0.00000E+00  0.00000E+00  0.10010E+03  0.00000E+00  0.00000E+00  0.33601E+03  0.00000E+00  0.00000E+00  0.00000E+00  0.00000E+00  0.00000E+00  0.00000E+00  0.40254E-02  0.00000E+00  0.11973E-01  0.12882E+05  0.12883E+05  0.00000E+00  0.00000E+00  0.00000E+00  0.12883E+05
 0.24500E+01  0.10575E+03  0.10010E+03  0.10575E+03  0.12683E+03  0.10575E+03  0.29815E+03  0.00000E+00  0.00000E+00  0.00000E+00  0.00000E+00  0.10575E+03  0.00000E+00  0.72130E+00  0.26970E+04  0.00000E+00  0.00000E+00  0.00000E+00  0.00000E+00  0.00000E+00  0.00000E+00  0.40255E-02  0.00000E+00  0.34068E+03  0.12882E+05  0.13223E+05  0.00000E+00  0.00000E+00  0.00000E+00  0.13223E+05
 0.25500E+01  0.10575E+03  0.10010E+03  0.10575E+03  0.12683E+03  0.10575E+03  0.29815E+03  0.00000E+00  0.00000E+00  0.00000E+00  0.00000E+00  0.10575E+03  0.00000E+00  0.72130E+00  0.26970E+04  0.00000E+00  0.00000E+00  0.00000E+00  0.00000E+00  0.00000E+00  0.00000E+00  0.40255E-02  0.00000E+00  0.34068E+03  0.12882E+05  0.13223E+05  0.00000E+00  0.00000E+00  0.00000E+00  0.13223E+05
 0.25500E+01  0.21765E+03  0.10010E+03  0.21765E+03  0.24010E+03  0.21765E+03  0.29815E+03  0.00000E+00  0.00000E+00  0.00000E+00  0.00000E+00  0.21765E+03  0.00000E+00  0.72010E+00  0.27023E+04  0.00000E+00  0.00000E+00  0.00000E+00  0.00000E+00  0.00000E+00  0.00000E+00  0.40256E-02  0.00000E+00  0.74324E+04  0.12882E+05  0.20315E+05  0.00000E+00  0.00000E+00  0.00000E+00  0.20315E+05
 0.26500E+01  0.21765E+03  0.10010E+03  0.21765E+03  0.24010E+03  0.21765E+03  0.29815E+03  0.00000E+00  0.00000E+00  0.00000E+00  0.00000E+00  0.21765E+03  0.00000E+00  0.72010E+00  0.27023E+04  0.00000E+00  0.00000E+00  0.00000E+00  0.00000E+00  0.00000E+00  0.00000E+00  0.40256E-02  0.00000E+00  0.74324E+04  0.12882E+05  0.20315E+05  0.00000E+00  0.00000E+00  0.00000E+00  0.20315E+05
 0.26500E+01  0.10010E+03  0.10010E+03  0.10926E+03  0.13477E+03  0.10926E+03  0.27975E+04  0.00000E+00  0.91611E+01  0.91611E+01  0.17073E+02  0.11717E+03  0.46341E+00  0.69471E+02  0.44536E+03  0.32622E+03  0.23920E+05  0.84472E+04  0.00000E+00  0.00000E+00  0.00000E+00  0.40359E-02  0.00000E+00  0.74324E+04  0.12882E+05  0.20315E+05  0.00000E+00  0.44032E+03  0.44032E+03  0.20755E+05
 0.27500E+01  0.10010E+03  0.10010E+03  0.10926E+03  0.13477E+03  0.10926E+03  0.27975E+04  0.00000E+00  0.91611E+01  0.91611E+01  0.17073E+02  0.11717E+03  0.46341E+00  0.69471E+02  0.44536E+03  0.32622E+03  0.23920E+05  0.84472E+04  0.00000E+00  0.00000E+00  0.00000E+00  0.40359E-02  0.00000E+00  0.74324E+04  0.12882E+05  0.20315E+05  0.00000E+00  0.44032E+03  0.44032E+03  0.20755E+05
 0.27500E+01  0.10010E+03  0.10010E+03  0.10925E+03  0.13494E+03  0.10925E+03  0.27955E+04  0.00000E+00  0.91543E+01  0.91543E+01  0.18304E+02  0.11840E+03  0.49986E+00  0.82958E+02  0.43587E+03  0.32578E+03  0.23858E+05  0.83929E+04  0.00000E+00  0.00000E+00  0.00000E+00  0.40439E-02  0.00000E+00  0.74324E+04  0.12882E+05  0.20315E+05  0.00000E+00  0.88032E+03  0.88032E+03  0.21195E+05
 0.28500E+01  0.10010E+03  0.10010E+03  0.10925E+03  0.13494E+03  0.10925E+03  0.27955E+04  0.00000E+00  0.91543E+01  0.91543E+01  0.18304E+02  0.11840E+03  0.49986E+00  0.82958E+02  0.43587E+03  0.32578E+03  0.23858E+05  0.83929E+04  0.00000E+00  0.00000E+00  0.00000E+00  0.40439E-02  0.00000E+00  0.74324E+04  0.12882E+05  0.20315E+05  0.00000E+00  0.88032E+03  0.88032E+03  0.21195E+05
 0.28500E+01  0.10010E+03  0.10010E+03  0.10921E+03  0.13667E+03  0.10921E+03  0.27952E+04  0.00000E+00  0.91066E+01  0.91066E+01  0.91066E+01  0.10921E+03  0.00000E+00  0.00000E+00  0.43195E+03  0.32616E+03  0.29788E+04  0.84091E+04  0.00000E+00  0.00000E+00  0.00000E+00  0.40450E-02  0.00000E+00  0.74324E+04  0.12882E+05  0.20315E+05  0.00000E+00  0.13180E+04  0.13180E+04  0.21633E+05
 0.29500E+01  0.10010E+03  0.10010E+03  0.10921E+03  0.13667E+03  0.10921E+03  0.27952E+04  0.00000E+00  0.91066E+01  0.91066E+01  0.91066E+01  0.10921E+03  0.00000E+00  0.00000E+00  0.43195E+03  0.32616E+03  0.29788E+04  0.84091E+04  0.00000E+00  0.00000E+00  0.00000E+00  0.40450E-02  0.00000E+00  0.74324E+04  0.12882E+05  0.20315E+05  0.00000E+00  0.13180E+04  0.13180E+04  0.21633E+05
 0.29500E+01  0.10010E+03  0.10010E+03  0.10914E+03  0.13857E+03  0.10914E+03  0.27948E+04  0.00000E+00  0.90363E+01  0.90363E+01  0.90363E+01  0.10914E+03  0.00000E+00  0.00000E+00  0.42924E+03  0.32714E+03  0.29770E+04  0.84308E+04  0.00000E+00  0.00000E+00  0.00000E+00  0.40469E-02  0.00000E+00  0.74324E+04  0.12882E+05  0.20315E+05  0.00000E+00  0.17524E+04  0.17524E+04  0.22067E+05
 0.30500E+01  0.10010E+03  0.10010E+03  0.10914E+03  0.13857E+03  0.10914E+03  0.27948E+04  0.00000E+00  0.90363E+01  0.90363E+01  0.90363E+01  0.10914E+03  0.00000E+00  0.00000E+00  0.42924E+03  0.32714E+03  0.29770E+04  0.84308E+04  0.00000E+00  0.00000E+00  0.00000E+00  0.40469E-02  0.00000E+00  0.74324E+04  0.12882E+05  0.20315E+05  0.00000E+00  0.17524E+04  0.17524E+04  0.22067E+05
 0.30500E+01  0.10010E+03  0.10010E+03  0.10906E+03  0.14068E+03  0.10906E+03  0.27942E+04  0.00000E+00  0.89574E+01  0.89574E+01  0.89574E+01  0.10906E+03  0.00000E+00  0.00000E+00  0.42653E+03  0.32811E+03  0.29745E+04  0.84419E+04  0.00000E+00  0.00000E+00  0.00000E+00  0.40495E-02  0.00000E+00  0.74324E+04  0.12882E+05  0.20315E+05  0.00000E+00  0.21829E+04  0.21829E+04  0.22498E+05
 0.31500E+01  0.10010E+03  0.10010E+03  0.10906E+03  0.14068E+03  0.10906E+03  0.27942E+04  0.00000E+00  0.89574E+01  0.89574E+01  0.89574E+01  0.10906E+03  0.00000E+00  0.00000E+00  0.42653E+03  0.32811E+03  0.29745E+04  0.84419E+04  0.00000E+00  0.00000E+00  0.00000E+00  0.40495E-02  0.00000E+00  0.74324E+04  0.12882E+05  0.20315E+05  0.00000E+00  0.21829E+04  0.21829E+04  0.22498E+05
 0.31500E+01  0.10010E+03  0.10010E+03  0.10896E+03  0.14299E+03  0.10896E+03  0.27934E+04  0.00000E+00  0.88621E+01  0.88621E+01  0.88621E+01  0.10896E+03  0.00000E+00  0.00000E+00  0.42378E+03  0.32834E+03  0.29713E+04  0.84324E+04  0.00000E+00  0.00000E+00  0.00000E+00  0.40527E-02  0.00000E+00  0.74324E+04  0.12882E+05  0.20315E+05  0.00000E+00  0.26088E+04  0.26088E+04  0.22924E+05
 0.32500E+01  0.10010E+03  0.10010E+03  0.10896E+03  0.14299E+03  0.10896E+03  0.27934E+04  0.00000E+00  0.88621E+01  0.88621E+01  0.88621E+01  0.10896E+03  0.00000E+00  0.00000E+00  0.42378E+03  0.32834E+03  0.29713E+04  0.84324E+04  0.00000E+00  0.00000E+00  0.00000E+00  0.40527E-02  0.00000E+00  0.74324E+04  0.12882E+05  0.20315E+05  0.00000E+00  0.26088E+04  0.26088E+04  0.22924E+05
 0.32500E+01  0.10010E+03  0.10010E+03  0.10882E+03  0.14550E+03  0.10882E+03  0.27925E+04  0.00000E+00  0.87188E+01  0.87188E+01  0.87188E+01  0.10882E+03  0.00000E+00  0.00000E+00  0.42098E+03  0.32734E+03  0.29674E+04  0.84019E+04  0.00000E+00  0.00000E+00  0.00000E+00  0.40567E-02  0.00000E+00  0.74324E+04  0.12882E+05  0.20315E+05  0.00000E+00  0.30279E+04  0.30279E+04  0.23343E+05
 0.33500E+01  0.10010E+03  0.10010E+03  0.10882E+03  0.14550E+03  0.10882E+03  0.27925E+04  0.00000E+00  0.87188E+01  0.87188E+01  0.87188E+01  0.10882E+03  0.00000E+00  0.00000E+00  0.42098E+03  0.32734E+03  0.29674E+04  0.84019E+04  0.00000E+00  0.00000E+00  0.00000E+00  0.40567E-02  0.00000E+00  0.74324E+04  0.12882E+05  0.20315E+05  0.00000E+00  0.30279E+04  0.30279E+04  0.23343E+05
 0.33500E+01  0.10010E+03  0.10010E+03  0.10859E+03  0.14818E+03  0.10859E+03  0.27913E+04  0.00000E+00  0.84930E+01  0.84930E+01  0.84930E+01  0.10859E+03  0.00000E+00  0.00000E+00  0.41818E+03  0.32500E+03  0.29625E+04  0.83549E+04  0.00000E+00  0.00000E+00  0.00000E+00  0.40618E-02  0.00000E+00  0.74324E+04  0.12882E+05  0.20315E+05  0.00000E+00  0.34361E+04  0.34361E+04  0.23751E+05
 0.34500E+01  0.10010E+03  0.10010E+03  0.10859E+03  0.14818E+03  0.10859E+03  0.27913E+04  0.00000E+00  0.84930E+01  0.84930E+01  0.84930E+01  0.10859E+03  0.00000E+00  0.00000E+00  0.41818E+03  0.32500E+03  0.29625E+04  0.83549E+04  0.00000E+00  0.00000E+00  0.00000E+00  0.40618E-02  0.00000E+00  0.74324E+04  0.12882E+05  0.20315E+05  0.00000E+00  0.34361E+04  0.34361E+04  0.23751E+05
 0.34500E+01  0.10010E+03  0.10010E+03  0.10830E+03  0.15107E+03  0.10830E+03  0.27898E+04  0.00000E+00  0.81975E+01  0.81975E+01  0.81975E+01  0.10830E+03  0.00000E+00  0.00000E+00  0.41543E+03  0.32135E+03  0.29563E+04  0.82795E+04  0.00000E+00  0.00000E+00  0.00000E+00  0.40683E-02  0.00000E+00  0.74324E+04  0.12882E+05  0.20315E+05  0.00000E+00  0.38301E+04  0.38301E+04  0.24145E+05
 0.35500E+01  0.10010E+03  0.10010E+03  0.10830E+03  0.15107E+03  0.10830E+03  0.27898E+04  0.00000E+00  0.81975E+01  0.81975E+01  0.81975E+01  0.10830E+03  0.00000E+00  0.00000E+00  0.41543E+03  0.32135E+03  0.29563E+04  0.82795E+04  0.00000E+00  0.00000E+00  0.00000E+00  0.40683E-02  0.00000E+00  0.74324E+04  0.12882E+05  0.20315E+05  0.00000E+00  0.38301E+04  0.38301E+04  0.24145E+05
 0.35500E+01  0.10010E+03  0.10010E+03  0.10811E+03  0.15435E+03  0.10811E+03  0.27879E+04  0.00000E+00  0.80120E+01  0.80120E+01  0.80120E+01  0.10811E+03  0.00000E+00  0.00000E+00  0.40888E+03  0.31568E+03  0.29486E+04  0.80796E+04  0.00000E+00  0.00000E+00  0.00000E+00  0.40763E-02  0.00000E+00  0.74324E+04  0.12882E+05  0.20315E+05  0.00000E+00  0.42152E+04  0.42152E+04  0.24530E+05
 0.36500E+01  0.10010E+03  0.10010E+03  0.10811E+03  0.15435E+03  0.10811E+03  0.27879E+04  0.00000E+00  0.80120E+01  0.80120E+01  0.80120E+01  0.10811E+03  0.00000E+00  0.00000E+00  0.40888E+03  0.31568E+03  0.29486E+04  0.80796E+04  0.00000E+00  0.00000E+00  0.00000E+00  0.40763E-02  0.00000E+00  0.74324E+04  0.12882E+05  0.20315E+05  0.00000E+00  0.42152E+04  0.42152E+04  0.24530E+05
 0.36500E+01  0.10010E+03  0.10010E+03  0.10873E+03  0.15873E+03  0.10873E+03  0.27858E+04  0.00000E+00  0.86341E+01  0.86341E+01  0.86341E+01  0.10873E+03  0.00000E+00  0.00000E+00  0.40007E+03  0.30332E+03  0.29396E+04  0.74131E+04  0.00000E+00  0.00000E+00  0.00000E+00  0.40857E-02  0.00000E+00  0.74324E+04  0.12882E+05  0.20315E+05  0.00000E+00  0.46302E+04  0.46302E+04  0.24945E+05
 0.37500E+01  0.10010E+03  0.10010E+03  0.10873E+03  0.15873E+03  0.10873E+03  0.27858E+04  0.00000E+00  0.86341E+01  0.86341E+01  0.86341E+01  0.10873E+03  0.00000E+00  0.00000E+00  0.40007E+03  0.30332E+03  0.29396E+04  0.74131E+04  0.00000E+00  0.00000E+00  0.00000E+00  0.40857E-02  0.00000E+00  0.74324E+04  0.12882E+05  0.20315E+05  0.00000E+00  0.46302E+04  0.46302E+04  0.24945E+05
 0.37500E+01  0.10010E+03  0.10010E+03  0.11195E+03  0.16605E+03  0.11195E+03  0.27840E+04  0.00000E+00  0.11850E+02  0.11850E+02  0.11850E+02  0.11195E+03  0.00000E+00  0.00000E+00  0.39286E+03  0.26880E+03  0.29326E+04  0.58955E+04  0.00000E+00  0.00000E+00  0.00000E+00  0.40929E-02  0.00000E+00  0.74324E+04  0.12882E+05  0.20315E+05  0.00000E+00  0.51998E+04  0.51998E+04  0.25515E+05
 0.38500E+01  0.10010E+03  0.10010E+03  0.11195E+03  0.16605E+03  0.11195E+03  0.27840E+04  0.00000E+00  0.11850E+02  0.11850E+02  0.11850E+02  0.11195E+03  0.00000E+00  0.00000E+00  0.39286E+03  0.26880E+03  0.29326E+04  0.58955E+04  0.00000E+00  0.00000E+00  0.00000E+00  0.40929E-02  0.00000E+00  0.74324E+04  0.12882E+05  0.20315E+05  0.00000E+00  0.51998E+04  0.51998E+04  0.25515E+05
 0.38500E+01  0.10010E+03  0.10010E+03  0.11810E+03  0.17684E+03  0.11810E+03  0.27840E+04  0.00000E+00  0.18001E+02  0.18001E+02  0.18001E+02  0.11810E+03  0.00000E+00  0.00000E+00  0.38812E+03  0.20081E+03  0.29332E+04  0.42169E+04  0.00000E+00  0.00000E+00  0.00000E+00  0.40921E-02  0.00000E+00  0.74324E+04  0.12882E+05  0.20315E+05  0.00000E+00  0.60650E+04  0.60650E+04  0.26380E+05
 0.39500E+01  0.10010E+03  0.10010E+03  0.11810E+03  0.17684E+03  0.11810E+03  0.27840E+04  0.00000E+00  0.18001E+02  0.18001E+02  0.18001E+02  0.11810E+03  0.00000E+00  0.00000E+00  0.38812E+03  0.20081E+03  0.29332E+04  0.42169E+04  0.00000E+00  0.00000E+00  0.00000E+00  0.40921E-02  0.00000E+00  0.74324E+04  0.12882E+05  0.20315E+05  0.00000E+00  0.60650E+04  0.60650E+04  0.26380E+05
 0.39500E+01  0.10010E+03  0.10010E+03  0.12297E+03  0.18704E+03  0.12297E+03  0.27851E+04  0.00000E+00  0.22866E+02  0.22866E+02  0.22866E+02  0.12297E+03  0.00000E+00  0.00000E+00  0.38535E+03  0.14226E+03  0.29376E+04  0.32523E+04  0.00000E+00  0.00000E+00  0.00000E+00  0.40874E-02  0.00000E+00  0.74324E+04  0.12882E+05  0.20315E+05  0.00000E+00  0.71640E+04  0.71640E+04  0.27479E+05
 0.40500E+01  0.10010E+03  0.10010E+03  0.12297E+03  0.18704E+03  0.12297E+03  0.27851E+04  0.00000E+00  0.22866E+02  0.22866E+02  0.22866E+02  0.12297E+03  0.00000E+00  0.00000E+00  0.38535E+03  0.14226E+03  0.29376E+04  0.32523E+04  0.00000E+00  0.00000E+00  0.00000E+00  0.40874E-02  0.00000E+00  0.74324E+04  0.12882E+05  0.20315E+05  0.00000E+00  0.71640E+04  0.71640E+04  0.27479E+05
 0.40500E+01  0.10010E+03  0.10010E+03  0.12543E+03  0.19522E+03  0.12543E+03  0.27860E+04  0.00000E+00  0.25327E+02  0.25327E+02  0.25327E+02  0.12543E+03  0.00000E+00  0.00000E+00  0.38349E+03  0.11970E+03  0.29413E+04  0.29300E+04  0.00000E+00  0.00000E+00  0.00000E+00  0.40836E-02  0.00000E+00  0.74324E+04  0.12882E+05  0.20315E+05  0.00000E+00  0.83813E+04  0.83813E+04  0.28696E+05
 0.41500E+01  0.10010E+03  0.10010E+03  0.12543E+03  0.19522E+03  0.12543E+03  0.27860E+04  0.00000E+00  0.25327E+02  0.25327E+02  0.25327E+02  0.12543E+03  0.00000E+00  0.00000E+00  0.38349E+03  0.11970E+03  0.29413E+04  0.29300E+04  0.00000E+00  0.00000E+00  0.00000E+00  0.40836E-02  0.00000E+00  0.74324E+04  0.12882E+05  0.20315E+05  0.00000E+00  0.83813E+04  0.83813E+04  0.28696E+05
 0.41500E+01  0.10010E+03  0.10010E+03  0.12681E+03  0.20248E+03  0.12681E+03  0.27865E+04  0.00000E+00  0.26709E+02  0.26709E+02  0.26709E+02  0.12681E+03  0.00000E+00  0.00000E+00  0.38189E+03  0.11525E+03  0.29433E+04  0.28674E+04  0.00000E+00  0.00000E+00  0.00000E+00  0.40816E-02  0.00000E+00  0.74324E+04  0.12882E+05  0.20315E+05  0.00000E+00  0.96651E+04  0.96651E+04  0.29980E+05
 0.42500E+01  0.10010E+03  0.10010E+03  0.12681E+03  0.20248E+03  0.12681E+03  0.27865E+04  0.00000E+00  0.26709E+02  0.26709E+02  0.26709E+02  0.12681E+03  0.00000E+00  0.00000E+00  0.38189E+03  0.11525E+03  0.29433E+04  0.28674E+04  0.00000E+00  0.00000E+00  0.00000E+00  0.40816E-02  0.00000E+00  0.74324E+04  0.12882E+05  0.20315E+05  0.00000E+00  0.96651E+04  0.96651E+04  0.29980E+05
 0.42500E+01  0.10010E+03  0.10010E+03  0.12774E+03  0.20942E+03  0.12774E+03  0.27867E+04  0.00000E+00  0.27644E+02  0.27644E+02  0.27644E+02  0.12774E+03  0.00000E+00  0.00000E+00  0.38034E+03  0.11599E+03  0.29441E+04  0.28728E+04  0.00000E+00  0.00000E+00  0.00000E+00  0.40807E-02  0.00000E+00  0.74324E+04  0.12882E+05  0.20315E+05  0.00000E+00  0.10994E+05  0.10994E+05  0.31309E+05
 0.43500E+01  0.10010E+03  0.10010E+03  0.12774E+03  0.20942E+03  0.12774E+03  0.27867E+04  0.00000E+00  0.27644E+02  0.27644E+02  0.27644E+02  0.12774E+03  0.00000E+00  0.00000E+00  0.38034E+03  0.11599E+03  0.29441E+04  0.28728E+04  0.00000E+00  0.00000E+00  0.00000E+00  0.40807E-02  0.00000E+00  0.74324E+04  0.12882E+05  0.20315E+05  0.00000E+00  0.10994E+05  0.10994E+05  0.31309E+05
 0.43500E+01  0.10010E+03  0.10010E+03  0.12839E+03  0.21615E+03  0.12839E+03  0.27868E+04  0.00000E+00  0.28294E+02  0.28294E+02  0.28294E+02  0.12839E+03  0.00000E+00  0.00000E+00  0.37874E+03  0.11756E+03  0.29444E+04  0.28878E+04  0.00000E+00  0.00000E+00  0.00000E+00  0.40804E-02  0.00000E+00  0.74324E+04  0.12882E+05  0.20315E+05  0.00000E+00  0.12354E+05  0.12354E+05  0.32669E+05
 0.44500E+01  0.10010E+03  0.10010E+03  0.12839E+03  0.21615E+03  0.12839E+03  0.27868E+04  0.00000E+00  0.28294E+02  0.28294E+02  0.28294E+02  0.12839E+03  0.00000E+00  0.00000E+00  0.37874E+03  0.11756E+03  0.29444E+04  0.28878E+04  0.00000E+00  0.00000E+00  0.00000E+00  0.40804E-02  0.00000E+00  0.74324E+04  0.12882E+05  0.20315E+05  0.00000E+00  0.12354E+05  0.12354E+05  0.32669E+05
 0.44500E+01  0.10010E+03  0.10010E+03  0.12880E+03  0.22256E+03  0.12880E+03  0.27869E+04  0.00000E+00  0.28703E+02  0.28703E+02  0.28703E+02  0.12880E+03  0.00000E+00  0.00000E+00  0.37717E+03  0.11875E+03  0.29447E+04  0.28981E+04  0.00000E+00  0.00000E+00  0.00000E+00  0.40801E-02  0.00000E+00  0.74324E+04  0.12882E+05  0.20315E+05  0.00000E+00  0.13733E+05  0.13733E+05  0.34048E+05
 0.45500E+01  0.10010E+03  0.10010E+03  0.12880E+03  0.22256E+03  0.12880E+03  0.27869E+04  0.00000E+00  0.28703E+02  0.28703E+02  0.28703E+02  0.12880E+03  0.00000E+00  0.00000E+00  0.37717E+03  0.11875E+03  0.29447E+04  0.28981E+04  0.00000E+00  0.00000E+00  0.00000E+00  0.40801E-02  0.00000E+00  0.74324E+04  0.12882E+05  0.20315E+05  0.00000E+00  0.13733E+05  0.13733E+05  0.34048E+05
 0.45500E+01  0.10010E+03  0.10010E+03  0.12900E+03  0.22847E+03  0.12900E+03  0.27870E+04  0.00000E+00  0.28900E+02  0.28900E+02  0.28900E+02  0.12900E+03  0.00000E+00  0.00000E+00  0.37554E+03  0.11934E+03  0.29452E+04  0.29012E+04  0.00000E+00  0.00000E+00  0.00000E+00  0.40796E-02  0.00000E+00  0.74324E+04  0.12882E+05  0.20315E+05  0.00000E+00  0.15122E+05  0.15122E+05  0.35437E+05
 0.46500E+01  0.10010E+03  0.10010E+03  0.12900E+03  0.22847E+03  0.12900E+03  0.27870E+04  0.00000E+00  0.28900E+02  0.28900E+02  0.28900E+02  0.12900E+03  0.00000E+00  0.00000E+00  0.37554E+03  0.11934E+03  0.29452E+04  0.29012E+04  0.00000E+00  0.00000E+00  0.00000E+00  0.40796E-02  0.00000E+00  0.74324E+04  0.12882E+05  0.20315E+05  0.00000E+00  0.15122E+05  0.15122E+05  0.35437E+05
 0.46500E+01  0.10010E+03  0.10010E+03  0.12901E+03  0.23359E+03  0.12901E+03  0.27872E+04  0.00000E+00  0.28912E+02  0.28912E+02  0.28912E+02  0.12901E+03  0.00000E+00  0.00000E+00  0.37395E+03  0.11932E+03  0.29460E+04  0.28977E+04  0.00000E+00  0.00000E+00  0.00000E+00  0.40787E-02  0.00000E+00  0.74324E+04  0.12882E+05  0.20315E+05  0.00000E+00  0.16512E+05  0.16512E+05  0.36827E+05
 0.47500E+01  0.10010E+03  0.10010E+03  0.12901E+03  0.23359E+03  0.12901E+03  0.27872E+04  0.00000E+00  0.28912E+02  0.28912E+02  0.28912E+02  0.12901E+03  0.00000E+00  0.00000E+00  0.37395E+03  0.11932E+03  0.29460E+04  0.28977E+04  0.00000E+00  0.00000E+00  0.00000E+00  0.40787E-02  0.00000E+00  0.74324E+04  0.12882E+05  0.20315E+05  0.00000E+00  0.16512E+05  0.16512E+05  0.36827E+05
 0.47500E+01  0.10010E+03  0.10010E+03  0.12887E+03  0.23758E+03  0.12887E+03  0.27875E+04  0.00000E+00  0.28767E+02  0.28767E+02  0.28767E+02  0.12887E+03  0.00000E+00  0.00000E+00  0.37233E+03  0.11876E+03  0.29471E+04  0.28886E+04  0.00000E+00  0.00000E+00  0.00000E+00  0.40776E-02  0.00000E+00  0.74324E+04  0.12882E+05  0.20315E+05  0.00000E+00  0.17895E+05  0.17895E+05  0.38210E+05
 0.48500E+01  0.10010E+03  0.10010E+03  0.12887E+03  0.23758E+03  0.12887E+03  0.27875E+04  0.00000E+00  0.28767E+02  0.28767E+02  0.28767E+02  0.12887E+03  0.00000E+00  0.00000E+00  0.37233E+03  0.11876E+03  0.29471E+04  0.28886E+04  0.00000E+00  0.00000E+00  0.00000E+00  0.40776E-02  0.00000E+00  0.74324E+04  0.12882E+05  0.20315E+05  0.00000E+00  0.17895E+05  0.17895E+05  0.38210E+05
 0.48500E+01  0.10010E+03  0.10010E+03  0.12861E+03  0.24010E+03  0.12861E+03  0.27878E+04  0.00000E+00  0.28506E+02  0.28506E+02  0.28506E+02  0.12861E+03  0.00000E+00  0.00000E+00  0.37071E+03  0.11780E+03  0.29483E+04  0.28756E+04  0.00000E+00  0.00000E+00  0.00000E+00  0.40763E-02  0.00000E+00  0.74324E+04  0.12882E+05  0.20315E+05  0.00000E+00  0.19265E+05  0.19265E+05  0.39580E+05
 0.49500E+01  0.10010E+03  0.10010E+03  0.12861E+03  0.24010E+03  0.12861E+03  0.27878E+04  0.00000E+00  0.28506E+02  0.28506E+02  0.28506E+02  0.12861E+03  0.00000E+00  0.00000E+00  0.37071E+03  0.11780E+03  0.29483E+04  0.28756E+04  0.00000E+00  0.00000E+00  0.00000E+00  0.40763E-02  0.00000E+00  0.74324E+04  0.12882E+05  0.20315E+05  0.00000E+00  0.19265E+05  0.19265E+05  0.39580E+05
 0.49500E+01  0.10010E+03  0.10010E+03  0.12828E+03  0.24101E+03  0.12828E+03  0.27881E+04  0.00000E+00  0.28181E+02  0.28181E+02  0.28181E+02  0.12828E+03  0.00000E+00  0.00000E+00  0.36915E+03  0.11657E+03  0.29496E+04  0.28604E+04  0.00000E+00  0.00000E+00  0.00000E+00  0.40750E-02  0.00000E+00  0.74324E+04  0.12882E+05  0.20315E+05  0.00000E+00  0.20619E+05  0.20619E+05  0.40934E+05
 0.50500E+01  0.10010E+03  0.10010E+03  0.12828E+03  0.24101E+03  0.12828E+03  0.27881E+04  0.00000E+00  0.28181E+02  0.28181E+02  0.28181E+02  0.12828E+03  0.00000E+00  0.00000E+00  0.36915E+03  0.11657E+03  0.29496E+04  0.28604E+04  0.00000E+00  0.00000E+00  0.00000E+00  0.40750E-02  0.00000E+00  0.74324E+04  0.12882E+05  0.20315E+05  0.00000E+00  0.20619E+05  0.20619E+05  0.40934E+05
 0.50500E+01  0.10010E+03  0.10010E+03  0.12795E+03  0.24055E+03  0.12795E+03  0.27884E+04  0.00000E+00  0.27849E+02  0.27849E+02  0.27849E+02  0.12795E+03  0.00000E+00  0.00000E+00  0.36761E+03  0.11527E+03  0.29508E+04  0.28454E+04  0.00000E+00  0.00000E+00  0.00000E+00  0.40737E-02  0.00000E+00  0.74324E+04  0.12882E+05  0.20315E+05  0.00000E+00  0.21958E+05  0.21958E+05  0.42273E+05
 0.51500E+01  0.10010E+03  0.10010E+03  0.12795E+03  0.24055E+03  0.12795E+03  0.27884E+04  0.00000E+00  0.27849E+02  0.27849E+02  0.27849E+02  0.12795E+03  0.00000E+00  0.00000E+00  0.36761E+03  0.11527E+03  0.29508E+04  0.28454E+04  0.00000E+00  0.00000E+00  0.00000E+00  0.40737E-02  0.00000E+00  0.74324E+04  0.12882E+05  0.20315E+05  0.00000E+00  0.21958E+05  0.21958E+05  0.42273E+05
 0.51500E+01  0.10010E+03  0.10010E+03  0.12766E+03  0.23935E+03  0.12766E+03  0.27886E+04  0.00000E+00  0.27559E+02  0.27559E+02  0.27559E+02  0.12766E+03  0.00000E+00  0.00000E+00  0.36608E+03  0.11408E+03  0.29519E+04  0.28325E+04  0.00000E+00  0.00000E+00  0.00000E+00  0.40726E-02  0.00000E+00  0.74324E+04  0.12882E+05  0.20315E+05  0.00000E+00  0.23283E+05  0.23283E+05  0.43597E+05
 0.52500E+01  0.10010E+03  0.10010E+03  0.12766E+03  0.23935E+03  0.12766E+03  0.27886E+04  0.00000E+00  0.27559E+02  0.27559E+02  0.27559E+02  0.12766E+03  0.00000E+00  0.00000E+00  0.36608E+03  0.11408E+03  0.29519E+04  0.28325E+04  0.00000E+00  0.00000E+00  0.00000E+00  0.40726E-02  0.00000E+00  0.74324E+04  0.12882E+05  0.20315E+05  0.00000E+00  0.23283E+05  0.23283E+05  0.43597E+05
 0.52500E+01  0.10010E+03  0.10010E+03  0.12744E+03  0.23813E+03  0.12744E+03  0.27889E+04  0.00000E+00  0.27341E+02  0.27341E+02  0.27341E+02  0.12744E+03  0.00000E+00  0.00000E+00  0.36457E+03  0.11313E+03  0.29528E+04  0.28229E+04  0.00000E+00  0.00000E+00  0.00000E+00  0.40717E-02  0.00000E+00  0.74324E+04  0.12882E+05  0.20315E+05  0.00000E+00  0.24597E+05  0.24597E+05  0.44912E+05
 0.53500E+01  0.10010E+03  0.10010E+03  0.12744E+03  0.23813E+03  0.12744E+03  0.27889E+04  0.00000E+00  0.27341E+02  0.27341E+02  0.27341E+02  0.12744E+03  0.00000E+00  0.00000E+00  0.36457E+03  0.11313E+03  0.29528E+04  0.28229E+04  0.00000E+00  0.00000E+00  0.00000E+00  0.40717E-02  0.00000E+00  0.74324E+04  0.12882E+05  0.20315E+05  0.00000E+00  0.24597E+05  0.24597E+05  0.44912E+05
 0.53500E+01  0.10010E+03  0.10010E+03  0.12731E+03  0.23734E+03  0.12731E+03  0.27890E+04  0.00000E+00  0.27208E+02  0.27208E+02  0.27208E+02  0.12731E+03  0.00000E+00  0.00000E+00  0.36307E+03  0.11248E+03  0.29535E+04  0.28174E+04  0.00000E+00  0.00000E+00  0.00000E+00  0.40710E-02  0.00000E+00  0.74324E+04  0.12882E+05  0.20315E+05  0.00000E+00  0.25904E+05  0.25904E+05  0.46219E+05
 0.54500E+01  0.10010E+03  0.10010E+03  0.12731E+03  0.23734E+03  0.12731E+03  0.27890E+04  0.00000E+00  0.27208E+02  0.27208E+02  0.27208E+02  0.12731E+03  0.00000E+00  0.00000E+00  0.36307E+03  0.11248E+03  0.29535E+04  0.28174E+04  0.00000E+00  0.00000E+00  0.00000E+00  0.40710E-02  0.00000E+00  0.74324E+04  0.12882E+05  0.20315E+05  0.00000E+00  0.25904E+05  0.25904E+05  0.46219E+05
 0.54500E+01  0.10010E+03  0.10010E+03  0.12726E+03  0.23703E+03  0.12726E+03  0.27892E+04  0.00000E+00  0.27161E+02  0.27161E+02  0.27161E+02  0.12726E+03  0.00000E+00  0.00000E+00  0.36158E+03  0.11216E+03  0.29540E+04  0.28162E+04  0.00000E+00  0.00000E+00  0.00000E+00  0.40704E-02  0.00000E+00  0.74324E+04  0.12882E+05  0.20315E+05  0.00000E+00  0.27210E+05  0.27210E+05  0.47525E+05
 0.55500E+01  0.10010E+03  0.10010E+03  0.12726E+03  0.23703E+03  0.12726E+03  0.27892E+04  0.00000E+00  0.27161E+02  0.27161E+02  0.27161E+02  0.12726E+03  0.00000E+00  0.00000E+00  0.36158E+03  0.11216E+03  0.29540E+04  0.28162E+04  0.00000E+00  0.00000E+00  0.00000E+00  0.40704E-02  0.00000E+00  0.74324E+04  0.12882E+05  0.20315E+05  0.00000E+00  0.27210E+05  0.27210E+05  0.47525E+05
 0.55500E+01  0.10010E+03  0.10010E+03  0.12729E+03  0.23710E+03  0.12729E+03  0.27893E+04  0.00000E+00  0.27194E+02  0.27194E+02  0.27194E+02  0.12729E+03  0.00000E+00  0.00000E+00  0.36010E+03  0.11216E+03  0.29544E+04  0.28190E+04  0.00000E+00  0.00000E+00  0.00000E+00  0.40701E-02  0.00000E+00  0.74324E+04  0.12882E+05  0.20315E+05  0.00000E+00  0.28517E+05  0.28517E+05  0.48832E+05
 0.56500E+01  0.10010E+03  0.10010E+03  0.12729E+03  0.23710E+03  0.12729E+03  0.27893E+04  0.00000E+00  0.27194E+02  0.27194E+02  0.27194E+02  0.12729E+03  0.00000E+00  0.00000E+00  0.36010E+03  0.11216E+03  0.29544E+04  0.28190E+04  0.00000E+00  0.00000E+00  0.00000E+00  0.40701E-02  0.00000E+00  0.74324E+04  0.12882E+05  0.20315E+05  0.00000E+00  0.28517E+05  0.28517E+05  0.48832E+05
 0.56500E+01  0.10010E+03  0.10010E+03  0.12740E+03  0.23740E+03  0.12740E+03  0.27893E+04  0.00000E+00  0.27303E+02  0.27303E+02  0.27303E+02  0.12740E+03  0.00000E+00  0.00000E+00  0.35863E+03  0.11245E+03  0.29546E+04  0.28259E+04  0.00000E+00  0.00000E+00  0.00000E+00  0.40699E-02  0.00000E+00  0.74324E+04  0.12882E+05  0.20315E+05  0.00000E+00  0.29829E+05  0.29829E+05  0.50144E+05
 0.57500E+01  0.10010E+03  0.10010E+03  0.12740E+03  0.23740E+03  0.12740E+03  0.27893E+04  0.00000E+00  0.27303E+02  0.27303E+02  0.27303E+02  0.12740E+03  0.00000E+00  0.00000E+00  0.35863E+03  0.11245E+03  0.29546E+04  0.28259E+04  0.00000E+00  0.00000E+00  0.00000E+00  0.40699E-02  0.00000E+00  0.74324E+04  0.12882E+05  0.20315E+05  0.00000E+00  0.29829E+05  0.29829E+05  0.50144E+05
 0.57500E+01  0.10010E+03  0.10010E+03  0.12758E+03  0.23788E+03  0.12758E+03  0.27893E+04  0.00000E+00  0.27483E+02  0.27483E+02  0.27483E+02  0.12758E+03  0.00000E+00  0.00000E+00  0.35717E+03  0.11303E+03  0.29547E+04  0.28366E+04  0.00000E+00  0.00000E+00  0.00000E+00  0.40698E-02  0.00000E+00  0.74324E+04  0.12882E+05  0.20315E+05  0.00000E+00  0.31150E+05  0.31150E+05  0.51465E+05
 0.58500E+01  0.10010E+03  0.10010E+03  0.12758E+03  0.23788E+03  0.12758E+03  0.27893E+04  0.00000E+00  0.27483E+02  0.27483E+02  0.27483E+02  0.12758E+03  0.00000E+00  0.00000E+00  0.35717E+03  0.11303E+03  0.29547E+04  0.28366E+04  0.00000E+00  0.00000E+00  0.00000E+00  0.40698E-02  0.00000E+00  0.74324E+04  0.12882E+05  0.20315E+05  0.00000E+00  0.31150E+05  0.31150E+05  0.51465E+05
 0.58500E+01  0.10010E+03  0.10010E+03  0.12783E+03  0.23851E+03  0.12783E+03  0.27893E+04  0.00000E+00  0.27731E+02  0.27731E+02  0.27731E+02  0.12783E+03  0.00000E+00  0.00000E+00  0.35574E+03  0.11389E+03  0.29547E+04  0.28510E+04  0.00000E+00  0.00000E+00  0.00000E+00  0.40698E-02  0.00000E+00  0.74324E+04  0.12882E+05  0.20315E+05  0.00000E+00  0.32483E+05  0.32483E+05  0.52798E+05
 0.59500E+01  0.10010E+03  0.10010E+03  0.12783E+03  0.23851E+03  0.12783E+03  0.27893E+04  0.00000E+00  0.27731E+02  0.27731E+02  0.27731E+02  0.12783E+03  0.00000E+00  0.00000E+00  0.35574E+03  0.11389E+03  0.29547E+04  0.28510E+04  0.00000E+00  0.00000E+00  0.00000E+00  0.40698E-02  0.00000E+00  0.74324E+04  0.12882E+05  0.20315E+05  0.00000E+00  0.32483E+05  0.32483E+05  0.52798E+05
 0.59500E+01  0.10010E+03  0.10010E+03  0.12815E+03  0.23930E+03  0.12815E+03  0.27893E+04  0.00000E+00  0.28047E+02  0.28047E+02  0.28047E+02  0.12815E+03  0.00000E+00  0.00000E+00  0.35428E+03  0.11500E+03  0.29546E+04  0.28688E+04  0.00000E+00  0.00000E+00  0.00000E+00  0.40699E-02  0.00000E+00  0.74324E+04  0.12882E+05  0.20315E+05  0.00000E+00  0.33831E+05  0.33831E+05  0.54146E+05
 0.60500E+01  0.10010E+03  0.10010E+03  0.12815E+03  0.23930E+03  0.12815E+03  0.27893E+04  0.00000E+00  0.28047E+02  0.28047E+02  0.28047E+02  0.12815E+03  0.00000E+00  0.00000E+00  0.35428E+03  0.11500E+03  0.29546E+04  0.28688E+04  0.00000E+00  0.00000E+00  0.00000E+00  0.40699E-02  0.00000E+00  0.74324E+04  0.12882E+05  0.20315E+05  0.00000E+00  0.33831E+05  0.33831E+05  0.54146E+05
 0.60500E+01  0.10010E+03  0.10010E+03  0.12853E+03  0.24024E+03  0.12853E+03  0.27893E+04  0.00000E+00  0.28426E+02  0.28426E+02  0.28426E+02  0.12853E+03  0.00000E+00  0.00000E+00  0.35281E+03  0.11636E+03  0.29544E+04  0.28896E+04  0.00000E+00  0.00000E+00  0.00000E+00  0.40701E-02  0.00000E+00  0.74324E+04  0.12882E+05  0.20315E+05  0.00000E+00  0.35197E+05  0.35197E+05  0.55512E+05
 0.61500E+01  0.10010E+03  0.10010E+03  0.12853E+03  0.24024E+03  0.12853E+03  0.27893E+04  0.00000E+00  0.28426E+02  0.28426E+02  0.28426E+02  0.12853E+03  0.00000E+00  0.00000E+00  0.35281E+03  0.11636E+03  0.29544E+04  0.28896E+04  0.00000E+00  0.00000E+00  0.00000E+00  0.40701E-02  0.00000E+00  0.74324E+04  0.12882E+05  0.20315E+05  0.00000E+00  0.35197E+05  0.35197E+05  0.55512E+05
 0.61500E+01  0.10010E+03  0.10010E+03  0.12896E+03  0.24135E+03  0.12896E+03  0.27892E+04  0.00000E+00  0.28864E+02  0.28864E+02  0.28864E+02  0.12896E+03  0.00000E+00  0.00000E+00  0.35137E+03  0.11795E+03  0.29541E+04  0.29131E+04  0.00000E+00  0.00000E+00  0.00000E+00  0.40703E-02  0.00000E+00  0.74324E+04  0.12882E+05  0.20315E+05  0.00000E+00  0.36585E+05  0.36585E+05  0.56900E+05
 0.62500E+01  0.10010E+03  0.10010E+03  0.12896E+03  0.24135E+03  0.12896E+03  0.27892E+04  0.00000E+00  0.28864E+02  0.28864E+02  0.28864E+02  0.12896E+03  0.00000E+00  0.00000E+00  0.35137E+03  0.11795E+03  0.29541E+04  0.29131E+04  0.00000E+00  0.00000E+00  0.00000E+00  0.40703E-02  0.00000E+00  0.74324E+04  0.12882E+05  0.20315E+05  0.00000E+00  0.36585E+05  0.36585E+05  0.56900E+05
 0.62500E+01  0.10010E+03  0.10010E+03  0.12945E+03  0.24264E+03  0.12945E+03  0.27891E+04  0.00000E+00  0.29353E+02  0.29353E+02  0.29353E+02  0.12945E+03  0.00000E+00  0.00000E+00  0.34989E+03  0.11973E+03  0.29538E+04  0.29387E+04  0.00000E+00  0.00000E+00  0.00000E+00  0.40707E-02  0.00000E+00  0.74324E+04  0.12882E+05  0.20315E+05  0.00000E+00  0.37995E+05  0.37995E+05  0.58310E+05
 0.63500E+01  0.10010E+03  0.10010E+03  0.12945E+03  0.24264E+03  0.12945E+03  0.27891E+04  0.00000E+00  0.29353E+02  0.29353E+02  0.29353E+02  0.12945E+03  0.00000E+00  0.00000E+00  0.34989E+03  0.11973E+03  0.29538E+04  0.29387E+04  0.00000E+00  0.00000E+00  0.00000E+00  0.40707E-02  0.00000E+00  0.74324E+04  0.12882E+05  0.20315E+05  0.00000E+00  0.37995E+05  0.37995E+05  0.58310E+05
 0.63500E+01  0.10010E+03  0.10010E+03  0.12999E+03  0.24413E+03  0.12999E+03  0.27890E+04  0.00000E+00  0.29886E+02  0.29886E+02  0.29886E+02  0.12999E+03  0.00000E+00  0.00000E+00  0.34840E+03  0.12167E+03  0.29534E+04  0.29660E+04  0.00000E+00  0.00000E+00  0.00000E+00  0.40711E-02  0.00000E+00  0.74324E+04  0.12882E+05  0.20315E+05  0.00000E+00  0.39432E+05  0.39432E+05  0.59747E+05
 0.64500E+01  0.10010E+03  0.10010E+03  0.12999E+03  0.24413E+03  0.12999E+03  0.27890E+04  0.00000E+00  0.29886E+02  0.29886E+02  0.29886E+02  0.12999E+03  0.00000E+00  0.00000E+00  0.34840E+03  0.12167E+03  0.29534E+04  0.29660E+04  0.00000E+00  0.00000E+00  0.00000E+00  0.40711E-02  0.00000E+00  0.74324E+04  0.12882E+05  0.20315E+05  0.00000E+00  0.39432E+05  0.39432E+05  0.59747E+05
 0.64500E+01  0.10010E+03  0.10010E+03  0.13055E+03  0.24585E+03  0.13055E+03  0.27889E+04  0.00000E+00  0.30454E+02  0.30454E+02  0.30454E+02  0.13055E+03  0.00000E+00  0.00000E+00  0.34690E+03  0.12375E+03  0.29528E+04  0.29943E+04  0.00000E+00  0.00000E+00  0.00000E+00  0.40717E-02  0.00000E+00  0.74324E+04  0.12882E+05  0.20315E+05  0.00000E+00  0.40896E+05  0.40896E+05  0.61211E+05
 0.65500E+01  0.10010E+03  0.10010E+03  0.13055E+03  0.24585E+03  0.13055E+03  0.27889E+04  0.00000E+00  0.30454E+02  0.30454E+02  0.30454E+02  0.13055E+03  0.00000E+00  0.00000E+00  0.34690E+03  0.12375E+03  0.29528E+04  0.29943E+04  0.00000E+00  0.00000E+00  0.00000E+00  0.40717E-02  0.00000E+00  0.74324E+04  0.12882E+05  0.20315E+05  0.00000E+00  0.40896E+05  0.40896E+05  0.61211E+05
 0.65500E+01  0.10010E+03  0.10010E+03  0.13115E+03  0.24786E+03  0.13115E+03  0.27887E+04  0.00000E+00  0.31047E+02  0.31047E+02  0.31047E+02  0.13115E+03  0.00000E+00  0.00000E+00  0.34538E+03  0.12592E+03  0.29522E+04  0.30233E+04  0.00000E+00  0.00000E+00  0.00000E+00  0.40723E-02  0.00000E+00  0.74324E+04  0.12882E+05  0.20315E+05  0.00000E+00  0.42388E+05  0.42388E+05  0.62703E+05
 0.66500E+01  0.10010E+03  0.10010E+03  0.13115E+03  0.24786E+03  0.13115E+03  0.27887E+04  0.00000E+00  0.31047E+02  0.31047E+02  0.31047E+02  0.13115E+03  0.00000E+00  0.00000E+00  0.34538E+03  0.12592E+03  0.29522E+04  0.30233E+04  0.00000E+00  0.00000E+00  0.00000E+00  0.40723E-02  0.00000E+00  0.74324E+04  0.12882E+05  0.20315E+05  0.00000E+00  0.42388E+05  0.42388E+05  0.62703E+05
 0.66500E+01  0.10010E+03  0.10010E+03  0.13177E+03  0.25021E+03  0.13177E+03  0.27886E+04  0.00000E+00  0.31666E+02  0.31666E+02  0.31666E+02  0.13177E+03  0.00000E+00  0.00000E+00  0.34385E+03  0.12817E+03  0.29515E+04  0.30526E+04  0.00000E+00  0.00000E+00  0.00000E+00  0.40731E-02  0.00000E+00  0.74324E+04  0.12882E+05  0.20315E+05  0.00000E+00  0.43910E+05  0.43910E+05  0.64225E+05
 0.67500E+01  0.10010E+03  0.10010E+03  0.13177E+03  0.25021E+03  0.13177E+03  0.27886E+04  0.00000E+00  0.31666E+02  0.31666E+02  0.31666E+02  0.13177E+03  0.00000E+00  0.00000E+00  0.34385E+03  0.12817E+03  0.29515E+04  0.30526E+04  0.00000E+00  0.00000E+00  0.00000E+00  0.40731E-02  0.00000E+00  0.74324E+04  0.12882E+05  0.20315E+05  0.00000E+00  0.43910E+05  0.43910E+05  0.64225E+05
 0.67500E+01  0.10010E+03  0.10010E+03  0.13236E+03  0.25293E+03  0.13236E+03  0.27883E+04  0.00000E+00  0.32261E+02  0.32261E+02  0.32261E+02  0.13236E+03  0.00000E+00  0.00000E+00  0.34231E+03  0.13048E+03  0.29506E+04  0.30779E+04  0.00000E+00  0.00000E+00  0.00000E+00  0.40740E-02  0.00000E+00  0.74324E+04  0.12882E+05  0.20315E+05  0.00000E+00  0.45460E+05  0.45460E+05  0.65775E+05
 0.68500E+01  0.10010E+03  0.10010E+03  0.13236E+03  0.25293E+03  0.13236E+03  0.27883E+04  0.00000E+00  0.32261E+02  0.32261E+02  0.32261E+02  0.13236E+03  0.00000E+00  0.00000E+00  0.34231E+03  0.13048E+03  0.29506E+04  0.30779E+04  0.00000E+00  0.00000E+00  0.00000E+00  0.40740E-02  0.00000E+00  0.74324E+04  0.12882E+05  0.20315E+05  0.00000E+00  0.45460E+05  0.45460E+05  0.65775E+05
 0.68500E+01  0.10010E+03  0.10010E+03  0.13281E+03  0.25611E+03  0.13281E+03  0.27881E+04  0.00000E+00  0.32712E+02  0.32712E+02  0.32712E+02  0.13281E+03  0.00000E+00  0.00000E+00  0.34075E+03  0.13227E+03  0.29497E+04  0.31166E+04  0.00000E+00  0.00000E+00  0.00000E+00  0.40750E-02  0.00000E+00  0.74324E+04  0.12882E+05  0.20315E+05  0.00000E+00  0.47033E+05  0.47033E+05  0.67347E+05
 0.69500E+01  0.10010E+03  0.10010E+03  0.13281E+03  0.25611E+03  0.13281E+03  0.27881E+04  0.00000E+00  0.32712E+02  0.32712E+02  0.32712E+02  0.13281E+03  0.00000E+00  0.00000E+00  0.34075E+03  0.13227E+03  0.29497E+04  0.31166E+04  0.00000E+00  0.00000E+00  0.00000E+00  0.40750E-02  0.00000E+00  0.74324E+04  0.12882E+05  0.20315E+05  0.00000E+00  0.47033E+05  0.47033E+05  0.67347E+05
 0.69500E+01  0.10010E+03  0.10010E+03  0.13488E+03  0.26229E+03  0.13488E+03  0.27878E+04  0.00000E+00  0.34776E+02  0.34776E+02  0.34776E+02  0.13488E+03  0.00000E+00  0.00000E+00  0.33916E+03  0.13585E+03  0.29485E+04  0.31634E+04  0.00000E+00  0.00000E+00  0.00000E+00  0.40762E-02  0.00000E+00  0.74324E+04  0.12882E+05  0.20315E+05  0.00000E+00  0.48704E+05  0.48704E+05  0.69019E+05
 0.70500E+01  0.10010E+03  0.10010E+03  0.13488E+03  0.26229E+03  0.13488E+03  0.27878E+04  0.00000E+00  0.34776E+02  0.34776E+02  0.34776E+02  0.13488E+03  0.00000E+00  0.00000E+00  0.33916E+03  0.13585E+03  0.29485E+04  0.31634E+04  0.00000E+00  0.00000E+00  0.00000E+00  0.40762E-02  0.00000E+00  0.74324E+04  0.12882E+05  0.20315E+05  0.00000E+00  0.48704E+05  0.48704E+05  0.69019E+05
 0.70500E+01  0.10010E+03  0.10010E+03  0.13068E+03  0.26810E+03  0.13068E+03  0.27875E+04  0.00000E+00  0.30583E+02  0.30583E+02  0.30583E+02  0.13068E+03  0.00000E+00  0.00000E+00  0.33764E+03  0.14216E+03  0.29470E+04  0.26988E+04  0.00000E+00  0.00000E+00  0.00000E+00  0.40778E-02  0.00000E+00  0.74324E+04  0.12882E+05  0.20315E+05  0.00000E+00  0.50174E+05  0.50174E+05  0.70489E+05
 0.71500E+01  0.10010E+03  0.10010E+03  0.13068E+03  0.26810E+03  0.13068E+03  0.27875E+04  0.00000E+00  0.30583E+02  0.30583E+02  0.30583E+02  0.13068E+03  0.00000E+00  0.00000E+00  0.33764E+03  0.14216E+03  0.29470E+04  0.26988E+04  0.00000E+00  0.00000E+00  0.00000E+00  0.40778E-02  0.00000E+00  0.74324E+04  0.12882E+05  0.20315E+05  0.00000E+00  0.50174E+05  0.50174E+05  0.70489E+05
 0.71500E+01  0.10010E+03  0.10010E+03  0.10624E+03  0.23617E+03  0.10624E+03  0.27867E+04  0.00000E+00  0.61414E+01  0.61414E+01  0.61414E+01  0.10624E+03  0.00000E+00  0.00000E+00  0.33645E+03  0.76141E+02  0.29436E+04  0.17520E+04  0.00000E+00  0.00000E+00  0.00000E+00  0.40814E-02  0.00000E+00  0.74324E+04  0.12882E+05  0.20315E+05  0.00000E+00  0.50469E+05  0.50469E+05  0.70784E+05
 0.72500E+01  0.10010E+03  0.10010E+03  0.10624E+03  0.23617E+03  0.10624E+03  0.27867E+04  0.00000E+00  0.61414E+01  0.61414E+01  0.61414E+01  0.10624E+03  0.00000E+00  0.00000E+00  0.33645E+03  0.76141E+02  0.29436E+04  0.17520E+04  0.00000E+00  0.00000E+00  0.00000E+00  0.40814E-02  0.00000E+00  0.74324E+04  0.12882E+05  0.20315E+05  0.00000E+00  0.50469E+05  0.50469E+05  0.70784E+05
 0.72500E+01  0.10010E+03  0.10010E+03  0.10014E+03  0.20858E+03  0.10014E+03  0.29815E+03  0.00000E+00  0.42996E-01  0.42996E-01  0.42996E-01  0.10014E+03  0.00000E+00  0.00000E+00  0.29815E+03  0.58958E+01  0.00000E+00  0.00000E+00  0.00000E+00  0.00000E+00  0.00000E+00  0.00000E+00  0.00000E+00  0.74324E+04  0.12882E+05  0.20315E+05  0.00000E+00  0.50469E+05  0.50469E+05  0.70784E+05
 0.73500E+01  0.10010E+03  0.10010E+03  0.10014E+03  0.20858E+03  0.10014E+03  0.29815E+03  0.00000E+00  0.42996E-01  0.42996E-01  0.42996E-01  0.10014E+03  0.00000E+00  0.00000E+00  0.29815E+03  0.58958E+01  0.00000E+00  0.00000E+00  0.00000E+00  0.00000E+00  0.00000E+00  0.00000E+00  0.00000E+00  0.74324E+04  0.12882E+05  0.20315E+05  0.00000E+00  0.50469E+05  0.50469E+05  0.70784E+05
 0.73500E+01  0.10010E+03  0.10010E+03  0.10010E+03  0.20167E+03  0.10010E+03  0.29815E+03  0.00000E+00  0.00000E+00  0.00000E+00  0.00000E+00  0.10010E+03  0.00000E+00  0.00000E+00  0.29815E+03  0.00000E+00  0.00000E+00  0.00000E+00  0.00000E+00  0.00000E+00  0.00000E+00  0.00000E+00  0.00000E+00  0.74324E+04  0.12882E+05  0.20315E+05  0.00000E+00  0.50469E+05  0.50469E+05  0.70784E+05
 0.74500E+01  0.10010E+03  0.10010E+03  0.10010E+03  0.20167E+03  0.10010E+03  0.29815E+03  0.00000E+00  0.00000E+00  0.00000E+00  0.00000E+00  0.10010E+03  0.00000E+00  0.00000E+00  0.29815E+03  0.00000E+00  0.00000E+00  0.00000E+00  0.00000E+00  0.00000E+00  0.00000E+00  0.00000E+00  0.00000E+00  0.74324E+04  0.12882E+05  0.20315E+05  0.00000E+00  0.50469E+05  0.50469E+05  0.70784E+05
 0.74500E+01  0.10010E+03  0.10010E+03  0.10010E+03  0.20008E+03  0.10010E+03  0.29815E+03  0.00000E+00  0.00000E+00  0.00000E+00  0.00000E+00  0.10010E+03  0.00000E+00  0.00000E+00  0.29815E+03  0.00000E+00  0.00000E+00  0.00000E+00  0.00000E+00  0.00000E+00  0.00000E+00  0.00000E+00  0.00000E+00  0.74324E+04  0.12882E+05  0.20315E+05  0.00000E+00  0.50469E+05  0.50469E+05  0.70784E+05
 0.75500E+01  0.10010E+03  0.10010E+03  0.10010E+03  0.20008E+03  0.10010E+03  0.29815E+03  0.00000E+00  0.00000E+00  0.00000E+00  0.00000E+00  0.10010E+03  0.00000E+00  0.00000E+00  0.29815E+03  0.00000E+00  0.00000E+00  0.00000E+00  0.00000E+00  0.00000E+00  0.00000E+00  0.00000E+00  0.00000E+00  0.74324E+04  0.12882E+05  0.20315E+05  0.00000E+00  0.50469E+05  0.50469E+05  0.70784E+05
 0.75500E+01  0.10010E+03  0.10010E+03  0.10010E+03  0.19960E+03  0.10010E+03  0.29815E+03  0.00000E+00  0.00000E+00  0.00000E+00  0.00000E+00  0.10010E+03  0.00000E+00  0.00000E+00  0.29815E+03  0.00000E+00  0.00000E+00  0.00000E+00  0.00000E+00  0.00000E+00  0.00000E+00  0.00000E+00  0.00000E+00  0.74324E+04  0.12882E+05  0.20315E+05  0.00000E+00  0.50469E+05  0.50469E+05  0.70784E+05
 0.76500E+01  0.10010E+03  0.10010E+03  0.10010E+03  0.19960E+03  0.10010E+03  0.29815E+03  0.00000E+00  0.00000E+00  0.00000E+00  0.00000E+00  0.10010E+03  0.00000E+00  0.00000E+00  0.29815E+03  0.00000E+00  0.00000E+00  0.00000E+00  0.00000E+00  0.00000E+00  0.00000E+00  0.00000E+00  0.00000E+00  0.74324E+04  0.12882E+05  0.20315E+05  0.00000E+00  0.50469E+05  0.50469E+05  0.70784E+05
 0.76500E+01  0.10010E+03  0.10010E+03  0.10010E+03  0.19937E+03  0.10010E+03  0.29815E+03  0.00000E+00  0.00000E+00  0.00000E+00  0.00000E+00  0.10010E+03  0.00000E+00  0.00000E+00  0.29815E+03  0.00000E+00  0.00000E+00  0.00000E+00  0.00000E+00  0.00000E+00  0.00000E+00  0.00000E+00  0.00000E+00  0.74324E+04  0.12882E+05  0.20315E+05  0.00000E+00  0.50469E+05  0.50469E+05  0.70784E+05
 0.77500E+01  0.10010E+03  0.10010E+03  0.10010E+03  0.19937E+03  0.10010E+03  0.29815E+03  0.00000E+00  0.00000E+00  0.00000E+00  0.00000E+00  0.10010E+03  0.00000E+00  0.00000E+00  0.29815E+03  0.00000E+00  0.00000E+00  0.00000E+00  0.00000E+00  0.00000E+00  0.00000E+00  0.00000E+00  0.00000E+00  0.74324E+04  0.12882E+05  0.20315E+05  0.00000E+00  0.50469E+05  0.50469E+05  0.70784E+05
 0.77500E+01  0.10010E+03  0.10010E+03  0.10010E+03  0.19919E+03  0.10010E+03  0.29815E+03  0.00000E+00  0.00000E+00  0.00000E+00  0.00000E+00  0.10010E+03  0.00000E+00  0.00000E+00  0.29815E+03  0.00000E+00  0.00000E+00  0.00000E+00  0.00000E+00  0.00000E+00  0.00000E+00  0.00000E+00  0.00000E+00  0.74324E+04  0.12882E+05  0.20315E+05  0.00000E+00  0.50469E+05  0.50469E+05  0.70784E+05
 0.78500E+01  0.10010E+03  0.10010E+03  0.10010E+03  0.19919E+03  0.10010E+03  0.29815E+03  0.00000E+00  0.00000E+00  0.00000E+00  0.00000E+00  0.10010E+03  0.00000E+00  0.00000E+00  0.29815E+03  0.00000E+00  0.00000E+00  0.00000E+00  0.00000E+00  0.00000E+00  0.00000E+00  0.00000E+00  0.00000E+00  0.74324E+04  0.12882E+05  0.20315E+05  0.00000E+00  0.50469E+05  0.50469E+05  0.70784E+05
 0.78500E+01  0.10010E+03  0.10010E+03  0.10010E+03  0.19902E+03  0.10010E+03  0.29815E+03  0.00000E+00  0.00000E+00  0.00000E+00  0.00000E+00  0.10010E+03  0.00000E+00  0.00000E+00  0.29815E+03  0.00000E+00  0.00000E+00  0.00000E+00  0.00000E+00  0.00000E+00  0.00000E+00  0.00000E+00  0.00000E+00  0.74324E+04  0.12882E+05  0.20315E+05  0.00000E+00  0.50469E+05  0.50469E+05  0.70784E+05
 0.79500E+01  0.10010E+03  0.10010E+03  0.10010E+03  0.19902E+03  0.10010E+03  0.29815E+03  0.00000E+00  0.00000E+00  0.00000E+00  0.00000E+00  0.10010E+03  0.00000E+00  0.00000E+00  0.29815E+03  0.00000E+00  0.00000E+00  0.00000E+00  0.00000E+00  0.00000E+00  0.00000E+00  0.00000E+00  0.00000E+00  0.74324E+04  0.12882E+05  0.20315E+05  0.00000E+00  0.50469E+05  0.50469E+05  0.70784E+05
 0.79500E+01  0.10010E+03  0.10010E+03  0.10010E+03  0.19886E+03  0.10010E+03  0.29815E+03  0.00000E+00  0.00000E+00  0.00000E+00  0.00000E+00  0.10010E+03  0.00000E+00  0.00000E+00  0.29815E+03  0.00000E+00  0.00000E+00  0.00000E+00  0.00000E+00  0.00000E+00  0.00000E+00  0.00000E+00  0.00000E+00  0.74324E+04  0.12882E+05  0.20315E+05  0.00000E+00  0.50469E+05  0.50469E+05  0.70784E+05
 0.80500E+01  0.10010E+03  0.10010E+03  0.10010E+03  0.19886E+03  0.10010E+03  0.29815E+03  0.00000E+00  0.00000E+00  0.00000E+00  0.00000E+00  0.10010E+03  0.00000E+00  0.00000E+00  0.29815E+03  0.00000E+00  0.00000E+00  0.00000E+00  0.00000E+00  0.00000E+00  0.00000E+00  0.00000E+00  0.00000E+00  0.74324E+04  0.12882E+05  0.20315E+05  0.00000E+00  0.50469E+05  0.50469E+05  0.70784E+05
 0.80500E+01  0.10010E+03  0.10010E+03  0.10010E+03  0.19870E+03  0.10010E+03  0.29815E+03  0.00000E+00  0.00000E+00  0.00000E+00  0.00000E+00  0.10010E+03  0.00000E+00  0.00000E+00  0.29815E+03  0.00000E+00  0.00000E+00  0.00000E+00  0.00000E+00  0.00000E+00  0.00000E+00  0.00000E+00  0.00000E+00  0.74324E+04  0.12882E+05  0.20315E+05  0.00000E+00  0.50469E+05  0.50469E+05  0.70784E+05
 0.81500E+01  0.10010E+03  0.10010E+03  0.10010E+03  0.19870E+03  0.10010E+03  0.29815E+03  0.00000E+00  0.00000E+00  0.00000E+00  0.00000E+00  0.10010E+03  0.00000E+00  0.00000E+00  0.29815E+03  0.00000E+00  0.00000E+00  0.00000E+00  0.00000E+00  0.00000E+00  0.00000E+00  0.00000E+00  0.00000E+00  0.74324E+04  0.12882E+05  0.20315E+05  0.00000E+00  0.50469E+05  0.50469E+05  0.70784E+05
 0.81500E+01  0.10010E+03  0.10010E+03  0.10010E+03  0.19855E+03  0.10010E+03  0.29815E+03  0.00000E+00  0.00000E+00  0.00000E+00  0.00000E+00  0.10010E+03  0.00000E+00  0.00000E+00  0.29815E+03  0.00000E+00  0.00000E+00  0.00000E+00  0.00000E+00  0.00000E+00  0.00000E+00  0.00000E+00  0.00000E+00  0.74324E+04  0.12882E+05  0.20315E+05  0.00000E+00  0.50469E+05  0.50469E+05  0.70784E+05
 0.82500E+01  0.10010E+03  0.10010E+03  0.10010E+03  0.19855E+03  0.10010E+03  0.29815E+03  0.00000E+00  0.00000E+00  0.00000E+00  0.00000E+00  0.10010E+03  0.00000E+00  0.00000E+00  0.29815E+03  0.00000E+00  0.00000E+00  0.00000E+00  0.00000E+00  0.00000E+00  0.00000E+00  0.00000E+00  0.00000E+00  0.74324E+04  0.12882E+05  0.20315E+05  0.00000E+00  0.50469E+05  0.50469E+05  0.70784E+05
 0.82500E+01  0.10010E+03  0.10010E+03  0.10010E+03  0.19841E+03  0.10010E+03  0.29815E+03  0.00000E+00  0.00000E+00  0.00000E+00  0.00000E+00  0.10010E+03  0.00000E+00  0.00000E+00  0.29815E+03  0.00000E+00  0.00000E+00  0.00000E+00  0.00000E+00  0.00000E+00  0.00000E+00  0.00000E+00  0.00000E+00  0.74324E+04  0.12882E+05  0.20315E+05  0.00000E+00  0.50469E+05  0.50469E+05  0.70784E+05
 0.83500E+01  0.10010E+03  0.10010E+03  0.10010E+03  0.19841E+03  0.10010E+03  0.29815E+03  0.00000E+00  0.00000E+00  0.00000E+00  0.00000E+00  0.10010E+03  0.00000E+00  0.00000E+00  0.29815E+03  0.00000E+00  0.00000E+00  0.00000E+00  0.00000E+00  0.00000E+00  0.00000E+00  0.00000E+00  0.00000E+00  0.74324E+04  0.12882E+05  0.20315E+05  0.00000E+00  0.50469E+05  0.50469E+05  0.70784E+05
 0.83500E+01  0.10010E+03  0.10010E+03  0.10010E+03  0.19827E+03  0.10010E+03  0.29815E+03  0.00000E+00  0.00000E+00  0.00000E+00  0.00000E+00  0.10010E+03  0.00000E+00  0.00000E+00  0.29815E+03  0.00000E+00  0.00000E+00  0.00000E+00  0.00000E+00  0.00000E+00  0.00000E+00  0.00000E+00  0.00000E+00  0.74324E+04  0.12882E+05  0.20315E+05  0.00000E+00  0.50469E+05  0.50469E+05  0.70784E+05
 0.84500E+01  0.10010E+03  0.10010E+03  0.10010E+03  0.19827E+03  0.10010E+03  0.29815E+03  0.00000E+00  0.00000E+00  0.00000E+00  0.00000E+00  0.10010E+03  0.00000E+00  0.00000E+00  0.29815E+03  0.00000E+00  0.00000E+00  0.00000E+00  0.00000E+00  0.00000E+00  0.00000E+00  0.00000E+00  0.00000E+00  0.74324E+04  0.12882E+05  0.20315E+05  0.00000E+00  0.50469E+05  0.50469E+05  0.70784E+05
 0.84500E+01  0.10010E+03  0.10010E+03  0.10010E+03  0.19814E+03  0.10010E+03  0.29815E+03  0.00000E+00  0.00000E+00  0.00000E+00  0.00000E+00  0.10010E+03  0.00000E+00  0.00000E+00  0.29815E+03  0.00000E+00  0.00000E+00  0.00000E+00  0.00000E+00  0.00000E+00  0.00000E+00  0.00000E+00  0.00000E+00  0.74324E+04  0.12882E+05  0.20315E+05  0.00000E+00  0.50469E+05  0.50469E+05  0.70784E+05
 0.85500E+01  0.10010E+03  0.10010E+03  0.10010E+03  0.19814E+03  0.10010E+03  0.29815E+03  0.00000E+00  0.00000E+00  0.00000E+00  0.00000E+00  0.10010E+03  0.00000E+00  0.00000E+00  0.29815E+03  0.00000E+00  0.00000E+00  0.00000E+00  0.00000E+00  0.00000E+00  0.00000E+00  0.00000E+00  0.00000E+00  0.74324E+04  0.12882E+05  0.20315E+05  0.00000E+00  0.50469E+05  0.50469E+05  0.70784E+05
 0.85500E+01  0.10010E+03  0.10010E+03  0.10010E+03  0.19805E+03  0.10010E+03  0.29815E+03  0.00000E+00  0.00000E+00  0.00000E+00  0.00000E+00  0.10010E+03  0.00000E+00  0.00000E+00  0.29815E+03  0.00000E+00  0.00000E+00  0.00000E+00  0.00000E+00  0.00000E+00  0.00000E+00  0.00000E+00  0.00000E+00  0.74324E+04  0.12882E+05  0.20315E+05  0.00000E+00  0.50469E+05  0.50469E+05  0.70784E+05
 0.86500E+01  0.10010E+03  0.10010E+03  0.10010E+03  0.19805E+03  0.10010E+03  0.29815E+03  0.00000E+00  0.00000E+00  0.00000E+00  0.00000E+00  0.10010E+03  0.00000E+00  0.00000E+00  0.29815E+03  0.00000E+00  0.00000E+00  0.00000E+00  0.00000E+00  0.00000E+00  0.00000E+00  0.00000E+00  0.00000E+00  0.74324E+04  0.12882E+05  0.20315E+05  0.00000E+00  0.50469E+05  0.50469E+05  0.70784E+05
 0.86500E+01  0.10010E+03  0.10010E+03  0.10010E+03  0.19801E+03  0.10010E+03  0.29815E+03  0.00000E+00  0.00000E+00  0.00000E+00  0.00000E+00  0.10010E+03  0.00000E+00  0.00000E+00  0.29815E+03  0.00000E+00  0.00000E+00  0.00000E+00  0.00000E+00  0.00000E+00  0.00000E+00  0.00000E+00  0.00000E+00  0.74324E+04  0.12882E+05  0.20315E+05  0.00000E+00  0.50469E+05  0.50469E+05  0.70784E+05
 0.87500E+01  0.10010E+03  0.10010E+03  0.10010E+03  0.19801E+03  0.10010E+03  0.29815E+03  0.00000E+00  0.00000E+00  0.00000E+00  0.00000E+00  0.10010E+03  0.00000E+00  0.00000E+00  0.29815E+03  0.00000E+00  0.00000E+00  0.00000E+00  0.00000E+00  0.00000E+00  0.00000E+00  0.00000E+00  0.00000E+00  0.74324E+04  0.12882E+05  0.20315E+05  0.00000E+00  0.50469E+05  0.50469E+05  0.70784E+05
 0.87500E+01  0.10010E+03  0.10010E+03  0.10010E+03  0.19813E+03  0.10010E+03  0.29815E+03  0.00000E+00  0.00000E+00  0.00000E+00  0.00000E+00  0.10010E+03  0.00000E+00  0.00000E+00  0.29815E+03  0.00000E+00  0.00000E+00  0.00000E+00  0.00000E+00  0.00000E+00  0.00000E+00  0.00000E+00  0.00000E+00  0.74324E+04  0.12882E+05  0.20315E+05  0.00000E+00  0.50469E+05  0.50469E+05  0.70784E+05
 0.88500E+01  0.10010E+03  0.10010E+03  0.10010E+03  0.19813E+03  0.10010E+03  0.29815E+03  0.00000E+00  0.00000E+00  0.00000E+00  0.00000E+00  0.10010E+03  0.00000E+00  0.00000E+00  0.29815E+03  0.00000E+00  0.00000E+00  0.00000E+00  0.00000E+00  0.00000E+00  0.00000E+00  0.00000E+00  0.00000E+00  0.74324E+04  0.12882E+05  0.20315E+05  0.00000E+00  0.50469E+05  0.50469E+05  0.70784E+05
 0.88500E+01  0.10010E+03  0.10010E+03  0.10010E+03  0.19867E+03  0.10010E+03  0.29815E+03  0.00000E+00  0.00000E+00  0.00000E+00  0.00000E+00  0.10010E+03  0.00000E+00  0.00000E+00  0.29815E+03  0.00000E+00  0.00000E+00  0.00000E+00  0.00000E+00  0.00000E+00  0.00000E+00  0.00000E+00  0.00000E+00  0.74324E+04  0.12882E+05  0.20315E+05  0.00000E+00  0.50469E+05  0.50469E+05  0.70784E+05
 0.89500E+01  0.10010E+03  0.10010E+03  0.10010E+03  0.19867E+03  0.10010E+03  0.29815E+03  0.00000E+00  0.00000E+00  0.00000E+00  0.00000E+00  0.10010E+03  0.00000E+00  0.00000E+00  0.29815E+03  0.00000E+00  0.00000E+00  0.00000E+00  0.00000E+00  0.00000E+00  0.00000E+00  0.00000E+00  0.00000E+00  0.74324E+04  0.12882E+05  0.20315E+05  0.00000E+00  0.50469E+05  0.50469E+05  0.70784E+05
 0.89500E+01  0.10010E+03  0.10010E+03  0.10010E+03  0.20053E+03  0.10010E+03  0.29815E+03  0.00000E+00  0.00000E+00  0.00000E+00  0.00000E+00  0.10010E+03  0.00000E+00  0.00000E+00  0.29815E+03  0.00000E+00  0.00000E+00  0.00000E+00  0.00000E+00  0.00000E+00  0.00000E+00  0.00000E+00  0.00000E+00  0.74324E+04  0.12882E+05  0.20315E+05  0.00000E+00  0.50469E+05  0.50469E+05  0.70784E+05
 0.90500E+01  0.10010E+03  0.10010E+03  0.10010E+03  0.20053E+03  0.10010E+03  0.29815E+03  0.00000E+00  0.00000E+00  0.00000E+00  0.00000E+00  0.10010E+03  0.00000E+00  0.00000E+00  0.29815E+03  0.00000E+00  0.00000E+00  0.00000E+00  0.00000E+00  0.00000E+00  0.00000E+00  0.00000E+00  0.00000E+00  0.74324E+04  0.12882E+05  0.20315E+05  0.00000E+00  0.50469E+05  0.50469E+05  0.70784E+05
 0.90500E+01  0.10010E+03  0.10010E+03  0.10010E+03  0.20751E+03  0.10010E+03  0.29815E+03  0.00000E+00  0.00000E+00  0.00000E+00  0.00000E+00  0.10010E+03  0.00000E+00  0.00000E+00  0.29815E+03  0.00000E+00  0.00000E+00  0.00000E+00  0.00000E+00  0.00000E+00  0.00000E+00  0.00000E+00  0.00000E+00  0.74324E+04  0.12882E+05  0.20315E+05  0.00000E+00  0.50469E+05  0.50469E+05  0.70784E+05
 0.91500E+01  0.10010E+03  0.10010E+03  0.10010E+03  0.20751E+03  0.10010E+03  0.29815E+03  0.00000E+00  0.00000E+00  0.00000E+00  0.00000E+00  0.10010E+03  0.00000E+00  0.00000E+00  0.29815E+03  0.00000E+00  0.00000E+00  0.00000E+00  0.00000E+00  0.00000E+00  0.00000E+00  0.00000E+00  0.00000E+00  0.74324E+04  0.12882E+05  0.20315E+05  0.00000E+00  0.50469E+05  0.50469E+05  0.70784E+05
 0.91500E+01  0.10010E+03  0.10010E+03  0.10010E+03  0.20748E+03  0.10010E+03  0.29815E+03  0.00000E+00  0.00000E+00  0.00000E+00  0.00000E+00  0.10010E+03  0.00000E+00  0.00000E+00  0.29815E+03  0.00000E+00  0.00000E+00  0.00000E+00  0.00000E+00  0.00000E+00  0.00000E+00  0.00000E+00  0.00000E+00  0.74324E+04  0.12882E+05  0.20315E+05  0.00000E+00  0.50469E+05  0.50469E+05  0.70784E+05
 0.92500E+01  0.10010E+03  0.10010E+03  0.10010E+03  0.20748E+03  0.10010E+03  0.29815E+03  0.00000E+00  0.00000E+00  0.00000E+00  0.00000E+00  0.10010E+03  0.00000E+00  0.00000E+00  0.29815E+03  0.00000E+00  0.00000E+00  0.00000E+00  0.00000E+00  0.00000E+00  0.00000E+00  0.00000E+00  0.00000E+00  0.74324E+04  0.12882E+05  0.20315E+05  0.00000E+00  0.50469E+05  0.50469E+05  0.70784E+05
 0.92500E+01  0.10010E+03  0.10010E+03  0.10010E+03  0.20745E+03  0.10010E+03  0.29815E+03  0.00000E+00  0.00000E+00  0.00000E+00  0.00000E+00  0.10010E+03  0.00000E+00  0.00000E+00  0.29815E+03  0.00000E+00  0.00000E+00  0.00000E+00  0.00000E+00  0.00000E+00  0.00000E+00  0.00000E+00  0.00000E+00  0.74324E+04  0.12882E+05  0.20315E+05  0.00000E+00  0.50469E+05  0.50469E+05  0.70784E+05
 0.93500E+01  0.10010E+03  0.10010E+03  0.10010E+03  0.20745E+03  0.10010E+03  0.29815E+03  0.00000E+00  0.00000E+00  0.00000E+00  0.00000E+00  0.10010E+03  0.00000E+00  0.00000E+00  0.29815E+03  0.00000E+00  0.00000E+00  0.00000E+00  0.00000E+00  0.00000E+00  0.00000E+00  0.00000E+00  0.00000E+00  0.74324E+04  0.12882E+05  0.20315E+05  0.00000E+00  0.50469E+05  0.50469E+05  0.70784E+05
 0.93500E+01  0.10010E+03  0.10010E+03  0.10010E+03  0.20744E+03  0.10010E+03  0.29815E+03  0.00000E+00  0.00000E+00  0.00000E+00  0.00000E+00  0.10010E+03  0.00000E+00  0.00000E+00  0.29815E+03  0.00000E+00  0.00000E+00  0.00000E+00  0.00000E+00  0.00000E+00  0.00000E+00  0.00000E+00  0.00000E+00  0.74324E+04  0.12882E+05  0.20315E+05  0.00000E+00  0.50469E+05  0.50469E+05  0.70784E+05
 0.94500E+01  0.10010E+03  0.10010E+03  0.10010E+03  0.20744E+03  0.10010E+03  0.29815E+03  0.00000E+00  0.00000E+00  0.00000E+00  0.00000E+00  0.10010E+03  0.00000E+00  0.00000E+00  0.29815E+03  0.00000E+00  0.00000E+00  0.00000E+00  0.00000E+00  0.00000E+00  0.00000E+00  0.00000E+00  0.00000E+00  0.74324E+04  0.12882E+05  0.20315E+05  0.00000E+00  0.50469E+05  0.50469E+05  0.70784E+05
 0.94500E+01  0.10010E+03  0.10010E+03  0.10010E+03  0.20743E+03  0.10010E+03  0.29815E+03  0.00000E+00  0.00000E+00  0.00000E+00  0.00000E+00  0.10010E+03  0.00000E+00  0.00000E+00  0.29815E+03  0.00000E+00  0.00000E+00  0.00000E+00  0.00000E+00  0.00000E+00  0.00000E+00  0.00000E+00  0.00000E+00  0.74324E+04  0.12882E+05  0.20315E+05  0.00000E+00  0.50469E+05  0.50469E+05  0.70784E+05
 0.95500E+01  0.10010E+03  0.10010E+03  0.10010E+03  0.20743E+03  0.10010E+03  0.29815E+03  0.00000E+00  0.00000E+00  0.00000E+00  0.00000E+00  0.10010E+03  0.00000E+00  0.00000E+00  0.29815E+03  0.00000E+00  0.00000E+00  0.00000E+00  0.00000E+00  0.00000E+00  0.00000E+00  0.00000E+00  0.00000E+00  0.74324E+04  0.12882E+05  0.20315E+05  0.00000E+00  0.50469E+05  0.50469E+05  0.70784E+05
 0.95500E+01  0.10010E+03  0.10010E+03  0.10010E+03  0.20743E+03  0.10010E+03  0.29815E+03  0.00000E+00  0.00000E+00  0.00000E+00  0.00000E+00  0.10010E+03  0.00000E+00  0.00000E+00  0.29815E+03  0.00000E+00  0.00000E+00  0.00000E+00  0.00000E+00  0.00000E+00  0.00000E+00  0.00000E+00  0.00000E+00  0.74324E+04  0.12882E+05  0.20315E+05  0.00000E+00  0.50469E+05  0.50469E+05  0.70784E+05
 0.96500E+01  0.10010E+03  0.10010E+03  0.10010E+03  0.20743E+03  0.10010E+03  0.29815E+03  0.00000E+00  0.00000E+00  0.00000E+00  0.00000E+00  0.10010E+03  0.00000E+00  0.00000E+00  0.29815E+03  0.00000E+00  0.00000E+00  0.00000E+00  0.00000E+00  0.00000E+00  0.00000E+00  0.00000E+00  0.00000E+00  0.74324E+04  0.12882E+05  0.20315E+05  0.00000E+00  0.50469E+05  0.50469E+05  0.70784E+05
 0.96500E+01  0.10010E+03  0.10010E+03  0.10010E+03  0.20744E+03  0.10010E+03  0.29815E+03  0.00000E+00  0.00000E+00  0.00000E+00  0.00000E+00  0.10010E+03  0.00000E+00  0.00000E+00  0.29815E+03  0.00000E+00  0.00000E+00  0.00000E+00  0.00000E+00  0.00000E+00  0.00000E+00  0.00000E+00  0.00000E+00  0.74324E+04  0.12882E+05  0.20315E+05  0.00000E+00  0.50469E+05  0.50469E+05  0.70784E+05
 0.97500E+01  0.10010E+03  0.10010E+03  0.10010E+03  0.20744E+03  0.10010E+03  0.29815E+03  0.00000E+00  0.00000E+00  0.00000E+00  0.00000E+00  0.10010E+03  0.00000E+00  0.00000E+00  0.29815E+03  0.00000E+00  0.00000E+00  0.00000E+00  0.00000E+00  0.00000E+00  0.00000E+00  0.00000E+00  0.00000E+00  0.74324E+04  0.12882E+05  0.20315E+05  0.00000E+00  0.50469E+05  0.50469E+05  0.70784E+05
 0.97500E+01  0.10010E+03  0.10010E+03  0.10010E+03  0.20745E+03  0.10010E+03  0.29815E+03  0.00000E+00  0.00000E+00  0.00000E+00  0.00000E+00  0.10010E+03  0.00000E+00  0.00000E+00  0.29815E+03  0.00000E+00  0.00000E+00  0.00000E+00  0.00000E+00  0.00000E+00  0.00000E+00  0.00000E+00  0.00000E+00  0.74324E+04  0.12882E+05  0.20315E+05  0.00000E+00  0.50469E+05  0.50469E+05  0.70784E+05
 0.98500E+01  0.10010E+03  0.10010E+03  0.10010E+03  0.20745E+03  0.10010E+03  0.29815E+03  0.00000E+00  0.00000E+00  0.00000E+00  0.00000E+00  0.10010E+03  0.00000E+00  0.00000E+00  0.29815E+03  0.00000E+00  0.00000E+00  0.00000E+00  0.00000E+00  0.00000E+00  0.00000E+00  0.00000E+00  0.00000E+00  0.74324E+04  0.12882E+05  0.20315E+05  0.00000E+00  0.50469E+05  0.50469E+05  0.70784E+05
 0.98500E+01  0.10010E+03  0.10010E+03  0.10010E+03  0.20748E+03  0.10010E+03  0.29815E+03  0.00000E+00  0.00000E+00  0.00000E+00  0.00000E+00  0.10010E+03  0.00000E+00  0.00000E+00  0.29815E+03  0.00000E+00  0.00000E+00  0.00000E+00  0.00000E+00  0.00000E+00  0.00000E+00  0.00000E+00  0.00000E+00  0.74324E+04  0.12882E+05  0.20315E+05  0.00000E+00  0.50469E+05  0.50469E+05  0.70784E+05
 0.99500E+01  0.10010E+03  0.10010E+03  0.10010E+03  0.20748E+03  0.10010E+03  0.29815E+03  0.00000E+00  0.00000E+00  0.00000E+00  0.00000E+00  0.10010E+03  0.00000E+00  0.00000E+00  0.29815E+03  0.00000E+00  0.00000E+00  0.00000E+00  0.00000E+00  0.00000E+00  0.00000E+00  0.00000E+00  0.00000E+00  0.74324E+04  0.12882E+05  0.20315E+05  0.00000E+00  0.50469E+05  0.50469E+05  0.70784E+05
 0.99500E+01  0.10010E+03  0.10010E+03  0.10010E+03  0.20751E+03  0.10010E+03  0.29815E+03  0.00000E+00  0.00000E+00  0.00000E+00  0.00000E+00  0.10010E+03  0.00000E+00  0.00000E+00  0.29815E+03  0.00000E+00  0.00000E+00  0.00000E+00  0.00000E+00  0.00000E+00  0.00000E+00  0.00000E+00  0.00000E+00  0.74324E+04  0.12882E+05  0.20315E+05  0.00000E+00  0.50469E+05  0.50469E+05  0.70784E+05
 0.10050E+02  0.10010E+03  0.10010E+03  0.10010E+03  0.20751E+03  0.10010E+03  0.29815E+03  0.00000E+00  0.00000E+00  0.00000E+00  0.00000E+00  0.10010E+03  0.00000E+00  0.00000E+00  0.29815E+03  0.00000E+00  0.00000E+00  0.00000E+00  0.00000E+00  0.00000E+00  0.00000E+00  0.00000E+00  0.00000E+00  0.74324E+04  0.12882E+05  0.20315E+05  0.00000E+00  0.50469E+05  0.50469E+05  0.70784E+05
 0.10050E+02  0.10010E+03  0.10010E+03  0.10010E+03  0.20755E+03  0.10010E+03  0.29815E+03  0.00000E+00  0.00000E+00  0.00000E+00  0.00000E+00  0.10010E+03  0.00000E+00  0.00000E+00  0.29815E+03  0.00000E+00  0.00000E+00  0.00000E+00  0.00000E+00  0.00000E+00  0.00000E+00  0.00000E+00  0.00000E+00  0.74324E+04  0.12882E+05  0.20315E+05  0.00000E+00  0.50469E+05  0.50469E+05  0.70784E+05
 0.10150E+02  0.10010E+03  0.10010E+03  0.10010E+03  0.20755E+03  0.10010E+03  0.29815E+03  0.00000E+00  0.00000E+00  0.00000E+00  0.00000E+00  0.10010E+03  0.00000E+00  0.00000E+00  0.29815E+03  0.00000E+00  0.00000E+00  0.00000E+00  0.00000E+00  0.00000E+00  0.00000E+00  0.00000E+00  0.00000E+00  0.74324E+04  0.12882E+05  0.20315E+05  0.00000E+00  0.50469E+05  0.50469E+05  0.70784E+05
 0.10150E+02  0.10010E+03  0.10010E+03  0.10010E+03  0.20759E+03  0.10010E+03  0.29815E+03  0.00000E+00  0.00000E+00  0.00000E+00  0.00000E+00  0.10010E+03  0.00000E+00  0.00000E+00  0.29815E+03  0.00000E+00  0.00000E+00  0.00000E+00  0.00000E+00  0.00000E+00  0.00000E+00  0.00000E+00  0.00000E+00  0.74324E+04  0.12882E+05  0.20315E+05  0.00000E+00  0.50469E+05  0.50469E+05  0.70784E+05
 0.10250E+02  0.10010E+03  0.10010E+03  0.10010E+03  0.20759E+03  0.10010E+03  0.29815E+03  0.00000E+00  0.00000E+00  0.00000E+00  0.00000E+00  0.10010E+03  0.00000E+00  0.00000E+00  0.29815E+03  0.00000E+00  0.00000E+00  0.00000E+00  0.00000E+00  0.00000E+00  0.00000E+00  0.00000E+00  0.00000E+00  0.74324E+04  0.12882E+05  0.20315E+05  0.00000E+00  0.50469E+05  0.50469E+05  0.70784E+05
 0.10250E+02  0.10010E+03  0.10010E+03  0.10010E+03  0.20764E+03  0.10010E+03  0.29815E+03  0.00000E+00  0.00000E+00  0.00000E+00  0.00000E+00  0.10010E+03  0.00000E+00  0.00000E+00  0.29815E+03  0.00000E+00  0.00000E+00  0.00000E+00  0.00000E+00  0.00000E+00  0.00000E+00  0.00000E+00  0.00000E+00  0.74324E+04  0.12882E+05  0.20315E+05  0.00000E+00  0.50469E+05  0.50469E+05  0.70784E+05
 0.10350E+02  0.10010E+03  0.10010E+03  0.10010E+03  0.20764E+03  0.10010E+03  0.29815E+03  0.00000E+00  0.00000E+00  0.00000E+00  0.00000E+00  0.10010E+03  0.00000E+00  0.00000E+00  0.29815E+03  0.00000E+00  0.00000E+00  0.00000E+00  0.00000E+00  0.00000E+00  0.00000E+00  0.00000E+00  0.00000E+00  0.74324E+04  0.12882E+05  0.20315E+05  0.00000E+00  0.50469E+05  0.50469E+05  0.70784E+05
 0.10350E+02  0.10010E+03  0.10010E+03  0.10010E+03  0.20770E+03  0.10010E+03  0.29815E+03  0.00000E+00  0.00000E+00  0.00000E+00  0.00000E+00  0.10010E+03  0.00000E+00  0.00000E+00  0.29815E+03  0.00000E+00  0.00000E+00  0.00000E+00  0.00000E+00  0.00000E+00  0.00000E+00  0.00000E+00  0.00000E+00  0.74324E+04  0.12882E+05  0.20315E+05  0.00000E+00  0.50469E+05  0.50469E+05  0.70784E+05
 0.10450E+02  0.10010E+03  0.10010E+03  0.10010E+03  0.20770E+03  0.10010E+03  0.29815E+03  0.00000E+00  0.00000E+00  0.00000E+00  0.00000E+00  0.10010E+03  0.00000E+00  0.00000E+00  0.29815E+03  0.00000E+00  0.00000E+00  0.00000E+00  0.00000E+00  0.00000E+00  0.00000E+00  0.00000E+00  0.00000E+00  0.74324E+04  0.12882E+05  0.20315E+05  0.00000E+00  0.50469E+05  0.50469E+05  0.70784E+05
 0.10450E+02  0.10010E+03  0.10010E+03  0.10010E+03  0.20775E+03  0.10010E+03  0.29815E+03  0.00000E+00  0.00000E+00  0.00000E+00  0.00000E+00  0.10010E+03  0.00000E+00  0.00000E+00  0.29815E+03  0.00000E+00  0.00000E+00  0.00000E+00  0.00000E+00  0.00000E+00  0.00000E+00  0.00000E+00  0.00000E+00  0.74324E+04  0.12882E+05  0.20315E+05  0.00000E+00  0.50469E+05  0.50469E+05  0.70784E+05
 0.10550E+02  0.10010E+03  0.10010E+03  0.10010E+03  0.20775E+03  0.10010E+03  0.29815E+03  0.00000E+00  0.00000E+00  0.00000E+00  0.00000E+00  0.10010E+03  0.00000E+00  0.00000E+00  0.29815E+03  0.00000E+00  0.00000E+00  0.00000E+00  0.00000E+00  0.00000E+00  0.00000E+00  0.00000E+00  0.00000E+00  0.74324E+04  0.12882E+05  0.20315E+05  0.00000E+00  0.50469E+05  0.50469E+05  0.70784E+05
 0.10550E+02  0.10010E+03  0.10010E+03  0.10010E+03  0.20780E+03  0.10010E+03  0.29815E+03  0.00000E+00  0.00000E+00  0.00000E+00  0.00000E+00  0.10010E+03  0.00000E+00  0.00000E+00  0.29815E+03  0.00000E+00  0.00000E+00  0.00000E+00  0.00000E+00  0.00000E+00  0.00000E+00  0.00000E+00  0.00000E+00  0.74324E+04  0.12882E+05  0.20315E+05  0.00000E+00  0.50469E+05  0.50469E+05  0.70784E+05
 0.10650E+02  0.10010E+03  0.10010E+03  0.10010E+03  0.20780E+03  0.10010E+03  0.29815E+03  0.00000E+00  0.00000E+00  0.00000E+00  0.00000E+00  0.10010E+03  0.00000E+00  0.00000E+00  0.29815E+03  0.00000E+00  0.00000E+00  0.00000E+00  0.00000E+00  0.00000E+00  0.00000E+00  0.00000E+00  0.00000E+00  0.74324E+04  0.12882E+05  0.20315E+05  0.00000E+00  0.50469E+05  0.50469E+05  0.70784E+05
 0.10650E+02  0.10010E+03  0.10010E+03  0.10010E+03  0.20785E+03  0.10010E+03  0.29815E+03  0.00000E+00  0.00000E+00  0.00000E+00  0.00000E+00  0.10010E+03  0.00000E+00  0.00000E+00  0.29815E+03  0.00000E+00  0.00000E+00  0.00000E+00  0.00000E+00  0.00000E+00  0.00000E+00  0.00000E+00  0.00000E+00  0.74324E+04  0.12882E+05  0.20315E+05  0.00000E+00  0.50469E+05  0.50469E+05  0.70784E+05
 0.10750E+02  0.10010E+03  0.10010E+03  0.10010E+03  0.20785E+03  0.10010E+03  0.29815E+03  0.00000E+00  0.00000E+00  0.00000E+00  0.00000E+00  0.10010E+03  0.00000E+00  0.00000E+00  0.29815E+03  0.00000E+00  0.00000E+00  0.00000E+00  0.00000E+00  0.00000E+00  0.00000E+00  0.00000E+00  0.00000E+00  0.74324E+04  0.12882E+05  0.20315E+05  0.00000E+00  0.50469E+05  0.50469E+05  0.70784E+05
 0.10750E+02  0.10010E+03  0.10010E+03  0.10010E+03  0.20789E+03  0.10010E+03  0.29815E+03  0.00000E+00  0.00000E+00  0.00000E+00  0.00000E+00  0.10010E+03  0.00000E+00  0.00000E+00  0.29815E+03  0.00000E+00  0.00000E+00  0.00000E+00  0.00000E+00  0.00000E+00  0.00000E+00  0.00000E+00  0.00000E+00  0.74324E+04  0.12882E+05  0.20315E+05  0.00000E+00  0.50469E+05  0.50469E+05  0.70784E+05
 0.10850E+02  0.10010E+03  0.10010E+03  0.10010E+03  0.20789E+03  0.10010E+03  0.29815E+03  0.00000E+00  0.00000E+00  0.00000E+00  0.00000E+00  0.10010E+03  0.00000E+00  0.00000E+00  0.29815E+03  0.00000E+00  0.00000E+00  0.00000E+00  0.00000E+00  0.00000E+00  0.00000E+00  0.00000E+00  0.00000E+00  0.74324E+04  0.12882E+05  0.20315E+05  0.00000E+00  0.50469E+05  0.50469E+05  0.70784E+05
 0.10850E+02  0.10010E+03  0.10010E+03  0.10010E+03  0.20792E+03  0.10010E+03  0.29815E+03  0.00000E+00  0.00000E+00  0.00000E+00  0.00000E+00  0.10010E+03  0.00000E+00  0.00000E+00  0.29815E+03  0.00000E+00  0.00000E+00  0.00000E+00  0.00000E+00  0.00000E+00  0.00000E+00  0.00000E+00  0.00000E+00  0.74324E+04  0.12882E+05  0.20315E+05  0.00000E+00  0.50469E+05  0.50469E+05  0.70784E+05
 0.10950E+02  0.10010E+03  0.10010E+03  0.10010E+03  0.20792E+03  0.10010E+03  0.29815E+03  0.00000E+00  0.00000E+00  0.00000E+00  0.00000E+00  0.10010E+03  0.00000E+00  0.00000E+00  0.29815E+03  0.00000E+00  0.00000E+00  0.00000E+00  0.00000E+00  0.00000E+00  0.00000E+00  0.00000E+00  0.00000E+00  0.74324E+04  0.12882E+05  0.20315E+05  0.00000E+00  0.50469E+05  0.50469E+05  0.70784E+05
 0.10950E+02  0.10010E+03  0.10010E+03  0.10010E+03  0.20794E+03  0.10010E+03  0.29815E+03  0.00000E+00  0.00000E+00  0.00000E+00  0.00000E+00  0.10010E+03  0.00000E+00  0.00000E+00  0.29815E+03  0.00000E+00  0.00000E+00  0.00000E+00  0.00000E+00  0.00000E+00  0.00000E+00  0.00000E+00  0.00000E+00  0.74324E+04  0.12882E+05  0.20315E+05  0.00000E+00  0.50469E+05  0.50469E+05  0.70784E+05
 0.11050E+02  0.10010E+03  0.10010E+03  0.10010E+03  0.20794E+03  0.10010E+03  0.29815E+03  0.00000E+00  0.00000E+00  0.00000E+00  0.00000E+00  0.10010E+03  0.00000E+00  0.00000E+00  0.29815E+03  0.00000E+00  0.00000E+00  0.00000E+00  0.00000E+00  0.00000E+00  0.00000E+00  0.00000E+00  0.00000E+00  0.74324E+04  0.12882E+05  0.20315E+05  0.00000E+00  0.50469E+05  0.50469E+05  0.70784E+05
 0.11050E+02  0.10010E+03  0.10010E+03  0.10010E+03  0.20794E+03  0.10010E+03  0.29815E+03  0.00000E+00  0.00000E+00  0.00000E+00  0.00000E+00  0.10010E+03  0.00000E+00  0.00000E+00  0.29815E+03  0.00000E+00  0.00000E+00  0.00000E+00  0.00000E+00  0.00000E+00  0.00000E+00  0.00000E+00  0.00000E+00  0.74324E+04  0.12882E+05  0.20315E+05  0.00000E+00  0.50469E+05  0.50469E+05  0.70784E+05
 0.11150E+02  0.10010E+03  0.10010E+03  0.10010E+03  0.20794E+03  0.10010E+03  0.29815E+03  0.00000E+00  0.00000E+00  0.00000E+00  0.00000E+00  0.10010E+03  0.00000E+00  0.00000E+00  0.29815E+03  0.00000E+00  0.00000E+00  0.00000E+00  0.00000E+00  0.00000E+00  0.00000E+00  0.00000E+00  0.00000E+00  0.74324E+04  0.12882E+05  0.20315E+05  0.00000E+00  0.50469E+05  0.50469E+05  0.70784E+05
 0.11150E+02  0.10010E+03  0.10010E+03  0.10010E+03  0.20792E+03  0.10010E+03  0.29815E+03  0.00000E+00  0.00000E+00  0.00000E+00  0.00000E+00  0.10010E+03  0.00000E+00  0.00000E+00  0.29815E+03  0.00000E+00  0.00000E+00  0.00000E+00  0.00000E+00  0.00000E+00  0.00000E+00  0.00000E+00  0.00000E+00  0.74324E+04  0.12882E+05  0.20315E+05  0.00000E+00  0.50469E+05  0.50469E+05  0.70784E+05
 0.11250E+02  0.10010E+03  0.10010E+03  0.10010E+03  0.20792E+03  0.10010E+03  0.29815E+03  0.00000E+00  0.00000E+00  0.00000E+00  0.00000E+00  0.10010E+03  0.00000E+00  0.00000E+00  0.29815E+03  0.00000E+00  0.00000E+00  0.00000E+00  0.00000E+00  0.00000E+00  0.00000E+00  0.00000E+00  0.00000E+00  0.74324E+04  0.12882E+05  0.20315E+05  0.00000E+00  0.50469E+05  0.50469E+05  0.70784E+05
 0.11250E+02  0.10010E+03  0.10010E+03  0.10010E+03  0.20788E+03  0.10010E+03  0.29815E+03  0.00000E+00  0.00000E+00  0.00000E+00  0.00000E+00  0.10010E+03  0.00000E+00  0.00000E+00  0.29815E+03  0.00000E+00  0.00000E+00  0.00000E+00  0.00000E+00  0.00000E+00  0.00000E+00  0.00000E+00  0.00000E+00  0.74324E+04  0.12882E+05  0.20315E+05  0.00000E+00  0.50469E+05  0.50469E+05  0.70784E+05
 0.11350E+02  0.10010E+03  0.10010E+03  0.10010E+03  0.20788E+03  0.10010E+03  0.29815E+03  0.00000E+00  0.00000E+00  0.00000E+00  0.00000E+00  0.10010E+03  0.00000E+00  0.00000E+00  0.29815E+03  0.00000E+00  0.00000E+00  0.00000E+00  0.00000E+00  0.00000E+00  0.00000E+00  0.00000E+00  0.00000E+00  0.74324E+04  0.12882E+05  0.20315E+05  0.00000E+00  0.50469E+05  0.50469E+05  0.70784E+05
 0.11350E+02  0.10010E+03  0.10010E+03  0.10010E+03  0.20782E+03  0.10010E+03  0.29815E+03  0.00000E+00  0.00000E+00  0.00000E+00  0.00000E+00  0.10010E+03  0.00000E+00  0.00000E+00  0.29815E+03  0.00000E+00  0.00000E+00  0.00000E+00  0.00000E+00  0.00000E+00  0.00000E+00  0.00000E+00  0.00000E+00  0.74324E+04  0.12882E+05  0.20315E+05  0.00000E+00  0.50469E+05  0.50469E+05  0.70784E+05
 0.11450E+02  0.10010E+03  0.10010E+03  0.10010E+03  0.20782E+03  0.10010E+03  0.29815E+03  0.00000E+00  0.00000E+00  0.00000E+00  0.00000E+00  0.10010E+03  0.00000E+00  0.00000E+00  0.29815E+03  0.00000E+00  0.00000E+00  0.00000E+00  0.00000E+00  0.00000E+00  0.00000E+00  0.00000E+00  0.00000E+00  0.74324E+04  0.12882E+05  0.20315E+05  0.00000E+00  0.50469E+05  0.50469E+05  0.70784E+05
 0.11450E+02  0.10010E+03  0.10010E+03  0.10010E+03  0.20772E+03  0.10010E+03  0.29815E+03  0.00000E+00  0.00000E+00  0.00000E+00  0.00000E+00  0.10010E+03  0.00000E+00  0.00000E+00  0.29815E+03  0.00000E+00  0.00000E+00  0.00000E+00  0.00000E+00  0.00000E+00  0.00000E+00  0.00000E+00  0.00000E+00  0.74324E+04  0.12882E+05  0.20315E+05  0.00000E+00  0.50469E+05  0.50469E+05  0.70784E+05
 0.11550E+02  0.10010E+03  0.10010E+03  0.10010E+03  0.20772E+03  0.10010E+03  0.29815E+03  0.00000E+00  0.00000E+00  0.00000E+00  0.00000E+00  0.10010E+03  0.00000E+00  0.00000E+00  0.29815E+03  0.00000E+00  0.00000E+00  0.00000E+00  0.00000E+00  0.00000E+00  0.00000E+00  0.00000E+00  0.00000E+00  0.74324E+04  0.12882E+05  0.20315E+05  0.00000E+00  0.50469E+05  0.50469E+05  0.70784E+05
 0.11550E+02  0.10010E+03  0.10010E+03  0.10010E+03  0.20758E+03  0.10010E+03  0.29815E+03  0.00000E+00  0.00000E+00  0.00000E+00  0.00000E+00  0.10010E+03  0.00000E+00  0.00000E+00  0.29815E+03  0.00000E+00  0.00000E+00  0.00000E+00  0.00000E+00  0.00000E+00  0.00000E+00  0.00000E+00  0.00000E+00  0.74324E+04  0.12882E+05  0.20315E+05  0.00000E+00  0.50469E+05  0.50469E+05  0.70784E+05
