   TIME(S)     FINJ(KG/S)     FDC(KG/S)    FSTM(KG/S)     TINJ(KG)       TDC(KG)      TSTM(KG)     TWATFLR(KG)    WBAL(KG)    FSTMJT(KG/S)   TSTMJT(KG)
 0.40000E+00   0.00000E+00   0.00000E+00   0.60116E+04   0.00000E+00   0.00000E+00   0.25156E+04   0.36358E+06   0.52369E+04   0.63969E+04   0.28305E+04
 0.80000E+00   0.00000E+00   0.00000E+00   0.00000E+00   0.00000E+00   0.00000E+00  -0.71237E+03   0.35220E+06   0.19839E+05   0.00000E+00   0.28623E+04
 0.12000E+01   0.00000E+00   0.00000E+00   0.00000E+00   0.00000E+00   0.00000E+00  -0.11365E+04   0.34014E+06   0.32320E+05   0.00000E+00   0.28623E+04
 0.16000E+01   0.00000E+00   0.00000E+00   0.00000E+00   0.00000E+00   0.00000E+00  -0.13847E+04   0.32714E+06   0.45577E+05   0.00000E+00   0.28623E+04
 0.20000E+01   0.00000E+00   0.00000E+00   0.00000E+00   0.00000E+00   0.00000E+00  -0.25581E+04   0.32253E+06   0.51353E+05   0.00000E+00   0.28623E+04
 0.24000E+01   0.00000E+00   0.00000E+00   0.00000E+00   0.00000E+00   0.00000E+00  -0.25855E+04   0.31787E+06   0.56047E+05   0.00000E+00   0.28623E+04
 0.28000E+01   0.00000E+00   0.00000E+00   0.00000E+00   0.00000E+00   0.00000E+00  -0.29262E+04   0.31401E+06   0.60242E+05   0.00000E+00   0.28623E+04
 0.32000E+01   0.00000E+00   0.00000E+00   0.00000E+00   0.00000E+00   0.00000E+00  -0.72737E+04   0.31428E+06   0.64320E+05   0.00000E+00   0.28623E+04
 0.36000E+01   0.00000E+00   0.00000E+00   0.00000E+00   0.00000E+00   0.00000E+00  -0.10036E+05   0.31059E+06   0.70777E+05   0.00000E+00   0.28623E+04
 0.40000E+01   0.00000E+00   0.00000E+00   0.00000E+00   0.00000E+00   0.00000E+00  -0.11472E+05   0.30980E+06   0.72998E+05   0.00000E+00   0.28623E+04
 0.44000E+01   0.00000E+00   0.00000E+00   0.00000E+00   0.00000E+00   0.00000E+00  -0.12250E+05   0.30724E+06   0.76337E+05   0.00000E+00   0.28623E+04
 0.48000E+01   0.00000E+00   0.00000E+00   0.00000E+00   0.00000E+00   0.00000E+00  -0.13643E+05   0.30519E+06   0.79780E+05   0.00000E+00   0.28623E+04
 0.52000E+01   0.00000E+00   0.00000E+00   0.00000E+00   0.00000E+00   0.00000E+00  -0.14035E+05   0.30325E+06   0.82110E+05   0.60608E+03   0.30200E+04
 0.56000E+01   0.00000E+00   0.00000E+00   0.58867E+03   0.00000E+00   0.00000E+00  -0.14025E+05   0.30224E+06   0.83111E+05   0.58718E+03   0.30409E+04
 0.60000E+01   0.00000E+00   0.00000E+00   0.45551E+03   0.00000E+00   0.00000E+00  -0.13841E+05   0.29975E+06   0.85420E+05   0.48120E+03   0.32443E+04
 0.64000E+01   0.00000E+00   0.00000E+00  -0.25151E+03   0.00000E+00   0.00000E+00  -0.13889E+05   0.29834E+06   0.86874E+05   0.46713E+03   0.32825E+04
 0.68000E+01   0.00000E+00   0.00000E+00   0.44487E+03   0.00000E+00   0.00000E+00  -0.13771E+05   0.29673E+06   0.88372E+05   0.43852E+03   0.34398E+04
 0.72000E+01   0.00000E+00   0.00000E+00   0.37357E+03   0.00000E+00   0.00000E+00  -0.13631E+05   0.29563E+06   0.89325E+05   0.38724E+03   0.36017E+04
 0.76000E+01   0.00000E+00   0.00000E+00   0.34158E+03   0.00000E+00   0.00000E+00  -0.13487E+05   0.29498E+06   0.89840E+05   0.34637E+03   0.37480E+04
 0.80000E+01   0.00000E+00   0.00000E+00   0.00000E+00   0.00000E+00   0.00000E+00  -0.13446E+05   0.29454E+06   0.90233E+05   0.33728E+03   0.37908E+04
 0.84000E+01   0.00000E+00   0.00000E+00   0.28047E+03   0.00000E+00   0.00000E+00  -0.13411E+05   0.29407E+06   0.90671E+05   0.29545E+03   0.38545E+04
 0.88000E+01   0.00000E+00   0.00000E+00   0.26401E+03   0.00000E+00   0.00000E+00  -0.13307E+05   0.29385E+06   0.90789E+05   0.25881E+03   0.39602E+04
 0.92000E+01   0.00000E+00   0.00000E+00   0.23857E+03   0.00000E+00   0.00000E+00  -0.13210E+05   0.29370E+06   0.90836E+05   0.23616E+03   0.40581E+04
 0.96000E+01   0.00000E+00   0.00000E+00   0.22143E+03   0.00000E+00   0.00000E+00  -0.13119E+05   0.29358E+06   0.90869E+05   0.22044E+03   0.41493E+04
 0.10000E+02   0.00000E+00   0.00000E+00   0.21236E+03   0.00000E+00   0.00000E+00  -0.13032E+05   0.29347E+06   0.90892E+05   0.21094E+03   0.42356E+04
 0.10400E+02   0.00000E+00   0.00000E+00   0.20328E+03   0.00000E+00   0.00000E+00  -0.12949E+05   0.29336E+06   0.90917E+05   0.19942E+03   0.43178E+04
 0.10800E+02   0.00000E+00   0.00000E+00   0.19261E+03   0.00000E+00   0.00000E+00  -0.12869E+05   0.29327E+06   0.90929E+05   0.18603E+03   0.43949E+04
 0.11200E+02   0.00000E+00   0.00000E+00   0.17793E+03   0.00000E+00   0.00000E+00  -0.12796E+05   0.29311E+06   0.91017E+05   0.17234E+03   0.44665E+04
 0.11600E+02   0.00000E+00   0.00000E+00   0.17614E+03   0.00000E+00   0.00000E+00  -0.12725E+05   0.29247E+06   0.91584E+05   0.15913E+03   0.45327E+04
 0.12000E+02   0.00000E+00   0.00000E+00   0.19124E+03   0.00000E+00   0.00000E+00  -0.12651E+05   0.29182E+06   0.92158E+05   0.14730E+03   0.45939E+04
 0.12400E+02   0.00000E+00   0.00000E+00   0.19873E+03   0.00000E+00   0.00000E+00  -0.12573E+05   0.29110E+06   0.92801E+05   0.13711E+03   0.46507E+04
 0.12800E+02   0.00000E+00   0.00000E+00   0.16155E+03   0.00000E+00   0.00000E+00  -0.12500E+05   0.29047E+06   0.93361E+05   0.12822E+03   0.47037E+04
 0.13200E+02   0.00000E+00   0.00000E+00   0.37703E+03   0.00000E+00   0.00000E+00  -0.12420E+05   0.28998E+06   0.93769E+05   0.34724E+03   0.47708E+04
 0.13600E+02   0.00000E+00   0.00000E+00   0.36410E+03   0.00000E+00   0.00000E+00  -0.12271E+05   0.28950E+06   0.94103E+05   0.33688E+03   0.49113E+04
 0.14000E+02   0.00000E+00   0.00000E+00   0.33929E+03   0.00000E+00   0.00000E+00  -0.12131E+05   0.28907E+06   0.94389E+05   0.30606E+03   0.50397E+04
 0.14400E+02   0.00000E+00   0.00000E+00   0.32867E+03   0.00000E+00   0.00000E+00  -0.11999E+05   0.28870E+06   0.94632E+05   0.29635E+03   0.51583E+04
 0.14800E+02   0.00000E+00   0.00000E+00   0.33845E+03   0.00000E+00   0.00000E+00  -0.11864E+05   0.28836E+06   0.94833E+05   0.30034E+03   0.52797E+04
 0.15200E+02   0.00000E+00   0.00000E+00   0.31038E+03   0.00000E+00   0.00000E+00  -0.11734E+05   0.28806E+06   0.94999E+05   0.27183E+03   0.53947E+04
 0.15600E+02   0.00000E+00   0.00000E+00   0.27980E+03   0.00000E+00   0.00000E+00  -0.11616E+05   0.28780E+06   0.95141E+05   0.23601E+03   0.54958E+04
 0.16000E+02   0.00000E+00   0.00000E+00   0.26850E+03   0.00000E+00   0.00000E+00  -0.11507E+05   0.28757E+06   0.95265E+05   0.21444E+03   0.55855E+04
 0.16400E+02   0.00000E+00   0.00000E+00   0.25635E+03   0.00000E+00   0.00000E+00  -0.11403E+05   0.28733E+06   0.95404E+05   0.20364E+03   0.56684E+04
 0.16800E+02   0.00000E+00   0.00000E+00   0.29635E+03   0.00000E+00   0.00000E+00  -0.11291E+05   0.28702E+06   0.95602E+05   0.24252E+03   0.57583E+04
 0.17200E+02   0.00000E+00   0.00000E+00   0.28652E+03   0.00000E+00   0.00000E+00  -0.11175E+05   0.28669E+06   0.95810E+05   0.22841E+03   0.58522E+04
 0.17600E+02   0.00000E+00   0.00000E+00   0.28034E+03   0.00000E+00   0.00000E+00  -0.11061E+05   0.28634E+06   0.96050E+05   0.21624E+03   0.59413E+04
 0.18000E+02   0.00000E+00   0.00000E+00   0.27460E+03   0.00000E+00   0.00000E+00  -0.10951E+05   0.28603E+06   0.96246E+05   0.20055E+03   0.60247E+04
 0.18400E+02   0.00000E+00   0.00000E+00   0.26689E+03   0.00000E+00   0.00000E+00  -0.10843E+05   0.28574E+06   0.96434E+05   0.18273E+03   0.61019E+04
 0.18800E+02   0.00000E+00   0.00000E+00   0.26200E+03   0.00000E+00   0.00000E+00  -0.10735E+05   0.28544E+06   0.96622E+05   0.16991E+03   0.61740E+04
 0.19200E+02   0.00000E+00   0.00000E+00   0.25883E+03   0.00000E+00   0.00000E+00  -0.10629E+05   0.28519E+06   0.96768E+05   0.16351E+03   0.62432E+04
 0.19600E+02   0.00000E+00   0.00000E+00   0.23720E+03   0.00000E+00   0.00000E+00  -0.10524E+05   0.28492E+06   0.96929E+05   0.14944E+03   0.63110E+04
 0.20000E+02   0.00000E+00   0.00000E+00   0.24751E+03   0.00000E+00   0.00000E+00  -0.10426E+05   0.28438E+06   0.97370E+05   0.16360E+03   0.63753E+04
 0.20400E+02   0.00000E+00   0.00000E+00   0.25730E+03   0.00000E+00   0.00000E+00  -0.10331E+05   0.28381E+06   0.97853E+05   0.17653E+03   0.64370E+04
 0.20800E+02   0.00000E+00   0.00000E+00   0.25097E+03   0.00000E+00   0.00000E+00  -0.10227E+05   0.28326E+06   0.98300E+05   0.17152E+03   0.65087E+04
 0.21200E+02   0.00000E+00   0.00000E+00   0.25227E+03   0.00000E+00   0.00000E+00  -0.10127E+05   0.28276E+06   0.98695E+05   0.16615E+03   0.65769E+04
