# debris bed history; melt total internal energy basis=300K
#1:time 2:mass 3:ene 4:enetot 5:tempav 6:arstot 7:num                    8:diasau 9:diamm 10:diammlin 11:dmmbase 12:htop 13:have 14:radius                    15:tpeak 16:rtpeak 17:ztpeak
	0.0000	0.0000e+00	0.0000e+00	0.0000e+00	0.0000e+00	0.0000e+00	0.0000e+00	0.0000e+00	0.0000e+00	0.0000e+00	0.0000e+00	0.0000e+00	0.0000e+00	0.0000e+00	0.0000e+00	0.0000e+00	0.0000e+00
	0.5000	1023.3271	387636.5563	260064834.7585	871.0934	434.5295	81091229.8256	0.0015	0.0013	0.0013	0.0026	0.1071	0.0678	1.0093	1324.6618	0.3785	0.0974
	1.1000	2094.8794	426210.2831	613192752.3273	957.7759	874.4854	142776378.2436	0.0015	0.0022	0.0022	0.0026	0.1587	0.0617	1.5139	1573.5331	0.6308	0.0957
	1.5000	2694.9585	440458.3337	827239976.0386	989.7940	1114.0515	173052768.1523	0.0015	0.0026	0.0026	0.0026	0.1587	0.0583	1.7662	1656.3126	0.3785	0.1476
	2.0000	3445.0574	449074.4266	1087172003.7134	1009.1560	1420.7701	213491999.8504	0.0015	0.0019	0.0019	0.0026	0.1587	0.0746	1.7662	1230.9469	0.6308	0.1056
	2.5000	4195.1562	457068.8331	1357421801.3801	1027.1210	1713.0241	249063301.7756	0.0016	0.0015	0.0015	0.0026	0.1587	0.0695	2.0185	1654.7921	0.3785	0.1476
	3.0000	4945.2551	460073.5779	1614989639.0500	1033.8732	2019.7651	289156214.5180	0.0016	0.0015	0.0015	0.0026	0.2122	0.0819	2.0185	1236.8238	1.1354	0.0663
	3.5000	5695.3539	464303.8060	1884044749.0791	1043.3793	2312.0248	324612873.1292	0.0016	0.0015	0.0015	0.0026	0.2122	0.0944	2.0185	1655.0045	0.3785	0.1986
	4.0000	6445.4528	465690.3636	2141117294.1411	1046.4952	2618.7567	364568534.6299	0.0016	0.0017	0.0017	0.0026	0.2122	0.0844	2.2708	1231.1168	1.1354	0.0663
	4.5000	7195.5516	468228.4266	2408555667.2491	1052.1987	2910.9956	399629684.1476	0.0016	0.0016	0.0016	0.0026	0.2122	0.0942	2.2708	1656.4990	0.3785	0.1986
	5.1000	8095.6702	469855.5952	2723023978.7614	1055.8553	3270.3432	444655551.3756	0.0016	0.0015	0.0015	0.0026	0.2122	0.1060	2.2708	1658.0975	0.3785	0.1986
	5.6000	8845.7691	470351.8434	2979713624.9366	1056.9704	3577.0121	485319294.0599	0.0016	0.0016	0.0016	0.0026	0.2657	0.1158	2.2708	1232.8344	0.3785	0.2145
	6.1000	9595.8680	471955.0977	3247770426.5457	1060.5733	3869.1790	519998573.4026	0.0016	0.0015	0.0015	0.0026	0.2657	0.1018	2.5231	1660.9343	0.6308	0.2198
	6.6000	10345.9668	472062.8019	3502759518.1450	1060.8153	4175.7937	560019329.0901	0.0016	0.0015	0.0015	0.0026	0.2657	0.1097	2.5231	1231.1121	0.3785	0.2145
	7.1000	11096.0657	473235.6567	3769729169.2942	1063.4509	4467.9056	594888451.0904	0.0016	0.0015	0.0015	0.0026	0.2657	0.1177	2.5231	1235.6957	0.6308	0.2294
	7.6000	11846.1646	473323.0121	4025599332.2142	1063.6472	4774.4590	635644572.5201	0.0016	0.0015	0.0015	0.0026	0.3192	0.1256	2.5231	1237.2039	0.3785	0.2654
	8.1000	12596.2635	474352.8085	4293471783.3481	1065.9614	5066.5088	670990393.4883	0.0016	0.0015	0.0015	0.0026	0.3192	0.1336	2.5231	1394.5413	0.3785	0.2992
	8.6000	13346.3624	474178.3432	4546816622.1078	1065.5693	5372.9927	710572183.7175	0.0016	0.0016	0.0016	0.0026	0.2657	0.0983	3.0278	1234.2765	1.3877	0.1643
	9.1000	14096.4613	474711.7680	4809878476.9035	1066.7680	5664.9717	745725778.9612	0.0016	0.0016	0.0016	0.0026	0.3192	0.1038	3.0278	1398.5074	0.3785	0.2992
	9.6000	14846.5602	474449.1448	5061922002.0411	1066.1779	5971.3768	785629639.9531	0.0016	0.0016	0.0016	0.0026	0.3192	0.1093	3.0278	1589.6890	0.1262	0.2925
	10.1000	15596.6591	475003.8383	5326318952.7272	1067.4244	6263.2773	820566265.3488	0.0016	0.0016	0.0016	0.0026	0.2657	0.1149	3.0278	1592.6951	0.3785	0.2489
	10.6000	16346.7580	474822.7060	5579519690.0918	1067.0173	6569.5965	861408572.4700	0.0016	0.0016	0.0016	0.0026	0.3192	0.1204	3.0278	1593.1674	0.1262	0.2925
	11.1000	17096.8570	475375.8230	5845002052.0887	1068.2603	6861.4116	895956273.4954	0.0016	0.0016	0.0016	0.0026	0.3192	0.1259	3.0278	1597.6951	0.6308	0.2647
	11.6000	17846.9559	475165.8116	6097694682.1807	1067.7883	7167.6375	935962155.1454	0.0016	0.0016	0.0016	0.0026	0.3192	0.1120	3.2801	1592.1374	0.1262	0.2925
	12.1000	18597.0549	475573.2118	6361554295.9693	1068.7038	7459.3600	970629281.6108	0.0016	0.0016	0.0016	0.0026	0.3192	0.1167	3.2801	1603.1043	0.6308	0.2647
	12.6000	19347.1539	475298.6068	6612830233.2940	1068.0868	7765.4852	1010610169.7924	0.0016	0.0016	0.0016	0.0026	0.3192	0.1047	3.5324	1591.1052	0.1262	0.2925
	13.1000	20097.2528	475563.2747	6874532115.8864	1068.6815	8057.1084	1045245485.8738	0.0016	0.0016	0.0016	0.0026	0.3192	0.1087	3.5324	1609.0374	0.6308	0.2647
	13.6000	20847.3518	475271.7620	7125036164.0189	1068.0264	8363.1259	1085184173.4820	0.0016	0.0016	0.0016	0.0026	0.3192	0.1128	3.5324	1590.0708	0.1262	0.2925
	14.1000	21597.4508	475578.0140	7388013082.6327	1068.7146	8654.6435	1119781856.2740	0.0016	0.0016	0.0016	0.0026	0.3192	0.1169	3.5324	1615.2422	0.6308	0.2647
	14.6000	22347.5498	475365.0821	7639846956.3933	1068.2361	8960.5471	1159676013.9058	0.0016	0.0016	0.0016	0.0026	0.3192	0.1209	3.5324	1589.0339	0.1262	0.2925
	15.1000	23097.6488	475724.7626	7904587391.5235	1069.0444	9251.9537	1194234155.5383	0.0016	0.0016	0.0016	0.0026	0.3192	0.1250	3.5324	1621.8902	0.6308	0.2647
	15.6000	23847.7479	475586.5062	8157992750.8691	1068.7337	9557.7380	1234081641.1624	0.0016	0.0016	0.0016	0.0026	0.3192	0.1290	3.5324	1587.9947	0.1262	0.2925
	16.1000	24597.8469	475991.2767	8424547994.8037	1069.6433	9849.0283	1268803722.9924	0.0016	0.0016	0.0016	0.0026	0.3192	0.1331	3.5324	1711.5573	0.3785	0.3004
	16.6000	25347.9460	475925.8873	8679792889.8263	1069.4964	10154.6881	1308798266.9165	0.0016	0.0016	0.0016	0.0026	0.3727	0.1371	3.5324	1629.6275	0.1262	0.3460
	17.1000	26098.0450	476357.8877	8947920593.7416	1070.4672	10445.8575	1343272089.4935	0.0016	0.0016	0.0016	0.0026	0.3727	0.1412	3.5324	1635.8658	0.8831	0.2710
	17.6000	26848.1441	476347.2773	9204813109.2727	1070.4433	10751.3879	1382967025.8147	0.0016	0.0017	0.0017	0.0026	0.3727	0.1453	3.5324	1628.7125	0.1262	0.3460
	18.1000	27598.2432	476780.2066	9473930626.7646	1071.4162	11042.4318	1418056197.3909	0.0016	0.0017	0.0017	0.0026	0.4263	0.1301	3.7847	1643.2879	0.3785	0.4025
	18.6000	28348.3423	476684.3015	9728706048.4413	1071.2007	11347.8281	1457577712.3160	0.0016	0.0016	0.0016	0.0026	0.4300	0.1336	3.7847	1627.8472	0.1262	0.3460
	19.0000	28948.4216	476804.6529	9938127823.4095	1071.4711	11586.3298	1487057938.6638	0.0016	0.0016	0.0016	0.0026	0.4300	0.1364	3.7847	1627.5082	0.1262	0.3460
	19.5000	29698.5207	477184.2825	10206914779.4186	1072.3242	11877.2159	1522028850.2810	0.0016	0.0016	0.0016	0.0026	0.4303	0.1400	3.7847	2538.2536	0.1262	0.4283
	20.0000	30448.6198	477166.7258	10464177486.3987	1072.2848	12182.3946	1560996327.3113	0.0016	0.0016	0.0016	0.0026	0.3727	0.1435	3.7847	1626.6255	0.1262	0.3460
	20.5000	31198.7190	477577.4299	10734775044.4800	1073.2077	12473.1501	1596297427.5170	0.0016	0.0016	0.0016	0.0026	0.4303	0.1470	3.7847	2538.9513	0.1262	0.4283
	21.0000	31948.8181	477608.0348	10993845024.2605	1073.2765	12778.1874	1635401846.2805	0.0016	0.0016	0.0016	0.0026	0.4263	0.1506	3.7847	1661.6028	0.1262	0.3995
	21.5000	32698.9173	478050.5524	11266430022.1700	1074.2709	13068.7802	1669699347.1816	0.0016	0.0016	0.0016	0.0026	0.4263	0.1541	3.7847	1670.2701	0.6308	0.3560
	22.0000	33449.0165	478126.5449	11527418983.8517	1074.4417	13373.6971	1709088321.5052	0.0016	0.0016	0.0016	0.0026	0.3727	0.1576	3.7847	1624.9171	0.1262	0.3460
	22.5000	34199.1157	478593.7694	11801901744.2777	1075.4916	13664.1485	1743884456.2293	0.0016	0.0016	0.0016	0.0026	0.3727	0.1612	3.7847	1760.7113	0.3785	0.3514
	23.0000	34949.2149	478711.3335	12064865079.0783	1075.7558	13968.9149	1783189339.2821	0.0016	0.0016	0.0016	0.0026	0.3727	0.1647	3.7847	1624.0078	0.1262	0.3460
	23.5000	35699.3141	479208.9753	12341573300.1756	1076.8741	14259.2213	1818022152.4050	0.0016	0.0016	0.0016	0.0026	0.4263	0.1683	3.7847	1769.4559	0.3785	0.4023
	24.0000	36449.4133	479364.1898	12606546815.1713	1077.2229	14563.8338	1857713484.2204	0.0016	0.0016	0.0016	0.0026	0.4835	0.1718	3.7847	1685.4367	0.1262	0.3995
	24.5000	37199.5126	479883.5401	12885298860.3318	1078.3900	14853.9918	1892321741.0134	0.0016	0.0016	0.0016	0.0026	0.4263	0.1541	4.0370	1685.0730	0.1262	0.3995
	25.0000	37949.6118	479965.7099	13148239208.8213	1078.5746	15158.4471	1932494081.4889	0.0016	0.0016	0.0016	0.0026	0.4835	0.1572	4.0370	1684.6710	0.1262	0.3995
	25.5000	38699.7111	480402.2100	13425015313.6454	1079.5555	15448.4535	1966473509.6160	0.0016	0.0016	0.0016	0.0026	0.4263	0.1603	4.0370	1704.6145	0.3785	0.4017
	26.0000	39449.8104	480524.7148	13690059204.6099	1079.8308	15752.7479	2005356070.4849	0.0016	0.0016	0.0016	0.0026	0.4835	0.1634	4.0370	1683.9118	0.1262	0.3995
	26.5000	40199.9097	480986.5086	13968926267.8333	1080.8686	16042.5997	2039821362.7328	0.0016	0.0016	0.0016	0.0026	0.4263	0.1665	4.0370	1683.5457	0.1262	0.3995
	27.0000	40950.0090	481141.3363	14235915852.9623	1081.2165	16346.7303	2079669496.1123	0.0016	0.0016	0.0016	0.0026	0.4835	0.1696	4.0370	1683.1584	0.1262	0.3995
	27.5000	41700.1083	481627.5012	14516954511.4419	1082.3090	16636.4249	2113138482.7634	0.0016	0.0016	0.0016	0.0026	0.4263	0.1727	4.0370	1682.7792	0.1262	0.3995
	28.0000	42450.2077	481817.2555	14786139830.8564	1082.7354	16940.3895	2152752568.5241	0.0016	0.0016	0.0016	0.0026	0.4835	0.1758	4.0370	1682.3906	0.1262	0.3995
	28.5000	43200.3070	482327.1495	15069439953.6959	1083.8812	17229.9246	2186166343.1588	0.0016	0.0016	0.0016	0.0026	0.4263	0.1790	4.0370	1682.0102	0.1262	0.3995
	29.0000	43950.4064	482548.3516	15340816895.5630	1084.3783	17533.7202	2225714288.7469	0.0016	0.0016	0.0016	0.0026	0.4835	0.1821	4.0370	1681.6204	0.1262	0.3995
	29.5000	44700.5057	483083.0870	15626540788.3236	1085.5800	17823.0924	2259071563.5501	0.0016	0.0016	0.0016	0.0026	0.4798	0.1852	4.0370	1681.2388	0.1262	0.3995
	30.0000	45450.6051	483336.5796	15900284238.5640	1086.1496	18126.7149	2298313419.9224	0.0016	0.0016	0.0016	0.0027	0.4798	0.1883	4.0370	1680.8837	0.1262	0.3995
	30.5000	46200.7045	483892.3087	16188371525.4995	1087.3984	18415.9205	2332109615.5999	0.0016	0.0016	0.0016	0.0027	0.4798	0.1914	4.0370	1757.5203	0.3785	0.4534
	31.0000	46950.8039	484173.1486	16464386247.0890	1088.0295	18719.3664	2371205661.9213	0.0016	0.0016	0.0016	0.0027	0.4798	0.1945	4.0370	1759.3046	0.1262	0.4530
	31.5000	47700.9034	484750.3590	16754959430.7887	1089.3266	19008.4021	2404712428.9823	0.0016	0.0016	0.0016	0.0027	0.4798	0.1976	4.0370	1768.0577	0.6308	0.4178
	32.0000	48451.0028	485057.5736	17033316985.4362	1090.0170	19311.6681	2443611104.7877	0.0016	0.0016	0.0016	0.0027	0.4798	0.2007	4.0370	1758.5582	0.1262	0.4530
	32.5000	49201.1023	485653.9654	17326363260.4302	1091.3572	19600.5307	2477689379.1010	0.0016	0.0016	0.0016	0.0027	0.5333	0.2038	4.0370	1778.9317	0.6308	0.4634
	33.0000	49951.2017	485969.2630	17606263258.0526	1092.0658	19903.6135	2515920088.3804	0.0016	0.0016	0.0016	0.0027	0.4798	0.1833	4.2893	1757.8902	0.1262	0.4530
	33.5000	50701.3012	486495.5005	17897331193.9481	1093.2483	20192.3323	2550344761.5421	0.0016	0.0016	0.0016	0.0027	0.5374	0.1860	4.2893	2548.9810	0.1262	0.5353
	34.0000	51451.4007	486749.4191	18175177404.0854	1093.8189	20495.1986	2588665971.7464	0.0016	0.0016	0.0016	0.0027	0.5333	0.1684	4.5416	1789.6879	0.1262	0.5065
	34.5000	52201.5002	487207.1950	18464046207.0131	1094.8476	20783.7096	2622204004.8765	0.0016	0.0015	0.0015	0.0027	0.5333	0.1709	4.5416	1801.3334	0.6308	0.4634
	35.0000	52951.5997	487417.8531	18740516485.9305	1095.3210	21086.4219	2660863169.8133	0.0016	0.0016	0.0016	0.0027	0.5333	0.1733	4.5416	1789.0164	0.1262	0.5065
	35.5000	53701.6992	487898.4758	19031800353.8966	1096.4011	21374.7545	2694337817.3894	0.0016	0.0016	0.0016	0.0027	0.5333	0.1758	4.5416	1812.7586	0.6308	0.4634
	36.0000	54451.7988	488140.2816	19310801252.9162	1096.9445	21677.2787	2732924952.9531	0.0016	0.0016	0.0016	0.0027	0.5333	0.1782	4.5416	1788.3426	0.1262	0.5065
	36.5000	55201.8983	488649.5400	19604928798.6976	1098.0889	21965.4314	2766338158.3758	0.0016	0.0016	0.0016	0.0027	0.5333	0.1807	4.5416	1824.5021	0.6308	0.4634
	37.0000	55951.9979	488920.8458	19886506412.6104	1098.6985	22267.7659	2804852777.6553	0.0016	0.0016	0.0016	0.0027	0.5333	0.1831	4.5416	1787.6667	0.1262	0.5065
	37.5000	56702.0975	489453.8149	20183327909.5386	1099.8962	22555.7372	2838201736.1503	0.0016	0.0016	0.0016	0.0027	0.5333	0.1856	4.5416	1836.5344	0.6308	0.4634
	38.0000	57452.1971	489750.7632	20467389051.6141	1100.5635	22857.8808	2876643410.8175	0.0016	0.0016	0.0016	0.0027	0.5333	0.1880	4.5416	1786.9885	0.1262	0.5065
	38.5000	58202.2967	490300.3387	20766599166.0528	1101.7985	23145.6696	2909930177.7113	0.0016	0.0016	0.0016	0.0027	0.5333	0.1905	4.5416	1848.7582	0.6308	0.4634
	39.0000	58952.3963	490624.7664	21053360751.2707	1102.5276	23447.6209	2948298506.7580	0.0016	0.0016	0.0016	0.0027	0.5333	0.1929	4.5416	1786.3082	0.1262	0.5065
	39.5000	59702.4959	491200.6531	21355621778.3835	1103.8217	23735.2258	2981520721.4593	0.0016	0.0016	0.0016	0.0027	0.5333	0.1954	4.5416	1861.4069	0.6308	0.4634
	40.0000	60452.5956	491552.5206	21645204213.5741	1104.6124	24036.9836	3019832917.9356	0.0016	0.0016	0.0016	0.0027	0.5333	0.1979	4.5416	1785.6256	0.1262	0.5065
	40.5000	61202.6952	492147.7090	21950206421.4888	1105.9499	24324.4036	3053129798.0579	0.0016	0.0016	0.0016	0.0027	0.5333	0.2003	4.5416	1950.0529	0.6308	0.4638
	41.0000	61952.6749	492663.5216	22251140873.3695	1107.1090	24625.9371	3091501925.1682	0.0016	0.0016	0.0016	0.0027	0.5867	0.2028	4.5416	1876.9208	0.1262	0.5600
	41.5000	62702.5945	493354.6753	22563821790.8436	1108.6622	24913.1234	3125012362.0437	0.0016	0.0016	0.0016	0.0027	0.5333	0.1842	4.7940	1960.6703	0.3785	0.5050
	42.0000	63452.5742	493724.5345	22857174005.3560	1109.4933	25214.4525	3162565608.9652	0.0016	0.0016	0.0016	0.0027	0.5333	0.1864	4.7940	1784.5506	0.1262	0.5065
	42.5000	64202.4939	494336.8651	23166626623.1110	1110.8694	25501.4426	3195860050.2651	0.0016	0.0016	0.0016	0.0027	0.5868	0.1886	4.7940	1784.2600	0.1262	0.5065
	43.0000	64952.4736	494702.4925	23460995354.0057	1111.6910	25802.5653	3233539098.3643	0.0016	0.0016	0.0016	0.0027	0.5333	0.1908	4.7940	1783.9494	0.1262	0.5065
	43.5000	65702.3933	495305.7986	23771506874.2569	1113.0467	26089.3581	3266565081.7340	0.0016	0.0016	0.0016	0.0027	0.5333	0.1930	4.7940	1910.7311	0.3785	0.5044
	44.0000	66452.3730	495681.6161	24067827853.1682	1113.8913	26390.2730	3304561133.7327	0.0016	0.0016	0.0016	0.0027	0.5868	0.1952	4.7940	1783.3209	0.1262	0.5065
	44.5000	67202.2928	496284.5696	24379954852.3754	1115.2462	26676.8674	3337746417.1690	0.0016	0.0016	0.0016	0.0027	0.5333	0.1974	4.7940	1919.5973	0.6308	0.4634
	45.0000	67952.0925	496678.6978	24678752461.3090	1116.1319	26977.5339	3375938940.0253	0.0016	0.0016	0.0016	0.0027	0.5866	0.1996	4.7940	1916.6542	0.1262	0.5599
	45.5000	68701.4722	497308.4839	24994178435.6347	1117.5472	27263.8107	3408998391.4247	0.0016	0.0016	0.0016	0.0027	0.5333	0.2018	4.7940	1919.3526	0.3785	0.5043
	46.0000	69451.0919	497693.0318	25293603726.1273	1118.4113	27564.2278	3446721758.9227	0.0016	0.0016	0.0016	0.0027	0.5868	0.2040	4.7940	1782.1173	0.1262	0.5065
	46.5000	70200.4716	498289.9870	25608429131.2904	1119.7528	27850.3040	3479716032.4346	0.0016	0.0016	0.0016	0.0027	0.5333	0.2062	4.7940	1998.7305	0.6308	0.4637
	47.0000	70950.0914	498661.2745	25908225794.9738	1120.5871	28150.5101	3517619893.6970	0.0016	0.0016	0.0016	0.0027	0.5866	0.2084	4.7940	1925.3479	0.1262	0.5599
	47.5000	71699.4711	499238.2052	26223235882.1957	1121.8836	28436.3848	3550493920.5412	0.0016	0.0016	0.0016	0.0027	0.5866	0.2106	4.7940	1928.1657	0.6308	0.5078
	48.0000	72449.0909	499585.2504	26522543586.5719	1122.6635	28736.3788	3588062752.5366	0.0016	0.0016	0.0016	0.0027	0.5866	0.1921	5.0463	1924.7502	0.1262	0.5599
	48.5000	73198.4707	500079.0587	26833026481.2020	1123.7732	29022.0504	3620691605.4888	0.0016	0.0016	0.0016	0.0027	0.5866	0.1941	5.0463	1932.5498	0.6308	0.5078
	49.0000	73948.0905	500364.7201	27128945520.9149	1124.4151	29321.8300	3658287413.9382	0.0016	0.0015	0.0015	0.0027	0.5866	0.1960	5.0463	1924.1431	0.1262	0.5599
	49.5000	74697.4703	500849.4463	27440074347.5180	1125.5044	29607.2964	3690839357.1546	0.0016	0.0016	0.0016	0.0027	0.5866	0.1980	5.0463	1936.9333	0.6308	0.5078
	50.0000	75447.0889	501132.3296	27736789061.5381	1126.1401	29906.8625	3728353976.5748	0.0016	0.0016	0.0016	0.0027	0.5866	0.2000	5.0463	1923.5291	0.1262	0.5599
	50.5000	76196.4501	501610.3664	28048703161.5434	1127.2143	30192.1402	3760839576.3254	0.0016	0.0016	0.0016	0.0027	0.5866	0.2020	5.0463	1940.6143	0.6308	0.5078
	51.0000	76946.0451	501892.1871	28346321839.0563	1127.8476	30491.5273	3798294013.9568	0.0016	0.0016	0.0016	0.0027	0.5866	0.2040	5.0463	1922.9107	0.1262	0.5599
	51.5000	77695.3686	502366.0880	28659186680.2194	1128.9126	30776.6320	3830735591.3483	0.0016	0.0016	0.0016	0.0027	0.5866	0.2060	5.0463	1944.0419	0.6308	0.5078
	52.0000	78444.9372	502647.7754	28957774048.2642	1129.5456	31075.8405	3868202057.5822	0.0016	0.0016	0.0016	0.0027	0.5866	0.2080	5.0463	1922.2885	0.1262	0.5599
	52.5000	79194.2214	503118.5225	29271651095.5190	1130.6034	31360.7704	3900510964.8357	0.0016	0.0016	0.0016	0.0027	0.5866	0.2100	5.0463	1947.4742	0.6308	0.5078
	53.0000	79943.7617	503400.6810	29571251906.5118	1131.2375	31659.7985	3937909545.3155	0.0016	0.0016	0.0016	0.0027	0.5866	0.2119	5.0463	1921.6655	0.1262	0.5599
	53.5000	80693.0049	503868.0021	29886106997.9072	1132.2876	31944.5521	3970152950.6178	0.0016	0.0016	0.0016	0.0027	0.5866	0.2139	5.0463	1950.9144	0.6308	0.5078
	54.0000	81442.5154	504150.7630	30186730452.9896	1132.9231	32243.3980	4007484505.6954	0.0016	0.0016	0.0016	0.0027	0.5866	0.2159	5.0463	1921.0414	0.1262	0.5599
	54.5000	82191.7156	504614.9141	30502571486.4328	1133.9661	32527.9736	4039673535.7808	0.0016	0.0016	0.0016	0.0027	0.5866	0.2179	5.0463	1954.3605	0.6308	0.5078
	55.0000	82941.1945	504898.2208	30804212065.6059	1134.6027	32826.6357	4076944215.4007	0.0016	0.0016	0.0016	0.0027	0.5866	0.2199	5.0463	1920.4162	0.1262	0.5599
	55.5000	83690.3502	505360.8762	31121166952.2671	1135.6424	33111.0316	4109056216.6932	0.0016	0.0016	0.0016	0.0027	0.5866	0.2219	5.0463	1957.7949	0.6308	0.5078
	56.0000	84439.7957	505645.6969	31423906595.9207	1136.2825	33409.5083	4146260484.0983	0.0016	0.0016	0.0016	0.0027	0.5866	0.2239	5.0463	1919.7888	0.1262	0.5599
	56.5000	85188.9050	506108.2234	31742086534.3355	1137.3219	33693.7231	4178326225.6675	0.0016	0.0016	0.0016	0.0027	0.5866	0.2258	5.0463	1961.2224	0.6308	0.5078
	57.0000	85938.3153	506394.8643	32045956406.3947	1137.9660	33992.0127	4215466195.7690	0.0016	0.0016	0.0016	0.0027	0.5866	0.2278	5.0463	1919.1604	0.1262	0.5599
	57.5000	86687.3764	506854.4814	32365120455.1042	1138.9988	34276.0449	4247472707.0084	0.0016	0.0016	0.0016	0.0027	0.5866	0.2298	5.0463	1964.5614	0.6308	0.5078
	58.0000	87436.7497	507141.4648	32669995245.6117	1139.6437	34574.1458	4284547473.4480	0.0016	0.0016	0.0016	0.0027	0.5866	0.2318	5.0463	1918.5311	0.1262	0.5599
	58.5000	88185.7609	507601.8614	32990457282.1196	1140.6783	34857.9939	4316494476.3199	0.0016	0.0016	0.0016	0.0027	0.5866	0.2338	5.0463	1968.0793	0.6308	0.5078
	59.0000	88935.0954	507891.9993	33296588177.5633	1141.3303	35155.9048	4353503309.0344	0.0016	0.0016	0.0016	0.0027	0.5866	0.2358	5.0463	1917.9008	0.1262	0.5599
	59.5000	89684.0547	508349.2774	33618003100.5293	1142.3579	35439.5675	4385390998.4302	0.0016	0.0016	0.0016	0.0027	0.5866	0.2378	5.0463	1970.2285	0.6308	0.5079
	60.0000	90433.3487	508639.1952	33925093639.9124	1143.0094	35737.2868	4422333987.2853	0.0016	0.0016	0.0016	0.0027	0.5866	0.2397	5.0463	1917.2697	0.1262	0.5599
	60.5000	91182.2543	509093.8391	34247492934.2211	1144.0311	36020.7627	4454161195.3672	0.0016	0.0016	0.0016	0.0027	0.5866	0.2417	5.0463	1973.6702	0.6308	0.5079
	61.0000	91931.5058	509384.1151	34555592711.1416	1144.6834	36318.2892	4491038655.3142	0.0016	0.0016	0.0016	0.0027	0.5866	0.2437	5.0463	1916.6377	0.1262	0.5599
	61.5000	92680.3559	509836.6054	34879010519.1961	1145.7002	36601.5771	4522806346.4602	0.0016	0.0016	0.0016	0.0027	0.5866	0.2457	5.0463	1977.1941	0.6308	0.5079
	62.0000	93429.5631	510127.6337	35188155289.2871	1146.3542	36898.9095	4559617563.2882	0.0016	0.0016	0.0016	0.0027	0.5866	0.2477	5.0463	1916.0049	0.1262	0.5599
	62.5000	94178.3558	510578.3234	35512616506.8009	1147.3670	37182.0080	4591324962.9847	0.0016	0.0016	0.0016	0.0027	0.5866	0.2497	5.0463	1980.6561	0.6308	0.5079
	63.0000	94927.5169	510869.7358	35822771971.8139	1148.0219	37479.1449	4628069676.9702	0.0016	0.0016	0.0016	0.0027	0.5866	0.2517	5.0463	1915.3714	0.1262	0.5599
	63.5000	95676.2502	511318.4864	36148256024.2924	1149.0303	37762.0529	4659716570.9652	0.0016	0.0016	0.0016	0.0027	0.5866	0.2536	5.0463	1984.0908	0.6308	0.5079
	64.0000	96425.3632	511610.2979	36459422802.1839	1149.6861	38058.9929	4696394548.8522	0.0016	0.0016	0.0016	0.0027	0.5866	0.2556	5.0463	1914.7372	0.1262	0.5599
	64.5000	97174.0352	512057.1289	36785923758.5170	1150.6902	38341.7090	4728066193.4249	0.0016	0.0016	0.0016	0.0027	0.5866	0.2576	5.0463	1987.3648	0.3785	0.5554
	65.0000	97923.0982	512349.4676	37098113614.8379	1151.3471	38638.4511	4765164728.8783	0.0016	0.0016	0.0016	0.0027	0.6372	0.2596	5.0463	1925.6266	0.1262	0.6119
	65.5000	98671.7070	512794.5976	37425645400.0538	1152.3474	38920.9743	4796669667.3850	0.0016	0.0016	0.0016	0.0027	0.6372	0.2616	5.0463	1990.8063	0.3785	0.6064
	66.0000	99270.7433	512990.9335	37672347055.1046	1152.7886	39152.5706	4823804902.7657	0.0016	0.0016	0.0016	0.0027	0.5866	0.2632	5.0463	1925.0482	0.3785	0.5548
	66.5000	99270.7433	512488.6787	37622487843.7158	1151.6600	39152.5706	4823804902.7657	0.0016	0.0016	0.0016	0.0027	0.5866	0.2632	5.0463	1924.6437	0.3785	0.5548
	67.0000	99270.7433	511981.0652	37572096678.3746	1150.5192	39152.5706	4823804902.7657	0.0016	0.0016	0.0016	0.0027	0.5866	0.2632	5.0463	1924.2337	0.3785	0.5548
	67.5000	99270.7433	511472.2211	37521583346.4200	1149.3758	39152.5706	4823804902.7657	0.0016	0.0016	0.0016	0.0027	0.5866	0.2632	5.0463	1923.8224	0.3785	0.5548
	68.0000	99270.7433	510963.0017	37471032762.8347	1148.2315	39152.5706	4823804902.7657	0.0016	0.0016	0.0016	0.0027	0.5866	0.2632	5.0463	1923.4107	0.3785	0.5548
	68.5000	99270.7433	510453.6127	37420465338.2036	1147.0868	39152.5706	4823804902.7657	0.0016	0.0016	0.0016	0.0027	0.5866	0.2632	5.0463	1922.9988	0.3785	0.5548
	69.0000	99270.7433	509944.1227	37369887882.9565	1145.9418	39152.5706	4823804902.7657	0.0016	0.0016	0.0016	0.0027	0.5866	0.2632	5.0463	1922.5868	0.3785	0.5548
	69.5000	99270.7433	509434.5638	37319303591.7106	1144.7968	39152.5706	4823804902.7657	0.0016	0.0016	0.0016	0.0027	0.5866	0.2632	5.0463	1922.1748	0.3785	0.5548
	70.0000	99270.7433	508924.9556	37268714406.0274	1143.6516	39152.5706	4823804902.7657	0.0016	0.0016	0.0016	0.0027	0.5866	0.2632	5.0463	1921.7627	0.3785	0.5548
	70.5000	99270.7433	508415.3096	37218121465.1264	1142.5063	39152.5706	4823804902.7657	0.0016	0.0016	0.0016	0.0027	0.5866	0.2632	5.0463	1921.3505	0.3785	0.5548
	71.0000	99270.7433	507905.6320	37167525393.2007	1141.3610	39152.5706	4823804902.7657	0.0016	0.0016	0.0016	0.0027	0.5866	0.2632	5.0463	1920.9384	0.3785	0.5548
	71.5000	99270.7433	507395.9255	37116926454.0848	1140.2156	39152.5706	4823804902.7657	0.0016	0.0016	0.0016	0.0027	0.5866	0.2632	5.0463	1920.5262	0.3785	0.5548
	72.0000	99270.7433	506886.1904	37066324669.5811	1139.0701	39152.5706	4823804902.7657	0.0016	0.0016	0.0016	0.0027	0.5866	0.2632	5.0463	1920.1139	0.3785	0.5548
	72.5000	99270.7433	506376.4260	37015719980.8790	1137.9246	39152.5706	4823804902.7657	0.0016	0.0016	0.0016	0.0027	0.5866	0.2632	5.0463	1919.7017	0.3785	0.5548
	73.0000	99270.7433	505866.6312	36965112267.5721	1136.7789	39152.5706	4823804902.7657	0.0016	0.0016	0.0016	0.0027	0.5866	0.2632	5.0463	1919.2894	0.3785	0.5548
	73.5000	99270.7433	505356.8048	36914501428.6015	1135.6333	39152.5706	4823804902.7657	0.0016	0.0016	0.0016	0.0027	0.5866	0.2632	5.0463	1918.8771	0.3785	0.5548
	74.0000	99270.7433	504846.9461	36863887371.4502	1134.4875	39152.5706	4823804902.7657	0.0016	0.0016	0.0016	0.0027	0.5866	0.2632	5.0463	1918.4647	0.3785	0.5548
	74.5000	99270.7433	504337.0539	36813269998.4573	1133.3417	39152.5706	4823804902.7657	0.0016	0.0016	0.0016	0.0027	0.5866	0.2632	5.0463	1918.0523	0.3785	0.5548
	75.0000	99270.7433	503827.1277	36762649237.2837	1132.1958	39152.5706	4823804902.7657	0.0016	0.0016	0.0016	0.0027	0.5866	0.2632	5.0463	1917.6399	0.3785	0.5548
	75.6000	99270.7433	503215.1686	36701899604.8429	1130.8206	39152.5706	4823804902.7657	0.0016	0.0016	0.0016	0.0027	0.5866	0.2632	5.0463	1917.1449	0.3785	0.5548
	76.1000	99270.7433	502705.1610	36651270775.1356	1129.6745	39152.5706	4823804902.7657	0.0016	0.0016	0.0016	0.0027	0.5866	0.2632	5.0463	1916.7324	0.3785	0.5548
	76.6000	99270.7433	502195.1173	36600638359.9061	1128.5284	39152.5706	4823804902.7657	0.0016	0.0016	0.0016	0.0027	0.5866	0.2632	5.0463	1916.3198	0.3785	0.5548
	77.1000	99270.7433	501685.0371	36550002313.7854	1127.3821	39152.5706	4823804902.7657	0.0016	0.0016	0.0016	0.0027	0.5866	0.2632	5.0463	1915.9072	0.3785	0.5548
	77.6000	99270.7433	501174.9198	36499362596.2099	1126.2358	39152.5706	4823804902.7657	0.0016	0.0016	0.0016	0.0027	0.5866	0.2632	5.0463	1915.4945	0.3785	0.5548
	78.1000	99270.7433	500664.7652	36448719161.8392	1125.0894	39152.5706	4823804902.7657	0.0016	0.0016	0.0016	0.0027	0.5866	0.2632	5.0463	1915.0819	0.3785	0.5548
	78.6000	99270.7433	500154.5726	36398071972.1998	1123.9429	39152.5706	4823804902.7657	0.0016	0.0016	0.0016	0.0027	0.5866	0.2632	5.0463	1914.6691	0.3785	0.5548
	79.1000	99270.7433	499644.3420	36347420999.0732	1122.7963	39152.5706	4823804902.7657	0.0016	0.0016	0.0016	0.0027	0.5866	0.2632	5.0463	1914.2564	0.3785	0.5548
	79.6000	99270.7433	499134.0730	36296766217.1907	1121.6496	39152.5706	4823804902.7657	0.0016	0.0016	0.0016	0.0027	0.5866	0.2632	5.0463	1913.8436	0.3785	0.5548
	80.1000	99270.7433	498623.7655	36246107603.8261	1120.5028	39152.5706	4823804902.7657	0.0016	0.0016	0.0016	0.0027	0.5866	0.2632	5.0463	1913.4307	0.3785	0.5548
	80.6000	99270.7433	498113.4190	36195445137.0780	1119.3560	39152.5706	4823804902.7657	0.0016	0.0016	0.0016	0.0027	0.5866	0.2632	5.0463	1913.0178	0.3785	0.5548
	81.1000	99270.7433	497603.0336	36144778796.8851	1118.2091	39152.5706	4823804902.7657	0.0016	0.0016	0.0016	0.0027	0.5866	0.2632	5.0463	1912.6049	0.3785	0.5548
	81.6000	99270.7433	497092.6089	36094108553.7767	1117.0620	39152.5706	4823804902.7657	0.0016	0.0016	0.0016	0.0027	0.5866	0.2632	5.0463	1912.1919	0.3785	0.5548
	82.1000	99270.7433	496582.1446	36043434388.4531	1115.9149	39152.5706	4823804902.7657	0.0016	0.0016	0.0016	0.0027	0.5866	0.2632	5.0463	1911.7789	0.3785	0.5548
	82.6000	99270.7433	496071.6408	35992756287.8623	1114.7677	39152.5706	4823804902.7657	0.0016	0.0016	0.0016	0.0027	0.5866	0.2632	5.0463	1911.3659	0.3785	0.5548
	83.1000	99270.7433	495561.0971	35942074239.4744	1113.6204	39152.5706	4823804902.7657	0.0016	0.0016	0.0016	0.0027	0.5866	0.2632	5.0463	1910.9528	0.3785	0.5548
	83.6000	99270.7433	495050.5136	35891388232.4427	1112.4731	39152.5706	4823804902.7657	0.0016	0.0016	0.0016	0.0027	0.5866	0.2632	5.0463	1910.5396	0.3785	0.5548
	84.1000	99270.7433	494539.8901	35840698261.1417	1111.3256	39152.5706	4823804902.7657	0.0016	0.0016	0.0016	0.0027	0.5866	0.2632	5.0463	1910.1264	0.3785	0.5548
	84.6000	99270.7433	494029.2266	35790004315.8709	1110.1780	39152.5706	4823804902.7657	0.0016	0.0016	0.0016	0.0027	0.5866	0.2632	5.0463	1909.7132	0.3785	0.5548
	85.1000	99270.7433	493518.5230	35739306386.1528	1109.0304	39152.5706	4823804902.7657	0.0016	0.0016	0.0016	0.0027	0.5866	0.2632	5.0463	1909.2999	0.3785	0.5548
	85.6000	99270.7433	493007.7791	35688604462.3882	1107.8826	39152.5706	4823804902.7657	0.0016	0.0016	0.0016	0.0027	0.5866	0.2632	5.0463	1908.8866	0.3785	0.5548
	86.1000	99270.7433	492496.9949	35637898537.5238	1106.7348	39152.5706	4823804902.7657	0.0016	0.0016	0.0016	0.0027	0.5866	0.2632	5.0463	1908.4733	0.3785	0.5548
	86.6000	99270.7433	491986.1703	35587188602.6465	1105.5869	39152.5706	4823804902.7657	0.0016	0.0016	0.0016	0.0027	0.5866	0.2632	5.0463	1908.0599	0.3785	0.5548
	87.1000	99270.7433	491475.3053	35536474651.7353	1104.4389	39152.5706	4823804902.7657	0.0016	0.0016	0.0016	0.0027	0.5866	0.2632	5.0463	1907.6464	0.3785	0.5548
	87.6000	99270.7433	490964.3998	35485756677.8001	1103.2908	39152.5706	4823804902.7657	0.0016	0.0016	0.0016	0.0027	0.5866	0.2632	5.0463	1907.2329	0.3785	0.5548
	88.1000	99270.7433	490453.4536	35435034674.8054	1102.1426	39152.5706	4823804902.7657	0.0016	0.0016	0.0016	0.0027	0.5866	0.2632	5.0463	1906.8194	0.3785	0.5548
	88.6000	99270.7433	489942.4666	35384308618.4146	1100.9943	39152.5706	4823804902.7657	0.0016	0.0016	0.0016	0.0027	0.5866	0.2632	5.0463	1906.4058	0.3785	0.5548
	89.1000	99270.7433	489431.4388	35333578499.7625	1099.8459	39152.5706	4823804902.7657	0.0016	0.0016	0.0016	0.0027	0.5866	0.2632	5.0463	1905.9922	0.3785	0.5548
	89.6000	99270.7433	488920.3699	35282844315.3372	1098.6975	39152.5706	4823804902.7657	0.0016	0.0016	0.0016	0.0027	0.5866	0.2632	5.0463	1905.5785	0.3785	0.5548
	90.1000	99270.7433	488409.2601	35232106062.5292	1097.5489	39152.5706	4823804902.7657	0.0016	0.0016	0.0016	0.0027	0.5866	0.2632	5.0463	1905.1648	0.3785	0.5548
	90.6000	99270.7433	487898.1092	35181363739.4446	1096.4002	39152.5706	4823804902.7657	0.0016	0.0016	0.0016	0.0027	0.5866	0.2632	5.0463	1904.7511	0.3785	0.5548
	91.1000	99270.7433	487386.9174	35130617342.6040	1095.2515	39152.5706	4823804902.7657	0.0016	0.0016	0.0016	0.0027	0.5866	0.2632	5.0463	1904.3373	0.3785	0.5548
	91.6000	99270.7433	486875.6845	35079866871.1141	1094.1027	39152.5706	4823804902.7657	0.0016	0.0016	0.0016	0.0027	0.5866	0.2632	5.0463	1903.9234	0.3785	0.5548
	92.1000	99270.7433	486364.4105	35029112322.8506	1092.9537	39152.5706	4823804902.7657	0.0016	0.0016	0.0016	0.0027	0.5866	0.2632	5.0463	1903.5096	0.3785	0.5548
	92.6000	99270.7433	485853.0954	34978353696.3813	1091.8047	39152.5706	4823804902.7657	0.0016	0.0016	0.0016	0.0027	0.5866	0.2632	5.0463	1903.0956	0.3785	0.5548
	93.1000	99270.7433	485341.7393	34927590990.5509	1090.6556	39152.5706	4823804902.7657	0.0016	0.0016	0.0016	0.0027	0.5866	0.2632	5.0463	1902.6817	0.3785	0.5548
	93.6000	99270.7433	484830.3420	34876824203.8555	1089.5064	39152.5706	4823804902.7657	0.0016	0.0016	0.0016	0.0027	0.5866	0.2632	5.0463	1902.2676	0.3785	0.5548
	94.1000	99270.7433	484318.9036	34826053335.3107	1088.3571	39152.5706	4823804902.7657	0.0016	0.0016	0.0016	0.0027	0.5866	0.2632	5.0463	1901.8536	0.3785	0.5548
	94.6000	99270.7433	483807.4241	34775278383.9801	1087.2077	39152.5706	4823804902.7657	0.0016	0.0016	0.0016	0.0027	0.5866	0.2632	5.0463	1901.4395	0.3785	0.5548
	95.1000	99270.7433	483295.9035	34724499349.1761	1086.0582	39152.5706	4823804902.7657	0.0016	0.0016	0.0016	0.0027	0.5866	0.2632	5.0463	1901.0253	0.3785	0.5548
	95.6000	99270.7433	482784.3417	34673716230.2937	1084.9086	39152.5706	4823804902.7657	0.0016	0.0016	0.0016	0.0027	0.5866	0.2632	5.0463	1900.6111	0.3785	0.5548
	96.1000	99270.7433	482272.7387	34622929027.3364	1083.7590	39152.5706	4823804902.7657	0.0016	0.0016	0.0016	0.0027	0.5866	0.2632	5.0463	1900.1969	0.3785	0.5548
	96.6000	99270.7433	481761.0947	34572137739.9261	1082.6092	39152.5706	4823804902.7657	0.0016	0.0016	0.0016	0.0027	0.5866	0.2632	5.0463	1899.7826	0.3785	0.5548
	97.1000	99270.7433	481249.4094	34521342367.5973	1081.4593	39152.5706	4823804902.7657	0.0016	0.0016	0.0016	0.0027	0.5866	0.2632	5.0463	1899.3683	0.3785	0.5548
	97.6000	99270.7433	480737.6831	34470542910.3863	1080.3094	39152.5706	4823804902.7657	0.0016	0.0016	0.0016	0.0027	0.5866	0.2632	5.0463	1898.9539	0.3785	0.5548
	98.1000	99270.7433	480225.9156	34419739369.4602	1079.1594	39152.5706	4823804902.7657	0.0016	0.0016	0.0016	0.0027	0.5866	0.2632	5.0463	1898.5395	0.3785	0.5548
	98.6000	99270.7433	479714.1069	34368931744.6711	1078.0092	39152.5706	4823804902.7657	0.0016	0.0016	0.0016	0.0027	0.5866	0.2632	5.0463	1898.1250	0.3785	0.5548
	99.1000	99270.7433	479202.2571	34318120036.1483	1076.8590	39152.5706	4823804902.7657	0.0016	0.0016	0.0016	0.0027	0.5866	0.2632	5.0463	1897.7105	0.3785	0.5548
	99.6000	99270.7433	478690.3662	34267304243.0902	1075.7087	39152.5706	4823804902.7657	0.0016	0.0016	0.0016	0.0027	0.5866	0.2632	5.0463	1897.2960	0.3785	0.5548
	100.1000	99270.7433	478178.4342	34216484368.7152	1074.5583	39152.5706	4823804902.7657	0.0016	0.0016	0.0016	0.0027	0.5866	0.2632	5.0463	1896.8814	0.3785	0.5548
	100.5600	99270.7433	477707.4722	34169731626.7335	1073.4999	39152.5706	4823804902.7657	0.0016	0.0016	0.0016	0.0027	0.5866	0.2632	5.0463	1896.4999	0.3785	0.5548
	101.6400	99270.7433	476601.7547	34059966230.5465	1071.0152	39152.5706	4823804902.7657	0.0016	0.0016	0.0016	0.0027	0.5866	0.2632	5.0463	1895.6042	0.3785	0.5548
	102.6480	99270.7433	475569.8119	33957524502.2304	1068.6962	39152.5706	4823804902.7657	0.0016	0.0016	0.0016	0.0027	0.5866	0.2632	5.0463	1894.7680	0.3785	0.5548
	103.6502	99270.7433	474543.8439	33855675890.6996	1066.3907	39152.5706	4823804902.7657	0.0016	0.0016	0.0016	0.0027	0.5866	0.2632	5.0463	1893.9365	0.3785	0.5548
	104.5626	99270.7433	473609.9103	33762963606.4104	1064.2919	39152.5706	4823804902.7657	0.0016	0.0016	0.0016	0.0027	0.5866	0.2632	5.0463	1893.1793	0.3785	0.5548
	105.5580	99270.7433	472591.0629	33661821874.5721	1062.0024	39152.5706	4823804902.7657	0.0016	0.0016	0.0016	0.0027	0.5866	0.2632	5.0463	1892.3532	0.3785	0.5548
	106.7523	99270.7433	471368.6834	33540475345.2632	1059.2555	39152.5706	4823804902.7657	0.0016	0.0016	0.0016	0.0027	0.5866	0.2632	5.0463	1891.3616	0.3785	0.5548
	107.7079	99270.7433	470390.7897	33443399116.6963	1057.0580	39152.5706	4823804902.7657	0.0016	0.0016	0.0016	0.0027	0.5866	0.2632	5.0463	1890.5683	0.3785	0.5548
	108.7828	99270.7433	469290.7941	33334201728.8226	1054.5861	39152.5706	4823804902.7657	0.0016	0.0016	0.0016	0.0027	0.5866	0.2632	5.0463	1889.6755	0.3785	0.5548
	109.9294	99270.7433	468117.5211	33217730047.3023	1051.9495	39152.5706	4823804902.7657	0.0016	0.0016	0.0016	0.0027	0.5866	0.2632	5.0463	1888.7230	0.3785	0.5548
	110.7894	99270.7433	467237.7369	33130393216.9664	1049.9724	39152.5706	4823804902.7657	0.0016	0.0016	0.0016	0.0027	0.5866	0.2632	5.0463	1888.0086	0.3785	0.5548
	111.6494	99270.7433	466357.8545	33043046636.1222	1047.9952	39152.5706	4823804902.7657	0.0016	0.0016	0.0016	0.0027	0.5866	0.2632	5.0463	1887.2940	0.3785	0.5548
	112.5793	99270.7433	465406.5015	32948605119.0075	1045.8573	39152.5706	4823804902.7657	0.0016	0.0016	0.0016	0.0027	0.5866	0.2632	5.0463	1886.5211	0.3785	0.5548
	113.5793	99270.7433	464383.6442	32847065316.9861	1043.5588	39152.5706	4823804902.7657	0.0016	0.0016	0.0016	0.0027	0.5866	0.2632	5.0463	1885.6898	0.3785	0.5548
	114.5793	99270.7433	463360.6640	32745513308.3376	1041.2599	39152.5706	4823804902.7657	0.0016	0.0016	0.0016	0.0027	0.5866	0.2632	5.0463	1884.8584	0.3785	0.5548
	115.5793	99270.7433	462337.5612	32643949138.6257	1038.9608	39152.5706	4823804902.7657	0.0016	0.0016	0.0016	0.0027	0.5866	0.2632	5.0463	1884.0268	0.3785	0.5548
	116.5793	99270.7433	461314.3374	32542372951.2270	1036.6614	39152.5706	4823804902.7657	0.0016	0.0016	0.0016	0.0027	0.5866	0.2632	5.0463	1883.1950	0.3785	0.5548
	117.5793	99270.7433	460290.9942	32440784909.0227	1034.3618	39152.5706	4823804902.7657	0.0016	0.0016	0.0016	0.0027	0.5866	0.2632	5.0463	1882.3630	0.3785	0.5548
	118.5793	99270.7433	459267.5334	32339185194.9833	1032.0619	39152.5706	4823804902.7657	0.0016	0.0016	0.0016	0.0027	0.5866	0.2632	5.0463	1881.5309	0.3785	0.5548
	119.5793	99270.7433	458243.9570	32237574003.6966	1029.7617	39152.5706	4823804902.7657	0.0016	0.0016	0.0016	0.0027	0.5866	0.2632	5.0463	1880.6985	0.3785	0.5548
	120.5793	99270.7433	457220.2670	32135951539.6772	1027.4613	39152.5706	4823804902.7657	0.0016	0.0016	0.0016	0.0027	0.5866	0.2632	5.0463	1879.8660	0.3785	0.5548
	121.5793	99270.7433	456196.4657	32034318022.3444	1025.1606	39152.5706	4823804902.7657	0.0016	0.0016	0.0016	0.0027	0.5866	0.2632	5.0463	1879.0334	0.3785	0.5548
	122.5793	99270.7433	455172.5555	31932673689.6969	1022.8597	39152.5706	4823804902.7657	0.0016	0.0016	0.0016	0.0027	0.5866	0.2632	5.0463	1878.2005	0.3785	0.5548
	123.5793	99270.7433	454148.5388	31831018791.7989	1020.5585	39152.5706	4823804902.7657	0.0016	0.0016	0.0016	0.0027	0.5866	0.2632	5.0463	1877.3675	0.3785	0.5548
	124.5793	99270.7433	453124.4184	31729353603.2926	1018.2571	39152.5706	4823804902.7657	0.0016	0.0016	0.0016	0.0027	0.5866	0.2632	5.0463	1876.5342	0.3785	0.5548
	125.5793	99270.7433	452100.1974	31627678419.9713	1015.9555	39152.5706	4823804902.7657	0.0016	0.0016	0.0016	0.0027	0.5866	0.2632	5.0463	1875.7009	0.3785	0.5548
	126.5793	99270.7433	451075.8789	31525993557.8038	1013.6537	39152.5706	4823804902.7657	0.0016	0.0016	0.0016	0.0027	0.5866	0.2632	5.0463	1874.8673	0.3785	0.5548
	127.5793	99270.7433	450051.4663	31424299356.8238	1011.3516	39152.5706	4823804902.7657	0.0016	0.0016	0.0016	0.0027	0.5866	0.2632	5.0463	1874.0335	0.3785	0.5548
	128.5793	99270.7433	449026.9634	31322596196.8351	1009.0494	39152.5706	4823804902.7657	0.0016	0.0016	0.0016	0.0027	0.5866	0.2632	5.0463	1873.1996	0.3785	0.5548
	129.5793	99270.7433	448002.3744	31220884482.6962	1006.7469	39152.5706	4823804902.7657	0.0016	0.0016	0.0016	0.0027	0.5866	0.2632	5.0463	1872.3655	0.3785	0.5548
	130.5793	99270.7433	446977.7037	31119164659.8551	1004.4443	39152.5706	4823804902.7657	0.0016	0.0016	0.0016	0.0027	0.5866	0.2632	5.0463	1871.5312	0.3785	0.5548
	131.5793	99270.7433	445952.9562	31017437218.4697	1002.1415	39152.5706	4823804902.7657	0.0016	0.0016	0.0016	0.0027	0.5866	0.2632	5.0463	1870.6967	0.3785	0.5548
	132.5793	99270.7433	444928.1375	30915702699.7622	999.8385	39152.5706	4823804902.7657	0.0016	0.0016	0.0016	0.0027	0.5866	0.2632	5.0463	1869.8621	0.3785	0.5548
	133.5793	99270.7433	443903.2534	30813961698.0304	997.5354	39152.5706	4823804902.7657	0.0016	0.0016	0.0016	0.0027	0.5866	0.2632	5.0463	1869.0273	0.3785	0.5548
	134.5793	99270.7433	442878.3107	30712214877.7845	995.2322	39152.5706	4823804902.7657	0.0016	0.0016	0.0016	0.0027	0.5866	0.2632	5.0463	1868.1923	0.3785	0.5548
	135.5793	99270.7433	441853.3170	30610462982.6756	992.9288	39152.5706	4823804902.7657	0.0016	0.0016	0.0016	0.0027	0.5866	0.2632	5.0463	1867.3571	0.3785	0.5548
	136.5793	99270.7433	440828.2804	30508706843.6337	990.6253	39152.5706	4823804902.7657	0.0016	0.0016	0.0016	0.0027	0.5866	0.2632	5.0463	1866.5217	0.3785	0.5548
	137.5793	99270.7433	439803.2106	30406947401.8146	988.3218	39152.5706	4823804902.7657	0.0016	0.0016	0.0016	0.0027	0.5866	0.2632	5.0463	1865.6862	0.3785	0.5548
	138.5793	99270.7433	438778.1184	30305185731.6497	986.0182	39152.5706	4823804902.7657	0.0016	0.0016	0.0016	0.0027	0.5866	0.2632	5.0463	1864.8505	0.3785	0.5548
	139.5793	99270.7433	437753.0160	30203423057.9677	983.7146	39152.5706	4823804902.7657	0.0016	0.0016	0.0016	0.0027	0.5866	0.2632	5.0463	1864.0146	0.3785	0.5548
	140.5793	99270.7433	436727.9178	30101660796.3455	981.4111	39152.5706	4823804902.7657	0.0016	0.0016	0.0016	0.0027	0.5866	0.2632	5.0463	1863.1785	0.3785	0.5548
	141.5793	99270.7433	435702.8403	29999900597.8380	979.1075	39152.5706	4823804902.7657	0.0016	0.0016	0.0016	0.0027	0.5866	0.2632	5.0463	1862.3422	0.3785	0.5548
	142.5793	99270.7433	434677.8032	29898144402.1047	976.8041	39152.5706	4823804902.7657	0.0016	0.0016	0.0016	0.0027	0.5866	0.2632	5.0463	1861.5058	0.3785	0.5548
	143.5793	99270.7433	433652.8297	29796394512.2367	974.5007	39152.5706	4823804902.7657	0.0016	0.0016	0.0016	0.0027	0.5866	0.2632	5.0463	1860.6692	0.3785	0.5548
	144.5793	99270.7433	432627.9475	29694653703.0361	972.1976	39152.5706	4823804902.7657	0.0016	0.0016	0.0016	0.0027	0.5866	0.2632	5.0463	1859.8324	0.3785	0.5548
	145.5793	99270.7433	431603.1910	29592925356.8140	969.8948	39152.5706	4823804902.7657	0.0016	0.0016	0.0016	0.0027	0.5866	0.2632	5.0463	1858.9954	0.3785	0.5548
	146.5793	99270.7433	430578.6022	29491213666.4777	967.5924	39152.5706	4823804902.7657	0.0016	0.0016	0.0016	0.0027	0.5866	0.2632	5.0463	1858.1583	0.3785	0.5548
	147.5793	99270.7433	429554.2345	29389523928.9531	965.2904	39152.5706	4823804902.7657	0.0016	0.0016	0.0016	0.0027	0.5866	0.2632	5.0463	1857.3210	0.3785	0.5548
	148.5793	99270.7433	428530.1567	29287862962.6744	962.9891	39152.5706	4823804902.7657	0.0016	0.0016	0.0016	0.0027	0.5866	0.2632	5.0463	1856.4835	0.3785	0.5548
	149.5793	99270.7433	427506.4597	29186239798.6825	960.6887	39152.5706	4823804902.7657	0.0016	0.0016	0.0016	0.0027	0.5866	0.2632	5.0463	1855.6458	0.3785	0.5548
	150.5793	99270.7433	426483.2673	29084666728.4984	958.3894	39152.5706	4823804902.7657	0.0016	0.0016	0.0016	0.0027	0.5866	0.2632	5.0463	1854.8079	0.3785	0.5548
	151.5793	99270.7433	425460.7545	28983161119.6939	956.0916	39152.5706	4823804902.7657	0.0016	0.0016	0.0016	0.0027	0.5866	0.2632	5.0463	1853.9699	0.3785	0.5548
	152.5793	99270.7433	424439.1796	28881748626.2740	953.7959	39152.5706	4823804902.7657	0.0016	0.0016	0.0016	0.0027	0.5866	0.2632	5.0463	1853.1317	0.3785	0.5548
	153.5793	99270.7433	423418.9471	28780469386.8594	951.5033	39152.5706	4823804902.7657	0.0016	0.0016	0.0016	0.0027	0.5866	0.2632	5.0463	1852.2933	0.3785	0.5548
	154.5793	99270.7433	422400.7372	28679390929.6448	949.2151	39152.5706	4823804902.7657	0.0016	0.0016	0.0016	0.0027	0.5866	0.2632	5.0463	1851.4547	0.3785	0.5548
	155.5793	99270.7433	421385.8075	28578638099.6889	946.9344	39152.5706	4823804902.7657	0.0016	0.0016	0.0016	0.0027	0.5866	0.2632	5.0463	1850.6160	0.3785	0.5548
	156.5793	99270.7433	420376.7519	28478468403.6675	944.6669	39152.5706	4823804902.7657	0.0016	0.0016	0.0016	0.0027	0.5866	0.2632	5.0463	1849.7770	0.3785	0.5548
	157.5793	99270.7433	419379.0381	28379424615.3594	942.4248	39152.5706	4823804902.7657	0.0016	0.0016	0.0016	0.0027	0.5866	0.2632	5.0463	1848.9379	0.3785	0.5548
	158.5793	99270.7433	418402.1157	28282444798.1853	940.2295	39152.5706	4823804902.7657	0.0016	0.0016	0.0016	0.0027	0.5866	0.2632	5.0463	1848.0987	0.3785	0.5548
	159.5793	99270.7433	417441.7614	28187109721.0820	938.0714	39152.5706	4823804902.7657	0.0016	0.0016	0.0016	0.0027	0.5866	0.2632	5.0463	1847.2592	0.3785	0.5548
	160.5793	99270.7433	416493.3090	28092956143.2835	935.9400	39152.5706	4823804902.7657	0.0016	0.0016	0.0016	0.0027	0.5866	0.2632	5.0463	1846.4196	0.3785	0.5548
	161.5793	99270.7433	415549.2146	27999235189.9028	933.8185	39152.5706	4823804902.7657	0.0016	0.0016	0.0016	0.0027	0.5866	0.2632	5.0463	1845.5798	0.3785	0.5548
	162.5793	99270.7433	414608.5712	27905856818.0248	931.7047	39152.5706	4823804902.7657	0.0016	0.0016	0.0016	0.0027	0.5866	0.2632	5.0463	1844.7399	0.3785	0.5548
	163.5793	99270.7433	413671.2321	27812806466.3890	929.5983	39152.5706	4823804902.7657	0.0016	0.0016	0.0016	0.0027	0.5866	0.2632	5.0463	1843.8998	0.3785	0.5548
	164.5793	99270.7433	412737.0995	27720074437.1935	927.4991	39152.5706	4823804902.7657	0.0016	0.0016	0.0016	0.0027	0.5866	0.2632	5.0463	1843.0595	0.3785	0.5548
	165.5793	99270.7433	411806.0831	27627651742.6344	925.4069	39152.5706	4823804902.7657	0.0016	0.0016	0.0016	0.0027	0.5866	0.2632	5.0463	1842.2191	0.3785	0.5548
	166.5793	99270.7433	410878.0972	27535529892.1888	923.3216	39152.5706	4823804902.7657	0.0016	0.0016	0.0016	0.0027	0.5866	0.2632	5.0463	1841.3785	0.3785	0.5548
	167.5793	99270.7433	409953.0610	27443700858.1000	921.2428	39152.5706	4823804902.7657	0.0016	0.0016	0.0016	0.0027	0.5866	0.2632	5.0463	1840.5377	0.3785	0.5548
	168.5793	99270.7433	409030.8983	27352157085.1105	919.1706	39152.5706	4823804902.7657	0.0016	0.0016	0.0016	0.0027	0.5866	0.2632	5.0463	1839.6968	0.3785	0.5548
	169.5793	99270.7433	408111.5380	27260891504.0609	917.1046	39152.5706	4823804902.7657	0.0016	0.0016	0.0016	0.0027	0.5866	0.2632	5.0463	1838.8557	0.3785	0.5548
	170.5793	99270.7433	407194.9141	27169897564.6872	915.0448	39152.5706	4823804902.7657	0.0016	0.0016	0.0016	0.0027	0.5866	0.2632	5.0463	1838.0144	0.3785	0.5548
	171.5793	99270.7433	406280.9661	27079169267.5932	912.9909	39152.5706	4823804902.7657	0.0016	0.0016	0.0016	0.0027	0.5866	0.2632	5.0463	1837.1730	0.3785	0.5548
	172.5793	99270.7433	405369.6400	26988701252.7281	910.9430	39152.5706	4823804902.7657	0.0016	0.0016	0.0016	0.0027	0.5866	0.2632	5.0463	1836.3314	0.3785	0.5548
	173.5793	99270.7433	404460.8893	26898488892.0240	908.9009	39152.5706	4823804902.7657	0.0016	0.0016	0.0016	0.0027	0.5866	0.2632	5.0463	1835.4897	0.3785	0.5548
	174.5793	99270.7433	403554.6765	26808528475.6840	906.8644	39152.5706	4823804902.7657	0.0016	0.0016	0.0016	0.0027	0.5866	0.2632	5.0463	1834.6478	0.3785	0.5548
	175.5793	99270.7433	402650.9762	26718817479.7587	904.8337	39152.5706	4823804902.7657	0.0016	0.0016	0.0016	0.0027	0.5866	0.2632	5.0463	1833.8057	0.3785	0.5548
	176.5793	99270.7433	401749.7798	26629355035.5168	902.8085	39152.5706	4823804902.7657	0.0016	0.0016	0.0016	0.0027	0.5866	0.2632	5.0463	1832.9635	0.3785	0.5548
	177.5793	99270.7433	400851.1029	26540142718.3062	900.7890	39152.5706	4823804902.7657	0.0016	0.0016	0.0016	0.0027	0.5866	0.2632	5.0463	1832.1211	0.3785	0.5548
	178.5793	99270.7433	399954.9961	26451185530.1745	898.7753	39152.5706	4823804902.7657	0.0016	0.0016	0.0016	0.0027	0.5866	0.2632	5.0463	1831.2786	0.3785	0.5548
	179.5793	99270.7433	399061.5810	26362495548.0724	896.7676	39152.5706	4823804902.7657	0.0016	0.0016	0.0016	0.0027	0.5866	0.2632	5.0463	1830.4359	0.3785	0.5548
	180.5793	99270.7433	398171.1055	26274097383.1055	894.7665	39152.5706	4823804902.7657	0.0016	0.0016	0.0016	0.0027	0.5866	0.2632	5.0463	1829.5930	0.3785	0.5548
	181.5793	99270.7433	397269.0310	26184547773.1601	892.7394	39152.5706	4823804902.7657	0.0016	0.0016	0.0016	0.0027	0.5866	0.2632	5.0463	1828.7500	0.3785	0.5548
	182.5793	99270.7433	396355.9372	26093904270.5966	890.6875	39152.5706	4823804902.7657	0.0016	0.0016	0.0016	0.0027	0.5866	0.2632	5.0463	1827.9068	0.3785	0.5548
	183.5793	99270.7433	395424.5516	26001444934.3210	888.5945	39152.5706	4823804902.7657	0.0016	0.0016	0.0016	0.0027	0.5866	0.2632	5.0463	1827.0635	0.3785	0.5548
	184.5793	99270.7433	394489.9152	25908662883.0603	886.4942	39152.5706	4823804902.7657	0.0016	0.0016	0.0016	0.0027	0.5866	0.2632	5.0463	1826.2200	0.3785	0.5548
	185.5793	99270.7433	393558.1599	25816166844.0068	884.4004	39152.5706	4823804902.7657	0.0016	0.0016	0.0016	0.0027	0.5866	0.2632	5.0463	1825.3763	0.3785	0.5548
	186.5793	99270.7433	392627.1609	25723745876.9271	882.3082	39152.5706	4823804902.7657	0.0016	0.0016	0.0016	0.0027	0.5866	0.2632	5.0463	1824.5324	0.3785	0.5548
	187.5793	99270.7433	391696.8930	25631397496.6943	880.2177	39152.5706	4823804902.7657	0.0016	0.0016	0.0016	0.0027	0.5866	0.2632	5.0463	1823.6884	0.3785	0.5548
	188.5793	99270.7433	390767.5538	25539141303.1244	878.1293	39152.5706	4823804902.7657	0.0016	0.0016	0.0016	0.0027	0.5866	0.2632	5.0463	1822.8443	0.3785	0.5548
	189.5793	99270.7433	389839.4500	25447007743.3659	876.0437	39152.5706	4823804902.7657	0.0016	0.0016	0.0016	0.0027	0.5866	0.2632	5.0463	1822.0000	0.3785	0.5548
	190.5793	99270.7433	388913.0551	25355043836.8263	873.9619	39152.5706	4823804902.7657	0.0016	0.0016	0.0016	0.0027	0.5866	0.2632	5.0463	1821.1555	0.3785	0.5548
	191.5793	99270.7433	387989.1522	25263327312.1888	871.8857	39152.5706	4823804902.7657	0.0016	0.0016	0.0016	0.0027	0.5866	0.2632	5.0463	1820.3108	0.3785	0.5548
	192.5793	99270.7433	387069.1573	25171998730.2224	869.8183	39152.5706	4823804902.7657	0.0016	0.0016	0.0016	0.0027	0.5866	0.2632	5.0463	1819.4660	0.3785	0.5548
	193.5793	99270.7433	386181.3272	25083863180.7435	867.8232	39152.5706	4823804902.7657	0.0016	0.0016	0.0016	0.0027	0.5866	0.2632	5.0463	1818.6210	0.3785	0.5548
	194.5793	99270.7433	385345.6065	25000900566.5099	865.9452	39152.5706	4823804902.7657	0.0016	0.0016	0.0016	0.0027	0.5866	0.2632	5.0463	1817.7759	0.3785	0.5548
	195.5793	99270.7433	384529.9510	24919929837.5713	864.1122	39152.5706	4823804902.7657	0.0016	0.0016	0.0016	0.0027	0.5866	0.2632	5.0463	1816.9306	0.3785	0.5548
	196.5793	99270.7433	383722.1363	24839737466.1472	862.2969	39152.5706	4823804902.7657	0.0016	0.0016	0.0016	0.0027	0.5866	0.2632	5.0463	1816.0851	0.3785	0.5548
	197.5793	99270.7433	382918.1367	24759923834.0196	860.4902	39152.5706	4823804902.7657	0.0016	0.0016	0.0016	0.0027	0.5866	0.2632	5.0463	1815.2396	0.3785	0.5548
	198.5793	99270.7433	382116.2128	24680316243.7118	858.6881	39152.5706	4823804902.7657	0.0016	0.0016	0.0016	0.0027	0.5866	0.2632	5.0463	1814.3938	0.3785	0.5548
	199.5793	99270.7433	381315.8157	24600860230.3072	856.8895	39152.5706	4823804902.7657	0.0016	0.0016	0.0016	0.0027	0.5866	0.2632	5.0463	1813.5480	0.3785	0.5548
	200.5793	99270.7433	380517.2252	24521583562.4127	855.0949	39152.5706	4823804902.7657	0.0016	0.0016	0.0016	0.0027	0.5866	0.2632	5.0463	1812.7020	0.3785	0.5548
	205.6793	99270.7433	376464.4146	24119258043.0601	845.9874	39152.5706	4823804902.7657	0.0016	0.0016	0.0016	0.0027	0.5866	0.2632	5.0463	1808.3854	0.3785	0.5548
	210.8633	99270.7433	372269.2381	23702799752.9510	836.5601	39152.5706	4823804902.7657	0.0016	0.0016	0.0016	0.0027	0.5866	0.2632	5.0463	1803.9946	0.3785	0.5548
	216.1833	99270.7433	367947.1851	23273746339.5345	826.8476	39152.5706	4823804902.7657	0.0016	0.0016	0.0016	0.0027	0.5866	0.2632	5.0463	1799.4851	0.3785	0.5548
	221.1833	99270.7433	364054.6070	22887327217.0549	818.1002	39152.5706	4823804902.7657	0.0016	0.0016	0.0016	0.0027	0.5866	0.2632	5.0463	1795.2436	0.3785	0.5548
	226.1833	99270.7433	360425.5851	22527071509.9126	809.9451	39152.5706	4823804902.7657	0.0016	0.0016	0.0016	0.0027	0.5866	0.2632	5.0463	1790.9985	0.3785	0.5548
	231.1833	99270.7433	356948.6721	22181915774.5342	802.1318	39152.5706	4823804902.7657	0.0016	0.0016	0.0016	0.0027	0.5866	0.2632	5.0463	1786.7503	0.3785	0.5548
	236.1833	99270.7433	353551.7087	21844696695.5312	794.4982	39152.5706	4823804902.7657	0.0016	0.0016	0.0016	0.0027	0.5866	0.2632	5.0463	1782.4988	0.3785	0.5548
	241.1833	99270.7433	350177.4743	21509733937.7313	786.9157	39152.5706	4823804902.7657	0.0016	0.0016	0.0016	0.0027	0.5866	0.2632	5.0463	1778.2442	0.3785	0.5548
	246.1833	99270.7433	346713.4137	21165854069.8939	779.1313	39152.5706	4823804902.7657	0.0016	0.0016	0.0016	0.0027	0.5866	0.2632	5.0463	1773.9864	0.3785	0.5548
	251.1833	99270.7433	343262.3950	20823268872.5297	771.3762	39152.5706	4823804902.7657	0.0016	0.0016	0.0016	0.0027	0.5866	0.2632	5.0463	1769.7254	0.3785	0.5548
	256.1833	99270.7433	339836.5391	20483181611.8693	763.6776	39152.5706	4823804902.7657	0.0016	0.0016	0.0016	0.0027	0.5866	0.2632	5.0463	1765.7138	0.1262	0.5599
	261.1833	99270.7433	336518.0696	20153754677.1051	756.2204	39152.5706	4823804902.7657	0.0016	0.0016	0.0016	0.0027	0.5866	0.2632	5.0463	1761.7586	0.1262	0.5599
	266.1833	99270.7433	333342.1705	19838480809.4804	749.0835	39152.5706	4823804902.7657	0.0016	0.0016	0.0016	0.0027	0.5866	0.2632	5.0463	1757.8005	0.1262	0.5599
	271.1833	99270.7433	330138.5205	19520452097.4576	741.8843	39152.5706	4823804902.7657	0.0016	0.0016	0.0016	0.0027	0.5866	0.2632	5.0463	1753.8395	0.1262	0.5599
	276.1833	99270.7433	326996.2058	19208512185.7365	734.8229	39152.5706	4823804902.7657	0.0016	0.0016	0.0016	0.0027	0.5866	0.2632	5.0463	1749.8757	0.1262	0.5599
	281.1833	99270.7433	323888.2699	18899985070.2859	727.8388	39152.5706	4823804902.7657	0.0016	0.0016	0.0016	0.0027	0.5866	0.2632	5.0463	1745.9091	0.1262	0.5599
	286.1833	99270.7433	320809.0774	18594311349.5116	720.9193	39152.5706	4823804902.7657	0.0016	0.0016	0.0016	0.0027	0.5866	0.2632	5.0463	1741.9396	0.1262	0.5599
	291.1833	99270.7433	317794.6432	18295066217.3152	714.1453	39152.5706	4823804902.7657	0.0016	0.0016	0.0016	0.0027	0.5866	0.2632	5.0463	1737.9674	0.1262	0.5599
	296.1833	99270.7433	314873.9789	18005129708.5505	707.5820	39152.5706	4823804902.7657	0.0016	0.0016	0.0016	0.0027	0.5866	0.2632	5.0463	1733.9924	0.1262	0.5599
	301.1833	99270.7433	312051.8499	17724974862.3524	701.2401	39152.5706	4823804902.7657	0.0016	0.0016	0.0016	0.0027	0.5866	0.2632	5.0463	1730.0148	0.1262	0.5599
	306.1833	99270.7433	309319.8584	17453768032.7149	695.1008	39152.5706	4823804902.7657	0.0016	0.0016	0.0016	0.0027	0.5866	0.2632	5.0463	1726.0345	0.1262	0.5599
	311.1833	99270.7433	306643.5715	17188091048.6729	689.0867	39152.5706	4823804902.7657	0.0016	0.0016	0.0016	0.0027	0.5866	0.2632	5.0463	1722.0517	0.1262	0.5599
	316.1833	99270.7433	303989.6257	16924631868.6594	683.1228	39152.5706	4823804902.7657	0.0016	0.0016	0.0016	0.0027	0.5866	0.2632	5.0463	1718.0665	0.1262	0.5599
	321.1833	99270.7433	301350.6563	16662659417.9367	677.1925	39152.5706	4823804902.7657	0.0016	0.0016	0.0016	0.0027	0.5866	0.2632	5.0463	1714.0788	0.1262	0.5599
	326.1833	99270.7433	298827.9161	16412225120.0982	671.5234	39152.5706	4823804902.7657	0.0016	0.0016	0.0016	0.0027	0.5866	0.2632	5.0463	1710.0885	0.1262	0.5599
	331.1833	99270.7433	296360.1063	16167243810.8402	665.9778	39152.5706	4823804902.7657	0.0016	0.0016	0.0016	0.0027	0.5866	0.2632	5.0463	1706.0960	0.1262	0.5599
	336.1833	99270.7433	293881.6499	15921205603.3716	660.4082	39152.5706	4823804902.7657	0.0016	0.0016	0.0016	0.0027	0.5866	0.2632	5.0463	1702.1009	0.1262	0.5599
	341.1833	99270.7433	291413.8881	15676229050.8672	654.8627	39152.5706	4823804902.7657	0.0016	0.0016	0.0016	0.0027	0.5866	0.2632	5.0463	1698.1036	0.1262	0.5599
	346.1833	99270.7433	288969.0321	15433526381.1015	649.3686	39152.5706	4823804902.7657	0.0016	0.0016	0.0016	0.0027	0.5866	0.2632	5.0463	1694.1039	0.1262	0.5599
	351.1833	99270.7433	286541.2055	15192514227.6116	643.9128	39152.5706	4823804902.7657	0.0016	0.0016	0.0016	0.0027	0.5866	0.2632	5.0463	1690.1019	0.1262	0.5599
	356.1833	99270.7433	284127.3093	14952884960.8883	638.4883	39152.5706	4823804902.7657	0.0016	0.0016	0.0016	0.0027	0.5866	0.2632	5.0463	1686.0976	0.1262	0.5599
	361.1833	99270.7433	281759.7598	14717856556.6096	633.1680	39152.5706	4823804902.7657	0.0016	0.0016	0.0016	0.0027	0.5866	0.2632	5.0463	1682.0909	0.1262	0.5599
	366.1833	99270.7433	279453.0794	14488870683.2392	627.9844	39152.5706	4823804902.7657	0.0016	0.0016	0.0016	0.0027	0.5866	0.2632	5.0463	1678.0819	0.1262	0.5599
	371.1833	99270.7433	277231.0584	14268289005.4560	622.9911	39152.5706	4823804902.7657	0.0016	0.0016	0.0016	0.0027	0.5866	0.2632	5.0463	1674.0707	0.1262	0.5599
	376.1833	99270.7433	275084.0299	14055151887.5411	618.1664	39152.5706	4823804902.7657	0.0016	0.0016	0.0016	0.0027	0.5866	0.2632	5.0463	1670.0574	0.1262	0.5599
	381.1833	99270.7433	272977.1247	13845997846.0649	613.4317	39152.5706	4823804902.7657	0.0016	0.0016	0.0016	0.0027	0.5866	0.2632	5.0463	1666.0419	0.1262	0.5599
	386.1833	99270.7433	270904.6898	13640265694.1830	608.7746	39152.5706	4823804902.7657	0.0016	0.0016	0.0016	0.0027	0.5866	0.2632	5.0463	1662.0245	0.1262	0.5599
	391.1833	99270.7433	268892.1374	13440478123.0150	604.2520	39152.5706	4823804902.7657	0.0016	0.0016	0.0016	0.0027	0.5866	0.2632	5.0463	1658.0048	0.1262	0.5599
	396.1833	99270.7433	266917.0271	13244407450.2295	599.8135	39152.5706	4823804902.7657	0.0016	0.0016	0.0016	0.0027	0.5866	0.2632	5.0463	1653.9832	0.1262	0.5599
	401.1833	99270.7433	264942.9216	13048436528.0548	595.3774	39152.5706	4823804902.7657	0.0016	0.0016	0.0016	0.0027	0.5866	0.2632	5.0463	1649.9595	0.1262	0.5599
	406.1833	99270.7433	262973.2385	12852904622.5064	590.9511	39152.5706	4823804902.7657	0.0016	0.0016	0.0016	0.0027	0.5866	0.2632	5.0463	1645.9339	0.1262	0.5599
	411.1833	99270.7433	261017.2153	12658728752.7563	586.5555	39152.5706	4823804902.7657	0.0016	0.0016	0.0016	0.0027	0.5866	0.2632	5.0463	1641.9061	0.1262	0.5599
	416.1833	99270.7433	259080.3509	12466454784.3723	582.2030	39152.5706	4823804902.7657	0.0016	0.0016	0.0016	0.0027	0.5866	0.2632	5.0463	1637.8765	0.1262	0.5599
	421.1833	99270.7433	257195.4430	12279338572.1300	577.9673	39152.5706	4823804902.7657	0.0016	0.0016	0.0016	0.0027	0.5866	0.2632	5.0463	1633.8449	0.1262	0.5599
	426.1833	99270.7433	255373.6330	12098486135.9565	573.8733	39152.5706	4823804902.7657	0.0016	0.0016	0.0016	0.0027	0.5866	0.2632	5.0463	1629.8113	0.1262	0.5599
	431.1833	99270.7433	253618.6882	11924271466.6759	569.9296	39152.5706	4823804902.7657	0.0016	0.0016	0.0016	0.0027	0.5866	0.2632	5.0463	1625.7758	0.1262	0.5599
	436.1833	99270.7433	251910.5833	11754706621.2109	566.0912	39152.5706	4823804902.7657	0.0016	0.0016	0.0016	0.0027	0.5866	0.2632	5.0463	1621.7385	0.1262	0.5599
	441.1833	99270.7433	250239.2877	11588795870.5597	562.3355	39152.5706	4823804902.7657	0.0016	0.0016	0.0016	0.0027	0.5866	0.2632	5.0463	1617.6994	0.1262	0.5599
	446.1833	99270.7433	248648.9000	11430916895.9609	558.7616	39152.5706	4823804902.7657	0.0016	0.0016	0.0016	0.0027	0.5866	0.2632	5.0463	1613.6586	0.1262	0.5599
	451.1833	99270.7433	247160.9758	11283209555.2382	555.4179	39152.5706	4823804902.7657	0.0016	0.0016	0.0016	0.0027	0.5866	0.2632	5.0463	1609.6160	0.1262	0.5599
	456.1833	99270.7433	245701.2362	11138300119.3304	552.1376	39152.5706	4823804902.7657	0.0016	0.0016	0.0016	0.0027	0.5866	0.2632	5.0463	1605.5718	0.1262	0.5599
	461.1833	99270.7433	244232.1409	10992461936.2410	548.8363	39152.5706	4823804902.7657	0.0016	0.0016	0.0016	0.0027	0.5866	0.2632	5.0463	1601.5258	0.1262	0.5599
	466.1833	99270.7433	242786.1715	10848919484.4501	545.5869	39152.5706	4823804902.7657	0.0016	0.0016	0.0016	0.0027	0.5866	0.2632	5.0463	1597.4783	0.1262	0.5599
	471.1833	99270.7433	241352.3434	10706582297.7904	542.3648	39152.5706	4823804902.7657	0.0016	0.0016	0.0016	0.0027	0.5866	0.2632	5.0463	1593.4292	0.1262	0.5599
	476.1833	99270.7433	239922.0445	10564595464.2481	539.1507	39152.5706	4823804902.7657	0.0016	0.0016	0.0016	0.0027	0.5866	0.2632	5.0463	1589.3783	0.1262	0.5599
	481.1833	99270.7433	238501.6937	10423596186.8556	535.9589	39152.5706	4823804902.7657	0.0016	0.0016	0.0016	0.0027	0.5866	0.2632	5.0463	1585.3259	0.1262	0.5599
	486.1833	99270.7433	237106.0333	10285047941.5047	532.8225	39152.5706	4823804902.7657	0.0016	0.0016	0.0016	0.0027	0.5866	0.2632	5.0463	1581.2719	0.1262	0.5599
	491.1833	99270.7433	235725.2105	10147972637.3926	529.7196	39152.5706	4823804902.7657	0.0016	0.0016	0.0016	0.0027	0.5866	0.2632	5.0463	1577.2161	0.1262	0.5599
	496.1833	99270.7433	234371.7831	10013616888.3055	526.6782	39152.5706	4823804902.7657	0.0016	0.0016	0.0016	0.0027	0.5866	0.2632	5.0463	1573.1589	0.1262	0.5599
	501.1833	99270.7433	233067.8695	9884176412.1408	523.7480	39152.5706	4823804902.7657	0.0016	0.0016	0.0016	0.0027	0.5866	0.2632	5.0463	1569.1002	0.1262	0.5599
	511.8233	99270.7433	230513.5481	9630607036.5297	518.0080	39152.5706	4823804902.7657	0.0016	0.0016	0.0016	0.0027	0.5866	0.2632	5.0463	1560.4600	0.1262	0.5599
	520.7513	99270.7433	228537.7666	9434469733.8011	513.5680	39152.5706	4823804902.7657	0.0016	0.0016	0.0016	0.0027	0.5866	0.2632	5.0463	1553.2070	0.1262	0.5599
	531.3913	99270.7433	226204.4727	9202841916.1243	508.3247	39152.5706	4823804902.7657	0.0016	0.0016	0.0016	0.0027	0.5866	0.2632	5.0463	1544.5604	0.1262	0.5599
	541.3913	99270.7433	224044.4111	8988410994.3844	503.4706	39152.5706	4823804902.7657	0.0016	0.0016	0.0016	0.0027	0.5866	0.2632	5.0463	1536.4305	0.1262	0.5599
	551.3913	99270.7433	221913.2125	8776845325.4720	498.6814	39152.5706	4823804902.7657	0.0016	0.0016	0.0016	0.0027	0.5866	0.2632	5.0463	1528.2945	0.1262	0.5599
	561.3913	99270.7433	219811.9375	8568250193.9186	493.9594	39152.5706	4823804902.7657	0.0016	0.0016	0.0016	0.0027	0.5866	0.2632	5.0463	1520.1533	0.1262	0.5599
	571.3913	99270.7433	217758.1245	8364366647.0293	489.3441	39152.5706	4823804902.7657	0.0016	0.0016	0.0016	0.0027	0.5866	0.2632	5.0463	1512.0068	0.1262	0.5599
	581.3913	99270.7433	215818.4431	8171813033.7513	484.9853	39152.5706	4823804902.7657	0.0016	0.0016	0.0016	0.0027	0.5866	0.2632	5.0463	1503.8551	0.1262	0.5599
	591.3913	99270.7433	214050.7163	7996329478.1936	481.0128	39152.5706	4823804902.7657	0.0016	0.0016	0.0016	0.0027	0.5866	0.2632	5.0463	1495.6984	0.1262	0.5599
	601.3913	99270.7433	212323.3082	7824848395.4686	477.1310	39152.5706	4823804902.7657	0.0016	0.0016	0.0016	0.0027	0.5866	0.2632	5.0463	1487.5367	0.1262	0.5599
	611.3913	99270.7433	210622.6672	7656024503.0154	473.3094	39152.5706	4823804902.7657	0.0016	0.0016	0.0016	0.0027	0.5866	0.2632	5.0463	1479.3708	0.1262	0.5599
	621.3913	99270.7433	208986.7021	7493621031.9198	469.6330	39152.5706	4823804902.7657	0.0016	0.0016	0.0016	0.0027	0.5866	0.2632	5.0463	1471.1997	0.1262	0.5599
	631.3913	99270.7433	207453.3793	7341406938.6100	466.1874	39152.5706	4823804902.7657	0.0016	0.0016	0.0016	0.0027	0.5866	0.2632	5.0463	1463.0236	0.1262	0.5599
	641.3913	99270.7433	205971.3602	7194285798.7116	462.8570	39152.5706	4823804902.7657	0.0016	0.0016	0.0016	0.0027	0.5866	0.2632	5.0463	1454.8432	0.1262	0.5599
	651.3913	99270.7433	204556.5254	7053834096.6422	459.6776	39152.5706	4823804902.7657	0.0016	0.0016	0.0016	0.0027	0.5866	0.2632	5.0463	1446.6584	0.1262	0.5599
	661.3913	99270.7433	203305.4912	6929642999.7283	456.8663	39152.5706	4823804902.7657	0.0016	0.0016	0.0016	0.0027	0.5866	0.2632	5.0463	1438.4693	0.1262	0.5599
	671.3913	99270.7433	202168.4904	6816772083.9618	454.3112	39152.5706	4823804902.7657	0.0016	0.0016	0.0016	0.0027	0.5866	0.2632	5.0463	1430.2764	0.1262	0.5599
	681.3913	99270.7433	201089.9119	6709700791.7587	451.8874	39152.5706	4823804902.7657	0.0016	0.0016	0.0016	0.0027	0.5866	0.2632	5.0463	1422.0796	0.1262	0.5599
	691.3913	99270.7433	200081.7855	6609623337.7720	449.6220	39152.5706	4823804902.7657	0.0016	0.0016	0.0016	0.0027	0.5866	0.2632	5.0463	1413.8785	0.1262	0.5599
	701.3913	99270.7433	199118.9257	6514039534.2627	447.4583	39152.5706	4823804902.7657	0.0016	0.0016	0.0016	0.0027	0.5866	0.2632	5.0463	1405.6739	0.1262	0.5599
	711.3913	99270.7433	198149.8919	6417842820.7685	445.2807	39152.5706	4823804902.7657	0.0016	0.0016	0.0016	0.0027	0.5866	0.2632	5.0463	1397.4653	0.1262	0.5599
	721.3913	99270.7433	197185.6574	6322122551.4707	443.1138	39152.5706	4823804902.7657	0.0016	0.0016	0.0016	0.0027	0.5866	0.2632	5.0463	1389.2530	0.1262	0.5599
	731.3913	99270.7433	196230.7419	6227327381.0892	440.9680	39152.5706	4823804902.7657	0.0016	0.0016	0.0016	0.0027	0.5866	0.2632	5.0463	1381.0372	0.1262	0.5599
	741.3913	99270.7433	195288.1627	6133756844.4743	438.8498	39152.5706	4823804902.7657	0.0016	0.0016	0.0016	0.0027	0.5866	0.2632	5.0463	1372.8176	0.1262	0.5599
	751.3913	99270.7433	194381.7427	6043775848.1714	436.8129	39152.5706	4823804902.7657	0.0016	0.0016	0.0016	0.0027	0.5866	0.2632	5.0463	1364.5944	0.1262	0.5599
	761.3913	99270.7433	193523.2495	5958552597.7986	434.8837	39152.5706	4823804902.7657	0.0016	0.0016	0.0016	0.0027	0.5866	0.2632	5.0463	1356.3676	0.1262	0.5599
	771.3913	99270.7433	192730.4255	5879848365.9906	433.1021	39152.5706	4823804902.7657	0.0016	0.0016	0.0016	0.0027	0.5866	0.2632	5.0463	1348.1371	0.1262	0.5599
	781.3913	99270.7433	192026.1715	5809936550.2290	431.5195	39152.5706	4823804902.7657	0.0016	0.0016	0.0016	0.0027	0.5866	0.2632	5.0463	1339.9035	0.1262	0.5599
	791.3913	99270.7433	191331.9033	5741016030.0634	429.9593	39152.5706	4823804902.7657	0.0016	0.0016	0.0016	0.0027	0.5866	0.2632	5.0463	1331.6665	0.1262	0.5599
	801.3913	99270.7433	190663.7383	5674686797.2170	428.4578	39152.5706	4823804902.7657	0.0016	0.0016	0.0016	0.0027	0.5866	0.2632	5.0463	1323.4256	0.1262	0.5599
	811.3913	99270.7433	190030.2588	5611800808.7418	427.0343	39152.5706	4823804902.7657	0.0016	0.0016	0.0016	0.0027	0.5866	0.2632	5.0463	1315.1824	0.1262	0.5599
	821.3913	99270.7433	189434.4020	5552649667.5795	425.6953	39152.5706	4823804902.7657	0.0016	0.0016	0.0016	0.0027	0.5866	0.2632	5.0463	1306.9352	0.1262	0.5599
	831.3913	99270.7433	188874.3648	5497054354.8386	424.4368	39152.5706	4823804902.7657	0.0016	0.0016	0.0016	0.0027	0.5866	0.2632	5.0463	1298.6849	0.1262	0.5599
	841.3913	99270.7433	188380.8177	5448059566.0593	423.3277	39152.5706	4823804902.7657	0.0016	0.0016	0.0016	0.0027	0.5866	0.2632	5.0463	1290.4318	0.1262	0.5599
	851.3913	99270.7433	187973.3024	5407605221.9811	422.4119	39152.5706	4823804902.7657	0.0016	0.0016	0.0016	0.0027	0.5866	0.2632	5.0463	1282.1756	0.1262	0.5599
	861.3913	99270.7433	187600.0403	5370551212.7097	421.5731	39152.5706	4823804902.7657	0.0016	0.0016	0.0016	0.0027	0.5866	0.2632	5.0463	1273.9165	0.1262	0.5599
	871.3913	99270.7433	187262.8864	5337081699.3874	420.8155	39152.5706	4823804902.7657	0.0016	0.0016	0.0016	0.0027	0.5866	0.2632	5.0463	1265.6547	0.1262	0.5599
	881.3913	99270.7433	186940.3670	5305064953.8688	420.0907	39152.5706	4823804902.7657	0.0016	0.0016	0.0016	0.0027	0.5866	0.2632	5.0463	1257.3901	0.1262	0.5599
	891.3913	99270.7433	186632.0527	5274458365.6224	419.3979	39152.5706	4823804902.7657	0.0016	0.0016	0.0016	0.0027	0.5866	0.2632	5.0463	1249.1227	0.1262	0.5599
	901.3913	99270.7433	186326.9511	5244170703.7890	418.7122	39152.5706	4823804902.7657	0.0016	0.0016	0.0016	0.0027	0.5866	0.2632	5.0463	1240.8526	0.1262	0.5599
	911.3913	99270.7433	186015.4098	5213243768.3008	418.0122	39152.5706	4823804902.7657	0.0016	0.0016	0.0016	0.0027	0.5866	0.2632	5.0463	1232.5797	0.1262	0.5599
	921.3913	99270.7433	185716.3223	5183553124.8515	417.3401	39152.5706	4823804902.7657	0.0016	0.0016	0.0016	0.0027	0.5866	0.2632	5.0463	1224.3044	0.1262	0.5599
	931.3913	99270.7433	185430.6680	5155196014.5008	416.6981	39152.5706	4823804902.7657	0.0016	0.0016	0.0016	0.0027	0.5866	0.2632	5.0463	1216.0258	0.1262	0.5599
	941.3913	99270.7433	185160.4662	5128372876.8237	416.0909	39152.5706	4823804902.7657	0.0016	0.0016	0.0016	0.0027	0.5866	0.2632	5.0463	1207.7448	0.1262	0.5599
	951.3913	99270.7433	184943.6463	5106849011.1299	415.6037	39152.5706	4823804902.7657	0.0016	0.0016	0.0016	0.0027	0.5866	0.2632	5.0463	1199.4612	0.1262	0.5599
	961.3913	99270.7433	184753.2906	5087952256.0710	415.1759	39152.5706	4823804902.7657	0.0016	0.0016	0.0016	0.0027	0.5866	0.2632	5.0463	1191.1752	0.1262	0.5599
	971.3913	99270.7433	184575.0290	5070256090.3050	414.7753	39152.5706	4823804902.7657	0.0016	0.0016	0.0016	0.0027	0.5866	0.2632	5.0463	1182.8863	0.1262	0.5599
	981.3913	99270.7433	184424.3528	5055298357.2828	414.4367	39152.5706	4823804902.7657	0.0016	0.0016	0.0016	0.0027	0.5866	0.2632	5.0463	1174.5953	0.1262	0.5599
	991.3913	99270.7433	184302.5001	5043201944.6494	414.1629	39152.5706	4823804902.7657	0.0016	0.0016	0.0016	0.0027	0.5866	0.2632	5.0463	1166.3015	0.1262	0.5599
	1001.3913	99270.7433	184197.1209	5032740875.2077	413.9261	39152.5706	4823804902.7657	0.0016	0.0016	0.0016	0.0027	0.5866	0.2632	5.0463	1158.0057	0.1262	0.5599
	1011.7913	99270.7433	184100.7421	5023173281.5385	413.7095	39152.5706	4823804902.7657	0.0016	0.0016	0.0016	0.0027	0.5866	0.2632	5.0463	1149.3765	0.1262	0.5599
	1061.8073	99270.7433	183670.0658	4980419724.0279	412.7417	39152.5706	4823804902.7657	0.0016	0.0016	0.0016	0.0027	0.5866	0.2632	5.0463	1107.9057	0.1262	0.5599
	1111.5737	99270.7433	183470.5538	4960614020.9291	412.2934	39152.5706	4823804902.7657	0.0016	0.0016	0.0016	0.0027	0.5866	0.2632	5.0463	1066.7063	0.1262	0.5599
	1161.5504	99270.7433	183403.1153	4953919354.3598	412.1418	39152.5706	4823804902.7657	0.0016	0.0016	0.0016	0.0027	0.5866	0.2632	5.0463	1043.7301	0.3785	0.5548
	1211.5504	99270.7433	183292.4236	4942930905.8159	411.8931	39152.5706	4823804902.7657	0.0016	0.0016	0.0016	0.0027	0.5866	0.2632	5.0463	1025.0395	0.3785	0.5548
	1261.5504	99270.7433	183190.5668	4932819505.6088	411.6642	39152.5706	4823804902.7657	0.0016	0.0016	0.0016	0.0027	0.5866	0.2632	5.0463	1007.5608	0.3785	0.5548
	1311.5504	99270.7433	183122.1647	4926029174.5554	411.5105	39152.5706	4823804902.7657	0.0016	0.0016	0.0016	0.0027	0.5866	0.2632	5.0463	991.1890	0.3785	0.5548
	1361.5504	99270.7433	183095.6107	4923393139.5232	411.4508	39152.5706	4823804902.7657	0.0016	0.0016	0.0016	0.0027	0.5866	0.2632	5.0463	975.8302	0.3785	0.5548
	1411.5504	99270.7433	183071.3190	4920981683.7101	411.3962	39152.5706	4823804902.7657	0.0016	0.0016	0.0016	0.0027	0.5866	0.2632	5.0463	961.4012	0.3785	0.5548
	1461.5504	99270.7433	183047.8344	4918650353.1417	411.3434	39152.5706	4823804902.7657	0.0016	0.0016	0.0016	0.0027	0.5866	0.2632	5.0463	947.8276	0.3785	0.5548
	1511.5504	99270.7433	183028.8578	4916766528.1731	411.3008	39152.5706	4823804902.7657	0.0016	0.0016	0.0016	0.0027	0.5866	0.2632	5.0463	935.0429	0.3785	0.5548
	1561.5504	99270.7433	183018.4798	4915736298.0842	411.2775	39152.5706	4823804902.7657	0.0016	0.0016	0.0016	0.0027	0.5866	0.2632	5.0463	922.9870	0.3785	0.5548
	1611.5504	99270.7433	183014.4719	4915338430.8654	411.2685	39152.5706	4823804902.7657	0.0016	0.0016	0.0016	0.0027	0.5866	0.2632	5.0463	911.6062	0.3785	0.5548
	1661.5504	99270.7433	183017.0761	4915596949.3795	411.2743	39152.5706	4823804902.7657	0.0016	0.0016	0.0016	0.0027	0.5866	0.2632	5.0463	900.8516	0.3785	0.5548
	1711.5504	99270.7433	183023.2518	4916210013.4665	411.2882	39152.5706	4823804902.7657	0.0016	0.0016	0.0016	0.0027	0.5866	0.2632	5.0463	890.6790	0.3785	0.5548
	1761.5504	99270.7433	183043.1074	4918181102.4802	411.3328	39152.5706	4823804902.7657	0.0016	0.0016	0.0016	0.0027	0.5866	0.2632	5.0463	881.0487	0.3785	0.5548
	1811.5504	99270.7433	183071.8835	4921037725.7930	411.3975	39152.5706	4823804902.7657	0.0016	0.0016	0.0016	0.0027	0.5866	0.2632	5.0463	871.9250	0.3785	0.5548
	1861.5504	99270.7433	183101.3993	4923967776.4068	411.4638	39152.5706	4823804902.7657	0.0016	0.0016	0.0016	0.0027	0.5866	0.2632	5.0463	863.2739	0.3785	0.5548
	1911.5504	99270.7433	183131.1892	4926925043.2378	411.5308	39152.5706	4823804902.7657	0.0016	0.0016	0.0016	0.0027	0.5866	0.2632	5.0463	855.0647	0.3785	0.5548
	1961.5504	99270.7433	183161.0701	4929891344.6947	411.5979	39152.5706	4823804902.7657	0.0016	0.0016	0.0016	0.0027	0.5866	0.2632	5.0463	847.2690	0.3785	0.5548
	2011.5504	99270.7433	183191.0108	4932863583.0589	411.6652	39152.5706	4823804902.7657	0.0016	0.0016	0.0016	0.0027	0.5866	0.2632	5.0463	839.8610	0.3785	0.5548
	2061.5504	99270.7433	183221.0052	4935841149.2165	411.7326	39152.5706	4823804902.7657	0.0016	0.0016	0.0016	0.0027	0.5866	0.2632	5.0463	832.8166	0.3785	0.5548
	2111.5504	99270.7433	183251.0396	4938822682.2285	411.8001	39152.5706	4823804902.7657	0.0016	0.0016	0.0016	0.0027	0.5866	0.2632	5.0463	826.1137	0.3785	0.5548
	2161.5504	99270.7433	183281.1018	4941806982.2707	411.8676	39152.5706	4823804902.7657	0.0016	0.0016	0.0016	0.0027	0.5866	0.2632	5.0463	819.7320	0.3785	0.5548
	2211.5504	99270.7433	183311.1811	4944792973.9467	411.9352	39152.5706	4823804902.7657	0.0016	0.0016	0.0016	0.0027	0.5866	0.2632	5.0463	813.6524	0.3785	0.5548
	2261.5504	99270.7433	183341.2677	4947779690.4517	412.0028	39152.5706	4823804902.7657	0.0016	0.0016	0.0016	0.0027	0.5866	0.2632	5.0463	807.8575	0.3785	0.5548
	2311.5504	99270.7433	183371.3528	4950766260.9830	412.0705	39152.5706	4823804902.7657	0.0016	0.0016	0.0016	0.0027	0.5866	0.2632	5.0463	802.3310	0.3785	0.5548
	2361.5504	99270.7433	183401.4285	4953751899.8876	412.1380	39152.5706	4823804902.7657	0.0016	0.0016	0.0016	0.0027	0.5866	0.2632	5.0463	797.0577	0.3785	0.5548
	2411.5504	99270.7433	183431.4877	4956735897.1986	412.2056	39152.5706	4823804902.7657	0.0016	0.0016	0.0016	0.0027	0.5866	0.2632	5.0463	792.0235	0.3785	0.5548
	2461.5504	99270.7433	183461.5238	4959717610.3517	412.2731	39152.5706	4823804902.7657	0.0016	0.0016	0.0016	0.0027	0.5866	0.2632	5.0463	787.2152	0.3785	0.5548
	2511.5504	99270.7433	183491.5311	4962696456.9157	412.3405	39152.5706	4823804902.7657	0.0016	0.0016	0.0016	0.0027	0.5866	0.2632	5.0463	782.6207	0.3785	0.5548
	2561.5504	99270.7433	183521.5042	4965671908.1953	412.4079	39152.5706	4823804902.7657	0.0016	0.0016	0.0016	0.0027	0.5866	0.2632	5.0463	778.2283	0.3785	0.5548
	2611.5504	99270.7433	183551.4383	4968643483.5884	412.4751	39152.5706	4823804902.7657	0.0016	0.0016	0.0016	0.0027	0.5866	0.2632	5.0463	774.0274	0.3785	0.5548
	2661.5504	99270.7433	183581.3289	4971610745.5965	412.5423	39152.5706	4823804902.7657	0.0016	0.0016	0.0016	0.0027	0.5866	0.2632	5.0463	770.0079	0.3785	0.5548
	2711.5504	99270.7433	183611.1823	4974574320.8040	412.6094	39152.5706	4823804902.7657	0.0016	0.0016	0.0016	0.0027	0.5866	0.2632	5.0463	766.1603	0.3785	0.5548
	2761.5504	99270.7433	183641.0272	4977537040.0595	412.6765	39152.5706	4823804902.7657	0.0016	0.0016	0.0016	0.0027	0.5866	0.2632	5.0463	762.4759	0.3785	0.5548
	2811.5504	99270.7433	183670.8284	4980495430.7988	412.7434	39152.5706	4823804902.7657	0.0016	0.0016	0.0016	0.0027	0.5866	0.2632	5.0463	758.9463	0.3785	0.5548
	2861.5504	99270.7433	183700.5674	4983447636.6322	412.8103	39152.5706	4823804902.7657	0.0016	0.0016	0.0016	0.0027	0.5866	0.2632	5.0463	755.5637	0.3785	0.5548
	2911.5504	99270.7433	183730.2566	4986394914.8942	412.8770	39152.5706	4823804902.7657	0.0016	0.0016	0.0016	0.0027	0.5866	0.2632	5.0463	752.3208	0.3785	0.5548
	2961.5504	99270.7433	183759.8766	4989335308.6463	412.9435	39152.5706	4823804902.7657	0.0016	0.0016	0.0016	0.0027	0.5866	0.2632	5.0463	749.2106	0.3785	0.5548
	3011.5504	99270.7433	183789.4250	4992268605.9411	413.0099	39152.5706	4823804902.7657	0.0016	0.0016	0.0016	0.0027	0.5866	0.2632	5.0463	746.2265	0.3785	0.5548
	3061.5504	99270.7433	183818.9190	4995196490.2180	413.0762	39152.5706	4823804902.7657	0.0016	0.0016	0.0016	0.0027	0.5866	0.2632	5.0463	743.3625	0.3785	0.5548
	3111.5504	99270.7433	183845.2451	4997809907.4865	413.1354	39152.5706	4823804902.7657	0.0016	0.0016	0.0016	0.0027	0.5866	0.2632	5.0463	740.6127	0.3785	0.5548
	3161.5504	99270.7433	183865.7013	4999840601.9424	413.1814	39152.5706	4823804902.7657	0.0016	0.0016	0.0016	0.0027	0.5866	0.2632	5.0463	737.9718	0.3785	0.5548
	3211.5504	99270.7433	183890.7580	5002328007.4398	413.2377	39152.5706	4823804902.7657	0.0016	0.0016	0.0016	0.0027	0.5866	0.2632	5.0463	735.4343	0.3785	0.5548
	3261.5504	99270.7433	183920.3229	5005262928.5599	413.3041	39152.5706	4823804902.7657	0.0016	0.0016	0.0016	0.0027	0.5866	0.2632	5.0463	732.9954	0.3785	0.5548
	3311.5504	99270.7433	183949.5399	5008163331.3907	413.3698	39152.5706	4823804902.7657	0.0016	0.0016	0.0016	0.0027	0.5866	0.2632	5.0463	730.6506	0.3785	0.5548
	3361.5504	99270.7433	183978.7902	5011067025.5001	413.4355	39152.5706	4823804902.7657	0.0016	0.0016	0.0016	0.0027	0.5866	0.2632	5.0463	728.3954	0.3785	0.5548
	3411.5504	99270.7433	184007.9650	5013963224.8612	413.5010	39152.5706	4823804902.7657	0.0016	0.0016	0.0016	0.0027	0.5866	0.2632	5.0463	726.2257	0.3785	0.5548
	3461.5504	99270.7433	184037.0635	5016851863.1135	413.5664	39152.5706	4823804902.7657	0.0016	0.0016	0.0016	0.0027	0.5866	0.2632	5.0463	724.1375	0.3785	0.5548
	3511.5504	99270.7433	184066.0921	5019733553.4464	413.6317	39152.5706	4823804902.7657	0.0016	0.0016	0.0016	0.0027	0.5866	0.2632	5.0463	722.1271	0.3785	0.5548
	3561.5504	99270.7433	184095.0171	5022604956.8788	413.6967	39152.5706	4823804902.7657	0.0016	0.0016	0.0016	0.0027	0.5866	0.2632	5.0463	720.1909	0.3785	0.5548
	3601.5504	99270.7433	184118.1130	5024897703.2069	413.7486	39152.5706	4823804902.7657	0.0016	0.0016	0.0016	0.0027	0.5866	0.2632	5.0463	718.6931	0.3785	0.5548
