# melt jet history; melt total internal energy basis=300K
#1:time 2:d0 3:v0 4:temp0 5:di 6:vi 7:db 8:enem 9:hhf 10:hhp 11:zjl 12:llbr 13:llj 14:massin 15:enein
	0.0000	0.0000e+00	0.0000e+00	0.0000e+00	0.0000e+00	0.0000e+00	0.0000e+00	0.0000e+00	5.0000e-01	6.0000e+00	0.0000e+00	0.0000e+00	0.0000e+00	0.0000e+00	0.0000e+00
	0.1000	2.0000e-01	6.0000e+00	2.8000e+03	0.0000e+00	0.0000e+00	0.0000e+00	1.6386e+06	5.0000e-01	6.0000e+00	6.5000e+00	0.0000e+00	0.0000e+00	0.0000e+00	0.0000e+00
	0.5000	2.0000e-01	6.0000e+00	2.8001e+03	1.8851e-01	6.7536e+00	0.0000e+00	1.6387e+06	4.9001e-01	6.0100e+00	3.8275e+00	5.4190e+00	2.1825e+00	6.0017e+02	9.0335e+08
	1.1000	2.0000e-01	6.0000e+00	2.8003e+03	1.8868e-01	6.7413e+00	0.0000e+00	1.6388e+06	4.8154e-01	6.0185e+00	5.9475e-01	5.4237e+00	5.4237e+00	1.5004e+03	2.2585e+09
	1.5000	2.0000e-01	6.0000e+00	2.8004e+03	1.8878e-01	6.7347e+00	0.0000e+00	1.6389e+06	4.7706e-01	6.0229e+00	5.9672e-01	5.4262e+00	5.4262e+00	2.1006e+03	3.1619e+09
	2.0000	2.0000e-01	6.0000e+00	2.8006e+03	1.8886e-01	6.7289e+00	0.0000e+00	1.6389e+06	4.7303e-01	6.0270e+00	5.9848e-01	5.4285e+00	5.4285e+00	2.8508e+03	4.2913e+09
	2.5000	2.0000e-01	6.0000e+00	2.8007e+03	1.8890e-01	6.7257e+00	0.0000e+00	1.6390e+06	4.7088e-01	6.0291e+00	5.9942e-01	5.4297e+00	5.4297e+00	3.6010e+03	5.4207e+09
	3.0000	2.0000e-01	6.0000e+00	2.8009e+03	1.8892e-01	6.7246e+00	0.0000e+00	1.6391e+06	4.7008e-01	6.0299e+00	5.9978e-01	5.4301e+00	5.4301e+00	4.3512e+03	6.5502e+09
	3.5000	2.0000e-01	6.0000e+00	2.8010e+03	1.8890e-01	6.7258e+00	0.0000e+00	1.6392e+06	4.7093e-01	6.0291e+00	5.9940e-01	5.4297e+00	5.4297e+00	5.1014e+03	7.6798e+09
	4.0000	2.0000e-01	6.0000e+00	2.8012e+03	1.8886e-01	6.7286e+00	0.0000e+00	1.6393e+06	4.7286e-01	6.0271e+00	5.9856e-01	5.4286e+00	5.4286e+00	5.8517e+03	8.8094e+09
	4.5000	2.0000e-01	6.0000e+00	2.8013e+03	1.8880e-01	6.7330e+00	0.0000e+00	1.6394e+06	4.7585e-01	6.0241e+00	5.9725e-01	5.4269e+00	5.4269e+00	6.6019e+03	9.9391e+09
	5.1000	2.0000e-01	6.0000e+00	2.8015e+03	1.8869e-01	6.7410e+00	0.0000e+00	1.6395e+06	4.8138e-01	6.0186e+00	5.9482e-01	5.4238e+00	5.4238e+00	7.5021e+03	1.1295e+10
	5.6000	2.0000e-01	6.0000e+00	2.8017e+03	1.8859e-01	6.7478e+00	0.0000e+00	1.6395e+06	4.8605e-01	6.0140e+00	5.9276e-01	5.4212e+00	5.4212e+00	8.2523e+03	1.2425e+10
	6.1000	2.0000e-01	6.0000e+00	2.8018e+03	1.8849e-01	6.7552e+00	0.0000e+00	1.6396e+06	4.9112e-01	6.0089e+00	5.9051e-01	5.4184e+00	5.4184e+00	9.0025e+03	1.3555e+10
	6.6000	2.0000e-01	6.0000e+00	2.8020e+03	1.8838e-01	6.7630e+00	0.0000e+00	1.6397e+06	4.9650e-01	6.0035e+00	5.8812e-01	5.4154e+00	5.4154e+00	9.7528e+03	1.4684e+10
	7.1000	2.0000e-01	6.0000e+00	2.8021e+03	1.8826e-01	6.7713e+00	0.0000e+00	1.6398e+06	5.0226e-01	5.9977e+00	5.8555e-01	5.4122e+00	5.4122e+00	1.0503e+04	1.5814e+10
	7.6000	2.0000e-01	6.0000e+00	2.8023e+03	1.8814e-01	6.7801e+00	0.0000e+00	1.6399e+06	5.0828e-01	5.9917e+00	5.8286e-01	5.4089e+00	5.4089e+00	1.1253e+04	1.6945e+10
	8.1000	2.0000e-01	6.0000e+00	2.8024e+03	1.8801e-01	6.7895e+00	0.0000e+00	1.6400e+06	5.1484e-01	5.9852e+00	5.7992e-01	5.4052e+00	5.4052e+00	1.2003e+04	1.8075e+10
	8.6000	2.0000e-01	6.0000e+00	2.8026e+03	1.8788e-01	6.7994e+00	0.0000e+00	1.6400e+06	5.2169e-01	5.9783e+00	5.7682e-01	5.4015e+00	5.4015e+00	1.2754e+04	1.9205e+10
	9.1000	2.0000e-01	6.0000e+00	2.8027e+03	1.8773e-01	6.8102e+00	0.0000e+00	1.6401e+06	5.2918e-01	5.9708e+00	5.7343e-01	5.3974e+00	5.3974e+00	1.3504e+04	2.0335e+10
	9.6000	2.0000e-01	6.0000e+00	2.8029e+03	1.8758e-01	6.8212e+00	0.0000e+00	1.6402e+06	5.3681e-01	5.9632e+00	5.6996e-01	5.3932e+00	5.3932e+00	1.4254e+04	2.1466e+10
	10.1000	2.0000e-01	6.0000e+00	2.8030e+03	1.8742e-01	6.8328e+00	0.0000e+00	1.6403e+06	5.4490e-01	5.9551e+00	5.6626e-01	5.3888e+00	5.3888e+00	1.5004e+04	2.2596e+10
	10.6000	2.0000e-01	6.0000e+00	2.8032e+03	1.8725e-01	6.8448e+00	0.0000e+00	1.6404e+06	5.5325e-01	5.9468e+00	5.6242e-01	5.3843e+00	5.3843e+00	1.5754e+04	2.3726e+10
	11.1000	2.0000e-01	6.0000e+00	2.8033e+03	1.8708e-01	6.8573e+00	0.0000e+00	1.6405e+06	5.6203e-01	5.9380e+00	5.5836e-01	5.3796e+00	5.3796e+00	1.6505e+04	2.4857e+10
	11.6000	2.0000e-01	6.0000e+00	2.8035e+03	1.8690e-01	6.8703e+00	0.0000e+00	1.6406e+06	5.7107e-01	5.9289e+00	5.5416e-01	5.3748e+00	5.3748e+00	1.7255e+04	2.5987e+10
	12.1000	2.0000e-01	6.0000e+00	2.8036e+03	1.8672e-01	6.8838e+00	0.0000e+00	1.6406e+06	5.8054e-01	5.9195e+00	5.4973e-01	5.3697e+00	5.3697e+00	1.8005e+04	2.7118e+10
	12.6000	2.0000e-01	6.0000e+00	2.8038e+03	1.8653e-01	6.8976e+00	0.0000e+00	1.6407e+06	5.9024e-01	5.9098e+00	5.4518e-01	5.3646e+00	5.3646e+00	1.8755e+04	2.8249e+10
	13.1000	2.0000e-01	6.0000e+00	2.8039e+03	1.8634e-01	6.9120e+00	0.0000e+00	1.6408e+06	6.0039e-01	5.8996e+00	5.4039e-01	5.3592e+00	5.3592e+00	1.9506e+04	2.9380e+10
	13.6000	2.0000e-01	6.0000e+00	2.8041e+03	1.8614e-01	6.9266e+00	0.0000e+00	1.6409e+06	6.1070e-01	5.8893e+00	5.3549e-01	5.3538e+00	5.3538e+00	2.0256e+04	3.0510e+10
	14.1000	2.0000e-01	6.0000e+00	2.8042e+03	1.8594e-01	6.9417e+00	0.0000e+00	1.6410e+06	6.2139e-01	5.8786e+00	5.3038e-01	5.3482e+00	5.3482e+00	2.1006e+04	3.1641e+10
	14.6000	2.0000e-01	6.0000e+00	2.8043e+03	1.8573e-01	6.9570e+00	0.0000e+00	1.6411e+06	6.3224e-01	5.8678e+00	5.2517e-01	5.3426e+00	5.3426e+00	2.1756e+04	3.2772e+10
	15.1000	2.0000e-01	6.0000e+00	2.8045e+03	1.8552e-01	6.9728e+00	0.0000e+00	1.6411e+06	6.4343e-01	5.8566e+00	5.1976e-01	5.3368e+00	5.3368e+00	2.2506e+04	3.3903e+10
	15.6000	2.0000e-01	6.0000e+00	2.8046e+03	1.8531e-01	6.9887e+00	0.0000e+00	1.6412e+06	6.5477e-01	5.8452e+00	5.1424e-01	5.3310e+00	5.3310e+00	2.3257e+04	3.5034e+10
	16.1000	2.0000e-01	6.0000e+00	2.8048e+03	1.8510e-01	7.0051e+00	0.0000e+00	1.6413e+06	6.6644e-01	5.8336e+00	5.0853e-01	5.3250e+00	5.3250e+00	2.4007e+04	3.6166e+10
	16.6000	2.0000e-01	6.0000e+00	2.8049e+03	1.8488e-01	7.0216e+00	0.0000e+00	1.6414e+06	6.7822e-01	5.8218e+00	5.0273e-01	5.3190e+00	5.3190e+00	2.4757e+04	3.7297e+10
	17.1000	2.0000e-01	6.0000e+00	2.8051e+03	1.8466e-01	7.0384e+00	0.0000e+00	1.6415e+06	6.9031e-01	5.8097e+00	4.9675e-01	5.3129e+00	5.3129e+00	2.5507e+04	3.8428e+10
	17.6000	2.0000e-01	6.0000e+00	2.8052e+03	1.8444e-01	7.0554e+00	0.0000e+00	1.6416e+06	7.0252e-01	5.7975e+00	4.9067e-01	5.3068e+00	5.3068e+00	2.6257e+04	3.9559e+10
	18.1000	2.0000e-01	6.0000e+00	2.8054e+03	1.8421e-01	7.0727e+00	0.0000e+00	1.6416e+06	7.1501e-01	5.7850e+00	4.8441e-01	5.3006e+00	5.3006e+00	2.7008e+04	4.0691e+10
	18.6000	2.0000e-01	6.0000e+00	2.8055e+03	1.8398e-01	7.0902e+00	0.0000e+00	1.6417e+06	7.2765e-01	5.7723e+00	4.7803e-01	5.2943e+00	5.2943e+00	2.7758e+04	4.1822e+10
	19.0000	2.0000e-01	6.0000e+00	2.8057e+03	1.8381e-01	7.1039e+00	0.0000e+00	1.6418e+06	7.3750e-01	5.7625e+00	4.7304e-01	5.2895e+00	5.2895e+00	2.8358e+04	4.2727e+10
	19.5000	2.0000e-01	6.0000e+00	2.8058e+03	1.8358e-01	7.1216e+00	0.0000e+00	1.6419e+06	7.5039e-01	5.7496e+00	4.6648e-01	5.2831e+00	5.2831e+00	2.9108e+04	4.3859e+10
	20.0000	2.0000e-01	6.0000e+00	2.8060e+03	1.8335e-01	7.1390e+00	0.0000e+00	1.6420e+06	7.6302e-01	5.7370e+00	4.6000e-01	5.2770e+00	5.2770e+00	2.9858e+04	4.4991e+10
	20.5000	2.0000e-01	6.0000e+00	2.8061e+03	1.8312e-01	7.1570e+00	0.0000e+00	1.6420e+06	7.7611e-01	5.7239e+00	4.5326e-01	5.2706e+00	5.2706e+00	3.0609e+04	4.6122e+10
	21.0000	2.0000e-01	6.0000e+00	2.8063e+03	1.8289e-01	7.1750e+00	0.0000e+00	1.6421e+06	7.8928e-01	5.7107e+00	4.4643e-01	5.2643e+00	5.2643e+00	3.1359e+04	4.7254e+10
	21.5000	2.0000e-01	6.0000e+00	2.8064e+03	1.8266e-01	7.1934e+00	0.0000e+00	1.6422e+06	8.0281e-01	5.6972e+00	4.3937e-01	5.2578e+00	5.2578e+00	3.2109e+04	4.8386e+10
	22.0000	2.0000e-01	6.0000e+00	2.8066e+03	1.8242e-01	7.2120e+00	0.0000e+00	1.6423e+06	8.1640e-01	5.6836e+00	4.3224e-01	5.2514e+00	5.2514e+00	3.2859e+04	4.9518e+10
	22.5000	2.0000e-01	6.0000e+00	2.8067e+03	1.8219e-01	7.2308e+00	0.0000e+00	1.6424e+06	8.3026e-01	5.6697e+00	4.2493e-01	5.2448e+00	5.2448e+00	3.3610e+04	5.0650e+10
	23.0000	2.0000e-01	6.0000e+00	2.8069e+03	1.8195e-01	7.2496e+00	0.0000e+00	1.6425e+06	8.4416e-01	5.6558e+00	4.1756e-01	5.2383e+00	5.2383e+00	3.4360e+04	5.1782e+10
	23.5000	2.0000e-01	6.0000e+00	2.8070e+03	1.8171e-01	7.2687e+00	0.0000e+00	1.6426e+06	8.5830e-01	5.6417e+00	4.1001e-01	5.2317e+00	5.2317e+00	3.5110e+04	5.2914e+10
	24.0000	2.0000e-01	6.0000e+00	2.8071e+03	1.8147e-01	7.2878e+00	0.0000e+00	1.6426e+06	8.7246e-01	5.6275e+00	4.0241e-01	5.2251e+00	5.2251e+00	3.5860e+04	5.4046e+10
	24.5000	2.0000e-01	6.0000e+00	2.8073e+03	1.8123e-01	7.3071e+00	0.0000e+00	1.6427e+06	8.8682e-01	5.6132e+00	3.9466e-01	5.2185e+00	5.2185e+00	3.6610e+04	5.5178e+10
	25.0000	2.0000e-01	6.0000e+00	2.8074e+03	1.8099e-01	7.3264e+00	0.0000e+00	1.6428e+06	9.0126e-01	5.5987e+00	3.8683e-01	5.2119e+00	5.2119e+00	3.7361e+04	5.6311e+10
	25.5000	2.0000e-01	6.0000e+00	2.8076e+03	1.8075e-01	7.3460e+00	0.0000e+00	1.6429e+06	9.1592e-01	5.5841e+00	3.7883e-01	5.2053e+00	5.2053e+00	3.8111e+04	5.7443e+10
	26.0000	2.0000e-01	6.0000e+00	2.8077e+03	1.8051e-01	7.3656e+00	0.0000e+00	1.6430e+06	9.3057e-01	5.5694e+00	3.7079e-01	5.1986e+00	5.1986e+00	3.8861e+04	5.8575e+10
	26.5000	2.0000e-01	6.0000e+00	2.8079e+03	1.8027e-01	7.3853e+00	0.0000e+00	1.6431e+06	9.4543e-01	5.5546e+00	3.6259e-01	5.1920e+00	5.1920e+00	3.9611e+04	5.9708e+10
	27.0000	2.0000e-01	6.0000e+00	2.8080e+03	1.8003e-01	7.4050e+00	0.0000e+00	1.6431e+06	9.6026e-01	5.5397e+00	3.5437e-01	5.1854e+00	5.1854e+00	4.0361e+04	6.0840e+10
	27.5000	2.0000e-01	6.0000e+00	2.8082e+03	1.7979e-01	7.4248e+00	0.0000e+00	1.6432e+06	9.7525e-01	5.5247e+00	3.4600e-01	5.1787e+00	5.1787e+00	4.1112e+04	6.1973e+10
	28.0000	2.0000e-01	6.0000e+00	2.8083e+03	1.7955e-01	7.4446e+00	0.0000e+00	1.6433e+06	9.9022e-01	5.5098e+00	3.3761e-01	5.1722e+00	5.1722e+00	4.1862e+04	6.3106e+10
	28.5000	2.0000e-01	6.0000e+00	2.8085e+03	1.7931e-01	7.4645e+00	0.0000e+00	1.6434e+06	1.0054e+00	5.4946e+00	3.2908e-01	5.1656e+00	5.1656e+00	4.2612e+04	6.4238e+10
	29.0000	2.0000e-01	6.0000e+00	2.8086e+03	1.7907e-01	7.4843e+00	0.0000e+00	1.6435e+06	1.0205e+00	5.4795e+00	3.2053e-01	5.1590e+00	5.1590e+00	4.3362e+04	6.5371e+10
	29.5000	2.0000e-01	6.0000e+00	2.8088e+03	1.7883e-01	7.5043e+00	0.0000e+00	1.6436e+06	1.0357e+00	5.4643e+00	3.1183e-01	5.1524e+00	5.1524e+00	4.4112e+04	6.6504e+10
	30.0000	2.0000e-01	6.0000e+00	2.8089e+03	1.7860e-01	7.5242e+00	0.0000e+00	1.6436e+06	1.0510e+00	5.4490e+00	3.0311e-01	5.1459e+00	5.1459e+00	4.4863e+04	6.7637e+10
	30.5000	2.0000e-01	6.0000e+00	2.8091e+03	1.7836e-01	7.5442e+00	0.0000e+00	1.6437e+06	1.0664e+00	5.4336e+00	2.9426e-01	5.1394e+00	5.1394e+00	4.5613e+04	6.8770e+10
	31.0000	2.0000e-01	6.0000e+00	2.8092e+03	1.7813e-01	7.5641e+00	0.0000e+00	1.6438e+06	1.0817e+00	5.4183e+00	2.8540e-01	5.1329e+00	5.1329e+00	4.6363e+04	6.9903e+10
	31.5000	2.0000e-01	6.0000e+00	2.8094e+03	1.7789e-01	7.5842e+00	0.0000e+00	1.6439e+06	1.0972e+00	5.4028e+00	2.7641e-01	5.1264e+00	5.1264e+00	4.7113e+04	7.1036e+10
	32.0000	2.0000e-01	6.0000e+00	2.8095e+03	1.7766e-01	7.6041e+00	0.0000e+00	1.6440e+06	1.1126e+00	5.3874e+00	2.6742e-01	5.1200e+00	5.1200e+00	4.7864e+04	7.2169e+10
	32.5000	2.0000e-01	6.0000e+00	2.8097e+03	1.7742e-01	7.6242e+00	0.0000e+00	1.6441e+06	1.1282e+00	5.3718e+00	2.5829e-01	5.1135e+00	5.1135e+00	4.8614e+04	7.3302e+10
	33.0000	2.0000e-01	6.0000e+00	2.8098e+03	1.7719e-01	7.6441e+00	0.0000e+00	1.6442e+06	1.1437e+00	5.3563e+00	2.4915e-01	5.1071e+00	5.1071e+00	4.9364e+04	7.4436e+10
	33.5000	2.0000e-01	6.0000e+00	2.8100e+03	1.7696e-01	7.6643e+00	0.0000e+00	1.6442e+06	1.1595e+00	5.3405e+00	2.3983e-01	5.1007e+00	5.1007e+00	5.0114e+04	7.5569e+10
	34.0000	2.0000e-01	6.0000e+00	2.8101e+03	1.7673e-01	7.6843e+00	0.0000e+00	1.6443e+06	1.1752e+00	5.3248e+00	2.3052e-01	5.0943e+00	5.0943e+00	5.0864e+04	7.6702e+10
	34.5000	2.0000e-01	6.0000e+00	2.8103e+03	1.7649e-01	7.7046e+00	0.0000e+00	1.6444e+06	1.1911e+00	5.3089e+00	2.2104e-01	5.0879e+00	5.0879e+00	5.1615e+04	7.7836e+10
	35.0000	2.0000e-01	6.0000e+00	2.8104e+03	1.7626e-01	7.7247e+00	0.0000e+00	1.6445e+06	1.2069e+00	5.2931e+00	2.1154e-01	5.0816e+00	5.0816e+00	5.2365e+04	7.8969e+10
	35.5000	2.0000e-01	6.0000e+00	2.8106e+03	1.7603e-01	7.7450e+00	0.0000e+00	1.6446e+06	1.2229e+00	5.2771e+00	2.0191e-01	5.0752e+00	5.0752e+00	5.3115e+04	8.0103e+10
	36.0000	2.0000e-01	6.0000e+00	2.8107e+03	1.7581e-01	7.7651e+00	0.0000e+00	1.6447e+06	1.2388e+00	5.2612e+00	1.9230e-01	5.0689e+00	5.0689e+00	5.3865e+04	8.1237e+10
	36.5000	2.0000e-01	6.0000e+00	2.8109e+03	1.7558e-01	7.7854e+00	0.0000e+00	1.6447e+06	1.2549e+00	5.2451e+00	1.8255e-01	5.0626e+00	5.0626e+00	5.4615e+04	8.2370e+10
	37.0000	2.0000e-01	6.0000e+00	2.8110e+03	1.7535e-01	7.8054e+00	0.0000e+00	1.6448e+06	1.2708e+00	5.2292e+00	1.7282e-01	5.0564e+00	5.0564e+00	5.5366e+04	8.3504e+10
	37.5000	2.0000e-01	6.0000e+00	2.8112e+03	1.7512e-01	7.8256e+00	0.0000e+00	1.6449e+06	1.2869e+00	5.2131e+00	1.6297e-01	5.0501e+00	5.0501e+00	5.6116e+04	8.4638e+10
	38.0000	2.0000e-01	6.0000e+00	2.8113e+03	1.7490e-01	7.8456e+00	0.0000e+00	1.6450e+06	1.3029e+00	5.1971e+00	1.5314e-01	5.0440e+00	5.0440e+00	5.6866e+04	8.5772e+10
	38.5000	2.0000e-01	6.0000e+00	2.8115e+03	1.7468e-01	7.8658e+00	0.0000e+00	1.6451e+06	1.3190e+00	5.1810e+00	1.4319e-01	5.0378e+00	5.0378e+00	5.7616e+04	8.6906e+10
	39.0000	2.0000e-01	6.0000e+00	2.8116e+03	1.7446e-01	7.8857e+00	0.0000e+00	1.6452e+06	1.3351e+00	5.1649e+00	1.3325e-01	5.0317e+00	5.0317e+00	5.8367e+04	8.8040e+10
	39.5000	2.0000e-01	6.0000e+00	2.8118e+03	1.7423e-01	7.9058e+00	0.0000e+00	1.6452e+06	1.3512e+00	5.1488e+00	1.2320e-01	5.0256e+00	5.0256e+00	5.9117e+04	8.9174e+10
	40.0000	2.0000e-01	6.0000e+00	2.8119e+03	1.7401e-01	7.9257e+00	0.0000e+00	1.6453e+06	1.3673e+00	5.1327e+00	1.1316e-01	5.0195e+00	5.0195e+00	5.9867e+04	9.0308e+10
	40.5000	2.0000e-01	6.0000e+00	2.8121e+03	1.7380e-01	7.9458e+00	0.0000e+00	1.6454e+06	1.3835e+00	5.1165e+00	1.0300e-01	5.0135e+00	5.0135e+00	6.0617e+04	9.1442e+10
	41.0000	2.0000e-01	6.0000e+00	2.8122e+03	1.7358e-01	7.9654e+00	0.0000e+00	1.6455e+06	1.3995e+00	5.1005e+00	9.2950e-02	5.0076e+00	5.0076e+00	6.1367e+04	9.2577e+10
	41.5000	2.0000e-01	6.0000e+00	2.8124e+03	1.7337e-01	7.9851e+00	0.0000e+00	1.6456e+06	1.4155e+00	5.0845e+00	8.2840e-02	5.0017e+00	5.0017e+00	6.2118e+04	9.3711e+10
	42.0000	2.0000e-01	6.0000e+00	2.8125e+03	1.7316e-01	8.0046e+00	0.0000e+00	1.6457e+06	1.4314e+00	5.0686e+00	7.2742e-02	4.9959e+00	4.9959e+00	6.2868e+04	9.4846e+10
	42.5000	2.0000e-01	6.0000e+00	2.8127e+03	1.7294e-01	8.0242e+00	0.0000e+00	1.6458e+06	1.4474e+00	5.0526e+00	6.2535e-02	4.9901e+00	4.9901e+00	6.3618e+04	9.5980e+10
	43.0000	2.0000e-01	6.0000e+00	2.8128e+03	1.7273e-01	8.0436e+00	0.0000e+00	1.6458e+06	1.4633e+00	5.0367e+00	5.2361e-02	4.9843e+00	4.9843e+00	6.4368e+04	9.7115e+10
	43.5000	2.0000e-01	6.0000e+00	2.8130e+03	1.7253e-01	8.0632e+00	0.0000e+00	1.6459e+06	1.4794e+00	5.0206e+00	4.2066e-02	4.9786e+00	4.9786e+00	6.5118e+04	9.8249e+10
	44.0000	2.0000e-01	6.0000e+00	2.8131e+03	1.7232e-01	8.0825e+00	0.0000e+00	1.6460e+06	1.4953e+00	5.0047e+00	3.1814e-02	4.9729e+00	4.9729e+00	6.5869e+04	9.9384e+10
	44.5000	2.0000e-01	6.0000e+00	2.8133e+03	1.7222e-01	8.0913e+00	0.0000e+00	1.6461e+06	1.5025e+00	4.9975e+00	2.6975e-02	4.9705e+00	4.9705e+00	6.6619e+04	1.0052e+11
	45.0000	2.0000e-01	6.0000e+00	2.8134e+03	1.7218e-01	8.0957e+00	0.0000e+00	1.6462e+06	1.5061e+00	4.9939e+00	2.4453e-02	4.9694e+00	4.9694e+00	6.7369e+04	1.0165e+11
	45.5000	2.0000e-01	6.0000e+00	2.8135e+03	1.7213e-01	8.1000e+00	0.0000e+00	1.6463e+06	1.5097e+00	4.9903e+00	2.1907e-02	4.9684e+00	4.9684e+00	6.8119e+04	1.0279e+11
	46.0000	2.0000e-01	6.0000e+00	2.8137e+03	1.7209e-01	8.1043e+00	0.0000e+00	1.6463e+06	1.5133e+00	4.9867e+00	1.9378e-02	4.9674e+00	4.9674e+00	6.8869e+04	1.0392e+11
	46.5000	2.0000e-01	6.0000e+00	2.8138e+03	1.7204e-01	8.1087e+00	0.0000e+00	1.6464e+06	1.5169e+00	4.9831e+00	1.6829e-02	4.9663e+00	4.9663e+00	6.9620e+04	1.0506e+11
	47.0000	2.0000e-01	6.0000e+00	2.8140e+03	1.7199e-01	8.1130e+00	0.0000e+00	1.6465e+06	1.5204e+00	4.9796e+00	1.4299e-02	4.9653e+00	4.9653e+00	7.0370e+04	1.0619e+11
	47.5000	2.0000e-01	6.0000e+00	2.8141e+03	1.7195e-01	8.1173e+00	0.0000e+00	1.6466e+06	1.5240e+00	4.9760e+00	1.1745e-02	4.9642e+00	4.9642e+00	7.1120e+04	1.0733e+11
	48.0000	2.0000e-01	6.0000e+00	2.8143e+03	1.7190e-01	8.1217e+00	0.0000e+00	1.6467e+06	1.5276e+00	4.9724e+00	9.2065e-03	4.9632e+00	4.9632e+00	7.1870e+04	1.0846e+11
	48.5000	2.0000e-01	6.0000e+00	2.8144e+03	1.7186e-01	8.1260e+00	0.0000e+00	1.6468e+06	1.5312e+00	4.9688e+00	6.6321e-03	4.9621e+00	4.9621e+00	7.2621e+04	1.0960e+11
	49.0000	2.0000e-01	6.0000e+00	2.8146e+03	1.7181e-01	8.1304e+00	0.0000e+00	1.6468e+06	1.5348e+00	4.9652e+00	4.0707e-03	4.9611e+00	4.9611e+00	7.3371e+04	1.1073e+11
	49.5000	2.0000e-01	6.0000e+00	2.8147e+03	1.7176e-01	8.1348e+00	0.0000e+00	1.6469e+06	1.5385e+00	4.9615e+00	1.4852e-03	4.9600e+00	4.9600e+00	7.4121e+04	1.1187e+11
	50.0000	2.0000e-01	6.0000e+00	2.8149e+03	1.7172e-01	8.1391e+00	3.7535e-05	1.6470e+06	1.5421e+00	4.9579e+00	0.0000e+00	4.9590e+00	4.9579e+00	7.4871e+04	1.1300e+11
	50.5000	2.0000e-01	6.0000e+00	2.8150e+03	1.7167e-01	8.1435e+00	1.2729e-04	1.6471e+06	1.5457e+00	4.9543e+00	0.0000e+00	4.9579e+00	4.9543e+00	7.5621e+04	1.1414e+11
	51.0000	2.0000e-01	6.0000e+00	2.8152e+03	1.7163e-01	8.1479e+00	2.1645e-04	1.6472e+06	1.5493e+00	4.9507e+00	0.0000e+00	4.9569e+00	4.9507e+00	7.6372e+04	1.1528e+11
	51.5000	2.0000e-01	6.0000e+00	2.8153e+03	1.7158e-01	8.1523e+00	3.0643e-04	1.6473e+06	1.5530e+00	4.9470e+00	0.0000e+00	4.9559e+00	4.9470e+00	7.7122e+04	1.1641e+11
	52.0000	2.0000e-01	6.0000e+00	2.8155e+03	1.7153e-01	8.1566e+00	3.9590e-04	1.6473e+06	1.5566e+00	4.9434e+00	0.0000e+00	4.9548e+00	4.9434e+00	7.7872e+04	1.1755e+11
	52.5000	2.0000e-01	6.0000e+00	2.8156e+03	1.7149e-01	8.1610e+00	4.8612e-04	1.6474e+06	1.5603e+00	4.9397e+00	0.0000e+00	4.9538e+00	4.9397e+00	7.8622e+04	1.1868e+11
	53.0000	2.0000e-01	6.0000e+00	2.8158e+03	1.7144e-01	8.1654e+00	5.7585e-04	1.6475e+06	1.5639e+00	4.9361e+00	0.0000e+00	4.9527e+00	4.9361e+00	7.9372e+04	1.1982e+11
	53.5000	2.0000e-01	6.0000e+00	2.8159e+03	1.7140e-01	8.1698e+00	6.6632e-04	1.6476e+06	1.5676e+00	4.9324e+00	0.0000e+00	4.9517e+00	4.9324e+00	8.0123e+04	1.2095e+11
	54.0000	2.0000e-01	6.0000e+00	2.8161e+03	1.7135e-01	8.1742e+00	7.5633e-04	1.6477e+06	1.5712e+00	4.9288e+00	0.0000e+00	4.9506e+00	4.9288e+00	8.0873e+04	1.2209e+11
	54.5000	2.0000e-01	6.0000e+00	2.8162e+03	1.7130e-01	8.1786e+00	8.4710e-04	1.6478e+06	1.5749e+00	4.9251e+00	0.0000e+00	4.9496e+00	4.9251e+00	8.1623e+04	1.2323e+11
	55.0000	2.0000e-01	6.0000e+00	2.8164e+03	1.7126e-01	8.1830e+00	9.3729e-04	1.6479e+06	1.5786e+00	4.9214e+00	0.0000e+00	4.9485e+00	4.9214e+00	8.2373e+04	1.2436e+11
	55.5000	2.0000e-01	6.0000e+00	2.8165e+03	1.7121e-01	8.1874e+00	1.0283e-03	1.6479e+06	1.5822e+00	4.9178e+00	0.0000e+00	4.9475e+00	4.9178e+00	8.3124e+04	1.2550e+11
	56.0000	2.0000e-01	6.0000e+00	2.8167e+03	1.7117e-01	8.1918e+00	1.1188e-03	1.6480e+06	1.5859e+00	4.9141e+00	0.0000e+00	4.9464e+00	4.9141e+00	8.3874e+04	1.2663e+11
	56.5000	2.0000e-01	6.0000e+00	2.8168e+03	1.7112e-01	8.1962e+00	1.2100e-03	1.6481e+06	1.5896e+00	4.9104e+00	0.0000e+00	4.9454e+00	4.9104e+00	8.4624e+04	1.2777e+11
	57.0000	2.0000e-01	6.0000e+00	2.8170e+03	1.7107e-01	8.2006e+00	1.3007e-03	1.6482e+06	1.5933e+00	4.9067e+00	0.0000e+00	4.9443e+00	4.9067e+00	8.5374e+04	1.2891e+11
	57.5000	2.0000e-01	6.0000e+00	2.8171e+03	1.7103e-01	8.2050e+00	1.3922e-03	1.6483e+06	1.5970e+00	4.9030e+00	0.0000e+00	4.9433e+00	4.9030e+00	8.6124e+04	1.3004e+11
	58.0000	2.0000e-01	6.0000e+00	2.8173e+03	1.7098e-01	8.2094e+00	1.4832e-03	1.6484e+06	1.6006e+00	4.8994e+00	0.0000e+00	4.9422e+00	4.8994e+00	8.6875e+04	1.3118e+11
	58.5000	2.0000e-01	6.0000e+00	2.8174e+03	1.7094e-01	8.2138e+00	1.5749e-03	1.6484e+06	1.6043e+00	4.8957e+00	0.0000e+00	4.9412e+00	4.8957e+00	8.7625e+04	1.3232e+11
	59.0000	2.0000e-01	6.0000e+00	2.8176e+03	1.7089e-01	8.2182e+00	1.6661e-03	1.6485e+06	1.6080e+00	4.8920e+00	0.0000e+00	4.9401e+00	4.8920e+00	8.8375e+04	1.3345e+11
	59.5000	2.0000e-01	6.0000e+00	2.8177e+03	1.7084e-01	8.2226e+00	1.7581e-03	1.6486e+06	1.6117e+00	4.8883e+00	0.0000e+00	4.9391e+00	4.8883e+00	8.9125e+04	1.3459e+11
	60.0000	2.0000e-01	6.0000e+00	2.8179e+03	1.7080e-01	8.2270e+00	1.8495e-03	1.6487e+06	1.6154e+00	4.8846e+00	0.0000e+00	4.9380e+00	4.8846e+00	8.9875e+04	1.3573e+11
	60.5000	2.0000e-01	6.0000e+00	2.8180e+03	1.7075e-01	8.2315e+00	1.9417e-03	1.6488e+06	1.6191e+00	4.8809e+00	0.0000e+00	4.9370e+00	4.8809e+00	9.0626e+04	1.3686e+11
	61.0000	2.0000e-01	6.0000e+00	2.8182e+03	1.7071e-01	8.2359e+00	2.0332e-03	1.6489e+06	1.6228e+00	4.8772e+00	0.0000e+00	4.9360e+00	4.8772e+00	9.1376e+04	1.3800e+11
	61.5000	2.0000e-01	6.0000e+00	2.8183e+03	1.7066e-01	8.2403e+00	2.1256e-03	1.6489e+06	1.6266e+00	4.8734e+00	0.0000e+00	4.9349e+00	4.8734e+00	9.2126e+04	1.3914e+11
	62.0000	2.0000e-01	6.0000e+00	2.8185e+03	1.7062e-01	8.2447e+00	2.2174e-03	1.6490e+06	1.6303e+00	4.8697e+00	0.0000e+00	4.9339e+00	4.8697e+00	9.2876e+04	1.4027e+11
	62.5000	2.0000e-01	6.0000e+00	2.8186e+03	1.7057e-01	8.2491e+00	2.3101e-03	1.6491e+06	1.6340e+00	4.8660e+00	0.0000e+00	4.9328e+00	4.8660e+00	9.3626e+04	1.4141e+11
	63.0000	2.0000e-01	6.0000e+00	2.8188e+03	1.7052e-01	8.2535e+00	2.4022e-03	1.6492e+06	1.6377e+00	4.8623e+00	0.0000e+00	4.9318e+00	4.8623e+00	9.4377e+04	1.4255e+11
	63.5000	2.0000e-01	6.0000e+00	2.8189e+03	1.7048e-01	8.2580e+00	2.4952e-03	1.6493e+06	1.6415e+00	4.8585e+00	0.0000e+00	4.9307e+00	4.8585e+00	9.5127e+04	1.4369e+11
	64.0000	2.0000e-01	6.0000e+00	2.8191e+03	1.7043e-01	8.2624e+00	2.5875e-03	1.6494e+06	1.6452e+00	4.8548e+00	0.0000e+00	4.9297e+00	4.8548e+00	9.5877e+04	1.4482e+11
	64.5000	2.0000e-01	6.0000e+00	2.8192e+03	1.7039e-01	8.2668e+00	2.6806e-03	1.6495e+06	1.6489e+00	4.8511e+00	0.0000e+00	4.9286e+00	4.8511e+00	9.6627e+04	1.4596e+11
	65.0000	2.0000e-01	6.0000e+00	2.8194e+03	1.7034e-01	8.2713e+00	2.7732e-03	1.6495e+06	1.6526e+00	4.8474e+00	0.0000e+00	4.9276e+00	4.8474e+00	9.7378e+04	1.4710e+11
	65.5000	2.0000e-01	6.0000e+00	2.8195e+03	1.7030e-01	8.2757e+00	2.8665e-03	1.6496e+06	1.6564e+00	4.8436e+00	0.0000e+00	4.9265e+00	4.8436e+00	9.8128e+04	1.4823e+11
	66.0000	2.0000e-01	0.0000e+00	2.8197e+03	0.0000e+00	0.0000e+00	0.0000e+00	1.6497e+06	1.6601e+00	4.8399e+00	6.5000e+00	0.0000e+00	0.0000e+00	9.8728e+04	1.4914e+11
	66.5000	2.0000e-01	0.0000e+00	2.8198e+03	0.0000e+00	0.0000e+00	0.0000e+00	1.6498e+06	1.6629e+00	4.8371e+00	6.5000e+00	0.0000e+00	0.0000e+00	9.8728e+04	1.4914e+11
	67.0000	2.0000e-01	0.0000e+00	2.8199e+03	0.0000e+00	0.0000e+00	0.0000e+00	1.6499e+06	1.6649e+00	4.8351e+00	6.5000e+00	0.0000e+00	0.0000e+00	9.8728e+04	1.4914e+11
	67.5000	2.0000e-01	0.0000e+00	2.8201e+03	0.0000e+00	0.0000e+00	0.0000e+00	1.6500e+06	1.6664e+00	4.8336e+00	6.5000e+00	0.0000e+00	0.0000e+00	9.8728e+04	1.4914e+11
	68.0000	2.0000e-01	0.0000e+00	2.8202e+03	0.0000e+00	0.0000e+00	0.0000e+00	1.6500e+06	1.6674e+00	4.8326e+00	6.5000e+00	0.0000e+00	0.0000e+00	9.8728e+04	1.4914e+11
	68.5000	2.0000e-01	0.0000e+00	2.8204e+03	0.0000e+00	0.0000e+00	0.0000e+00	1.6501e+06	1.6681e+00	4.8319e+00	6.5000e+00	0.0000e+00	0.0000e+00	9.8728e+04	1.4914e+11
	69.0000	2.0000e-01	0.0000e+00	2.8205e+03	0.0000e+00	0.0000e+00	0.0000e+00	1.6502e+06	1.6686e+00	4.8314e+00	6.5000e+00	0.0000e+00	0.0000e+00	9.8728e+04	1.4914e+11
	69.5000	2.0000e-01	0.0000e+00	2.8207e+03	0.0000e+00	0.0000e+00	0.0000e+00	1.6503e+06	1.6690e+00	4.8310e+00	6.5000e+00	0.0000e+00	0.0000e+00	9.8728e+04	1.4914e+11
	70.0000	2.0000e-01	0.0000e+00	2.8208e+03	0.0000e+00	0.0000e+00	0.0000e+00	1.6504e+06	1.6692e+00	4.8308e+00	6.5000e+00	0.0000e+00	0.0000e+00	9.8728e+04	1.4914e+11
	70.5000	2.0000e-01	0.0000e+00	2.8210e+03	0.0000e+00	0.0000e+00	0.0000e+00	1.6505e+06	1.6695e+00	4.8305e+00	6.5000e+00	0.0000e+00	0.0000e+00	9.8728e+04	1.4914e+11
	71.0000	2.0000e-01	0.0000e+00	2.8211e+03	0.0000e+00	0.0000e+00	0.0000e+00	1.6505e+06	1.6696e+00	4.8304e+00	6.5000e+00	0.0000e+00	0.0000e+00	9.8728e+04	1.4914e+11
	71.5000	2.0000e-01	0.0000e+00	2.8213e+03	0.0000e+00	0.0000e+00	0.0000e+00	1.6506e+06	1.6698e+00	4.8302e+00	6.5000e+00	0.0000e+00	0.0000e+00	9.8728e+04	1.4914e+11
	72.0000	2.0000e-01	0.0000e+00	2.8214e+03	0.0000e+00	0.0000e+00	0.0000e+00	1.6507e+06	1.6700e+00	4.8300e+00	6.5000e+00	0.0000e+00	0.0000e+00	9.8728e+04	1.4914e+11
	72.5000	2.0000e-01	0.0000e+00	2.8216e+03	0.0000e+00	0.0000e+00	0.0000e+00	1.6508e+06	1.6702e+00	4.8298e+00	6.5000e+00	0.0000e+00	0.0000e+00	9.8728e+04	1.4914e+11
	73.0000	2.0000e-01	0.0000e+00	2.8217e+03	0.0000e+00	0.0000e+00	0.0000e+00	1.6509e+06	1.6704e+00	4.8296e+00	6.5000e+00	0.0000e+00	0.0000e+00	9.8728e+04	1.4914e+11
	73.5000	2.0000e-01	0.0000e+00	2.8219e+03	0.0000e+00	0.0000e+00	0.0000e+00	1.6510e+06	1.6706e+00	4.8294e+00	6.5000e+00	0.0000e+00	0.0000e+00	9.8728e+04	1.4914e+11
	74.0000	2.0000e-01	0.0000e+00	2.8220e+03	0.0000e+00	0.0000e+00	0.0000e+00	1.6510e+06	1.6708e+00	4.8292e+00	6.5000e+00	0.0000e+00	0.0000e+00	9.8728e+04	1.4914e+11
	74.5000	2.0000e-01	0.0000e+00	2.8222e+03	0.0000e+00	0.0000e+00	0.0000e+00	1.6511e+06	1.6710e+00	4.8290e+00	6.5000e+00	0.0000e+00	0.0000e+00	9.8728e+04	1.4914e+11
	75.0000	2.0000e-01	0.0000e+00	2.8223e+03	0.0000e+00	0.0000e+00	0.0000e+00	1.6512e+06	1.6712e+00	4.8288e+00	6.5000e+00	0.0000e+00	0.0000e+00	9.8728e+04	1.4914e+11
	75.6000	2.0000e-01	0.0000e+00	2.8225e+03	0.0000e+00	0.0000e+00	0.0000e+00	1.6513e+06	1.6716e+00	4.8284e+00	6.5000e+00	0.0000e+00	0.0000e+00	9.8728e+04	1.4914e+11
	76.1000	2.0000e-01	0.0000e+00	2.8227e+03	0.0000e+00	0.0000e+00	0.0000e+00	1.6514e+06	1.6718e+00	4.8282e+00	6.5000e+00	0.0000e+00	0.0000e+00	9.8728e+04	1.4914e+11
	76.6000	2.0000e-01	0.0000e+00	2.8228e+03	0.0000e+00	0.0000e+00	0.0000e+00	1.6515e+06	1.6720e+00	4.8280e+00	6.5000e+00	0.0000e+00	0.0000e+00	9.8728e+04	1.4914e+11
	77.1000	2.0000e-01	0.0000e+00	2.8230e+03	0.0000e+00	0.0000e+00	0.0000e+00	1.6516e+06	1.6723e+00	4.8277e+00	6.5000e+00	0.0000e+00	0.0000e+00	9.8728e+04	1.4914e+11
	77.6000	2.0000e-01	0.0000e+00	2.8231e+03	0.0000e+00	0.0000e+00	0.0000e+00	1.6517e+06	1.6725e+00	4.8275e+00	6.5000e+00	0.0000e+00	0.0000e+00	9.8728e+04	1.4914e+11
	78.1000	2.0000e-01	0.0000e+00	2.8233e+03	0.0000e+00	0.0000e+00	0.0000e+00	1.6517e+06	1.6727e+00	4.8273e+00	6.5000e+00	0.0000e+00	0.0000e+00	9.8728e+04	1.4914e+11
	78.6000	2.0000e-01	0.0000e+00	2.8234e+03	0.0000e+00	0.0000e+00	0.0000e+00	1.6518e+06	1.6730e+00	4.8270e+00	6.5000e+00	0.0000e+00	0.0000e+00	9.8728e+04	1.4914e+11
	79.1000	2.0000e-01	0.0000e+00	2.8235e+03	0.0000e+00	0.0000e+00	0.0000e+00	1.6519e+06	1.6732e+00	4.8268e+00	6.5000e+00	0.0000e+00	0.0000e+00	9.8728e+04	1.4914e+11
	79.6000	2.0000e-01	0.0000e+00	2.8237e+03	0.0000e+00	0.0000e+00	0.0000e+00	1.6520e+06	1.6735e+00	4.8265e+00	6.5000e+00	0.0000e+00	0.0000e+00	9.8728e+04	1.4914e+11
	80.1000	2.0000e-01	0.0000e+00	2.8238e+03	0.0000e+00	0.0000e+00	0.0000e+00	1.6521e+06	1.6737e+00	4.8263e+00	6.5000e+00	0.0000e+00	0.0000e+00	9.8728e+04	1.4914e+11
	80.6000	2.0000e-01	0.0000e+00	2.8240e+03	0.0000e+00	0.0000e+00	0.0000e+00	1.6522e+06	1.6740e+00	4.8260e+00	6.5000e+00	0.0000e+00	0.0000e+00	9.8728e+04	1.4914e+11
	81.1000	2.0000e-01	0.0000e+00	2.8241e+03	0.0000e+00	0.0000e+00	0.0000e+00	1.6522e+06	1.6742e+00	4.8258e+00	6.5000e+00	0.0000e+00	0.0000e+00	9.8728e+04	1.4914e+11
	81.6000	2.0000e-01	0.0000e+00	2.8243e+03	0.0000e+00	0.0000e+00	0.0000e+00	1.6523e+06	1.6745e+00	4.8255e+00	6.5000e+00	0.0000e+00	0.0000e+00	9.8728e+04	1.4914e+11
	82.1000	2.0000e-01	0.0000e+00	2.8244e+03	0.0000e+00	0.0000e+00	0.0000e+00	1.6524e+06	1.6747e+00	4.8253e+00	6.5000e+00	0.0000e+00	0.0000e+00	9.8728e+04	1.4914e+11
	82.6000	2.0000e-01	0.0000e+00	2.8246e+03	0.0000e+00	0.0000e+00	0.0000e+00	1.6525e+06	1.6750e+00	4.8250e+00	6.5000e+00	0.0000e+00	0.0000e+00	9.8728e+04	1.4914e+11
	83.1000	2.0000e-01	0.0000e+00	2.8247e+03	0.0000e+00	0.0000e+00	0.0000e+00	1.6526e+06	1.6752e+00	4.8248e+00	6.5000e+00	0.0000e+00	0.0000e+00	9.8728e+04	1.4914e+11
	83.6000	2.0000e-01	0.0000e+00	2.8249e+03	0.0000e+00	0.0000e+00	0.0000e+00	1.6527e+06	1.6755e+00	4.8245e+00	6.5000e+00	0.0000e+00	0.0000e+00	9.8728e+04	1.4914e+11
	84.1000	2.0000e-01	0.0000e+00	2.8250e+03	0.0000e+00	0.0000e+00	0.0000e+00	1.6527e+06	1.6758e+00	4.8242e+00	6.5000e+00	0.0000e+00	0.0000e+00	9.8728e+04	1.4914e+11
	84.6000	2.0000e-01	0.0000e+00	2.8252e+03	0.0000e+00	0.0000e+00	0.0000e+00	1.6528e+06	1.6760e+00	4.8240e+00	6.5000e+00	0.0000e+00	0.0000e+00	9.8728e+04	1.4914e+11
	85.1000	2.0000e-01	0.0000e+00	2.8253e+03	0.0000e+00	0.0000e+00	0.0000e+00	1.6529e+06	1.6763e+00	4.8237e+00	6.5000e+00	0.0000e+00	0.0000e+00	9.8728e+04	1.4914e+11
	85.6000	2.0000e-01	0.0000e+00	2.8255e+03	0.0000e+00	0.0000e+00	0.0000e+00	1.6530e+06	1.6765e+00	4.8235e+00	6.5000e+00	0.0000e+00	0.0000e+00	9.8728e+04	1.4914e+11
	86.1000	2.0000e-01	0.0000e+00	2.8256e+03	0.0000e+00	0.0000e+00	0.0000e+00	1.6531e+06	1.6768e+00	4.8232e+00	6.5000e+00	0.0000e+00	0.0000e+00	9.8728e+04	1.4914e+11
	86.6000	2.0000e-01	0.0000e+00	2.8258e+03	0.0000e+00	0.0000e+00	0.0000e+00	1.6532e+06	1.6771e+00	4.8229e+00	6.5000e+00	0.0000e+00	0.0000e+00	9.8728e+04	1.4914e+11
	87.1000	2.0000e-01	0.0000e+00	2.8259e+03	0.0000e+00	0.0000e+00	0.0000e+00	1.6533e+06	1.6773e+00	4.8227e+00	6.5000e+00	0.0000e+00	0.0000e+00	9.8728e+04	1.4914e+11
	87.6000	2.0000e-01	0.0000e+00	2.8261e+03	0.0000e+00	0.0000e+00	0.0000e+00	1.6533e+06	1.6776e+00	4.8224e+00	6.5000e+00	0.0000e+00	0.0000e+00	9.8728e+04	1.4914e+11
	88.1000	2.0000e-01	0.0000e+00	2.8262e+03	0.0000e+00	0.0000e+00	0.0000e+00	1.6534e+06	1.6778e+00	4.8222e+00	6.5000e+00	0.0000e+00	0.0000e+00	9.8728e+04	1.4914e+11
	88.6000	2.0000e-01	0.0000e+00	2.8264e+03	0.0000e+00	0.0000e+00	0.0000e+00	1.6535e+06	1.6781e+00	4.8219e+00	6.5000e+00	0.0000e+00	0.0000e+00	9.8728e+04	1.4914e+11
	89.1000	2.0000e-01	0.0000e+00	2.8265e+03	0.0000e+00	0.0000e+00	0.0000e+00	1.6536e+06	1.6784e+00	4.8216e+00	6.5000e+00	0.0000e+00	0.0000e+00	9.8728e+04	1.4914e+11
	89.6000	2.0000e-01	0.0000e+00	2.8267e+03	0.0000e+00	0.0000e+00	0.0000e+00	1.6537e+06	1.6786e+00	4.8214e+00	6.5000e+00	0.0000e+00	0.0000e+00	9.8728e+04	1.4914e+11
	90.1000	2.0000e-01	0.0000e+00	2.8268e+03	0.0000e+00	0.0000e+00	0.0000e+00	1.6538e+06	1.6789e+00	4.8211e+00	6.5000e+00	0.0000e+00	0.0000e+00	9.8728e+04	1.4914e+11
	90.6000	2.0000e-01	0.0000e+00	2.8270e+03	0.0000e+00	0.0000e+00	0.0000e+00	1.6538e+06	1.6792e+00	4.8208e+00	6.5000e+00	0.0000e+00	0.0000e+00	9.8728e+04	1.4914e+11
	91.1000	2.0000e-01	0.0000e+00	2.8271e+03	0.0000e+00	0.0000e+00	0.0000e+00	1.6539e+06	1.6794e+00	4.8206e+00	6.5000e+00	0.0000e+00	0.0000e+00	9.8728e+04	1.4914e+11
	91.6000	2.0000e-01	0.0000e+00	2.8273e+03	0.0000e+00	0.0000e+00	0.0000e+00	1.6540e+06	1.6797e+00	4.8203e+00	6.5000e+00	0.0000e+00	0.0000e+00	9.8728e+04	1.4914e+11
	92.1000	2.0000e-01	0.0000e+00	2.8274e+03	0.0000e+00	0.0000e+00	0.0000e+00	1.6541e+06	1.6800e+00	4.8200e+00	6.5000e+00	0.0000e+00	0.0000e+00	9.8728e+04	1.4914e+11
	92.6000	2.0000e-01	0.0000e+00	2.8276e+03	0.0000e+00	0.0000e+00	0.0000e+00	1.6542e+06	1.6802e+00	4.8198e+00	6.5000e+00	0.0000e+00	0.0000e+00	9.8728e+04	1.4914e+11
	93.1000	2.0000e-01	0.0000e+00	2.8277e+03	0.0000e+00	0.0000e+00	0.0000e+00	1.6543e+06	1.6805e+00	4.8195e+00	6.5000e+00	0.0000e+00	0.0000e+00	9.8728e+04	1.4914e+11
	93.6000	2.0000e-01	0.0000e+00	2.8279e+03	0.0000e+00	0.0000e+00	0.0000e+00	1.6543e+06	1.6808e+00	4.8192e+00	6.5000e+00	0.0000e+00	0.0000e+00	9.8728e+04	1.4914e+11
	94.1000	2.0000e-01	0.0000e+00	2.8280e+03	0.0000e+00	0.0000e+00	0.0000e+00	1.6544e+06	1.6810e+00	4.8190e+00	6.5000e+00	0.0000e+00	0.0000e+00	9.8728e+04	1.4914e+11
	94.6000	2.0000e-01	0.0000e+00	2.8282e+03	0.0000e+00	0.0000e+00	0.0000e+00	1.6545e+06	1.6813e+00	4.8187e+00	6.5000e+00	0.0000e+00	0.0000e+00	9.8728e+04	1.4914e+11
	95.1000	2.0000e-01	0.0000e+00	2.8283e+03	0.0000e+00	0.0000e+00	0.0000e+00	1.6546e+06	1.6816e+00	4.8184e+00	6.5000e+00	0.0000e+00	0.0000e+00	9.8728e+04	1.4914e+11
	95.6000	2.0000e-01	0.0000e+00	2.8285e+03	0.0000e+00	0.0000e+00	0.0000e+00	1.6547e+06	1.6818e+00	4.8182e+00	6.5000e+00	0.0000e+00	0.0000e+00	9.8728e+04	1.4914e+11
	96.1000	2.0000e-01	0.0000e+00	2.8286e+03	0.0000e+00	0.0000e+00	0.0000e+00	1.6548e+06	1.6821e+00	4.8179e+00	6.5000e+00	0.0000e+00	0.0000e+00	9.8728e+04	1.4914e+11
	96.6000	2.0000e-01	0.0000e+00	2.8288e+03	0.0000e+00	0.0000e+00	0.0000e+00	1.6548e+06	1.6824e+00	4.8176e+00	6.5000e+00	0.0000e+00	0.0000e+00	9.8728e+04	1.4914e+11
	97.1000	2.0000e-01	0.0000e+00	2.8289e+03	0.0000e+00	0.0000e+00	0.0000e+00	1.6549e+06	1.6826e+00	4.8174e+00	6.5000e+00	0.0000e+00	0.0000e+00	9.8728e+04	1.4914e+11
	97.6000	2.0000e-01	0.0000e+00	2.8291e+03	0.0000e+00	0.0000e+00	0.0000e+00	1.6550e+06	1.6829e+00	4.8171e+00	6.5000e+00	0.0000e+00	0.0000e+00	9.8728e+04	1.4914e+11
	98.1000	2.0000e-01	0.0000e+00	2.8292e+03	0.0000e+00	0.0000e+00	0.0000e+00	1.6551e+06	1.6832e+00	4.8168e+00	6.5000e+00	0.0000e+00	0.0000e+00	9.8728e+04	1.4914e+11
	98.6000	2.0000e-01	0.0000e+00	2.8294e+03	0.0000e+00	0.0000e+00	0.0000e+00	1.6552e+06	1.6834e+00	4.8166e+00	6.5000e+00	0.0000e+00	0.0000e+00	9.8728e+04	1.4914e+11
	99.1000	2.0000e-01	0.0000e+00	2.8295e+03	0.0000e+00	0.0000e+00	0.0000e+00	1.6553e+06	1.6837e+00	4.8163e+00	6.5000e+00	0.0000e+00	0.0000e+00	9.8728e+04	1.4914e+11
	99.6000	2.0000e-01	0.0000e+00	2.8296e+03	0.0000e+00	0.0000e+00	0.0000e+00	1.6554e+06	1.6840e+00	4.8160e+00	6.5000e+00	0.0000e+00	0.0000e+00	9.8728e+04	1.4914e+11
	100.1000	2.0000e-01	0.0000e+00	2.8298e+03	0.0000e+00	0.0000e+00	0.0000e+00	1.6554e+06	1.6842e+00	4.8158e+00	6.5000e+00	0.0000e+00	0.0000e+00	9.8728e+04	1.4914e+11
	100.5600	2.0000e-01	0.0000e+00	2.8299e+03	0.0000e+00	0.0000e+00	0.0000e+00	1.6555e+06	1.6844e+00	4.8156e+00	6.5000e+00	0.0000e+00	0.0000e+00	9.8728e+04	1.4914e+11
	101.6400	2.0000e-01	0.0000e+00	2.8303e+03	0.0000e+00	0.0000e+00	0.0000e+00	1.6557e+06	1.6850e+00	4.8150e+00	6.5000e+00	0.0000e+00	0.0000e+00	9.8728e+04	1.4914e+11
	102.6480	2.0000e-01	0.0000e+00	2.8306e+03	0.0000e+00	0.0000e+00	0.0000e+00	1.6559e+06	1.6856e+00	4.8144e+00	6.5000e+00	0.0000e+00	0.0000e+00	9.8728e+04	1.4914e+11
	103.6502	2.0000e-01	0.0000e+00	2.8309e+03	0.0000e+00	0.0000e+00	0.0000e+00	1.6560e+06	1.6861e+00	4.8139e+00	6.5000e+00	0.0000e+00	0.0000e+00	9.8728e+04	1.4914e+11
	104.5626	2.0000e-01	0.0000e+00	2.8311e+03	0.0000e+00	0.0000e+00	0.0000e+00	1.6562e+06	1.6865e+00	4.8135e+00	6.5000e+00	0.0000e+00	0.0000e+00	9.8728e+04	1.4914e+11
	105.5580	2.0000e-01	0.0000e+00	2.8314e+03	0.0000e+00	0.0000e+00	0.0000e+00	1.6564e+06	1.6870e+00	4.8130e+00	6.5000e+00	0.0000e+00	0.0000e+00	9.8728e+04	1.4914e+11
	106.7523	2.0000e-01	0.0000e+00	2.8318e+03	0.0000e+00	0.0000e+00	0.0000e+00	1.6566e+06	1.6877e+00	4.8123e+00	6.5000e+00	0.0000e+00	0.0000e+00	9.8728e+04	1.4914e+11
	107.7079	2.0000e-01	0.0000e+00	2.8321e+03	0.0000e+00	0.0000e+00	0.0000e+00	1.6567e+06	1.6881e+00	4.8119e+00	6.5000e+00	0.0000e+00	0.0000e+00	9.8728e+04	1.4914e+11
	108.7828	2.0000e-01	0.0000e+00	2.8324e+03	0.0000e+00	0.0000e+00	0.0000e+00	1.6569e+06	1.6887e+00	4.8113e+00	6.5000e+00	0.0000e+00	0.0000e+00	9.8728e+04	1.4914e+11
	109.9294	2.0000e-01	0.0000e+00	2.8327e+03	0.0000e+00	0.0000e+00	0.0000e+00	1.6571e+06	1.6894e+00	4.8106e+00	6.5000e+00	0.0000e+00	0.0000e+00	9.8728e+04	1.4914e+11
	110.7894	2.0000e-01	0.0000e+00	2.8330e+03	0.0000e+00	0.0000e+00	0.0000e+00	1.6572e+06	1.6898e+00	4.8102e+00	6.5000e+00	0.0000e+00	0.0000e+00	9.8728e+04	1.4914e+11
	111.6494	2.0000e-01	0.0000e+00	2.8332e+03	0.0000e+00	0.0000e+00	0.0000e+00	1.6574e+06	1.6903e+00	4.8097e+00	6.5000e+00	0.0000e+00	0.0000e+00	9.8728e+04	1.4914e+11
	112.5793	2.0000e-01	0.0000e+00	2.8335e+03	0.0000e+00	0.0000e+00	0.0000e+00	1.6575e+06	1.6907e+00	4.8093e+00	6.5000e+00	0.0000e+00	0.0000e+00	9.8728e+04	1.4914e+11
	113.5793	2.0000e-01	0.0000e+00	2.8338e+03	0.0000e+00	0.0000e+00	0.0000e+00	1.6577e+06	1.6913e+00	4.8087e+00	6.5000e+00	0.0000e+00	0.0000e+00	9.8728e+04	1.4914e+11
	114.5793	2.0000e-01	0.0000e+00	2.8341e+03	0.0000e+00	0.0000e+00	0.0000e+00	1.6579e+06	1.6918e+00	4.8082e+00	6.5000e+00	0.0000e+00	0.0000e+00	9.8728e+04	1.4914e+11
	115.5793	2.0000e-01	0.0000e+00	2.8344e+03	0.0000e+00	0.0000e+00	0.0000e+00	1.6580e+06	1.6924e+00	4.8076e+00	6.5000e+00	0.0000e+00	0.0000e+00	9.8728e+04	1.4914e+11
	116.5793	2.0000e-01	0.0000e+00	2.8347e+03	0.0000e+00	0.0000e+00	0.0000e+00	1.6582e+06	1.6929e+00	4.8071e+00	6.5000e+00	0.0000e+00	0.0000e+00	9.8728e+04	1.4914e+11
	117.5793	2.0000e-01	0.0000e+00	2.8350e+03	0.0000e+00	0.0000e+00	0.0000e+00	1.6584e+06	1.6934e+00	4.8066e+00	6.5000e+00	0.0000e+00	0.0000e+00	9.8728e+04	1.4914e+11
	118.5793	2.0000e-01	0.0000e+00	2.8353e+03	0.0000e+00	0.0000e+00	0.0000e+00	1.6585e+06	1.6940e+00	4.8060e+00	6.5000e+00	0.0000e+00	0.0000e+00	9.8728e+04	1.4914e+11
	119.5793	2.0000e-01	0.0000e+00	2.8356e+03	0.0000e+00	0.0000e+00	0.0000e+00	1.6587e+06	1.6945e+00	4.8055e+00	6.5000e+00	0.0000e+00	0.0000e+00	9.8728e+04	1.4914e+11
	120.5793	2.0000e-01	0.0000e+00	2.8359e+03	0.0000e+00	0.0000e+00	0.0000e+00	1.6589e+06	1.6951e+00	4.8049e+00	6.5000e+00	0.0000e+00	0.0000e+00	9.8728e+04	1.4914e+11
	121.5793	2.0000e-01	0.0000e+00	2.8362e+03	0.0000e+00	0.0000e+00	0.0000e+00	1.6590e+06	1.6956e+00	4.8044e+00	6.5000e+00	0.0000e+00	0.0000e+00	9.8728e+04	1.4914e+11
	122.5793	2.0000e-01	0.0000e+00	2.8365e+03	0.0000e+00	0.0000e+00	0.0000e+00	1.6592e+06	1.6962e+00	4.8038e+00	6.5000e+00	0.0000e+00	0.0000e+00	9.8728e+04	1.4914e+11
	123.5793	2.0000e-01	0.0000e+00	2.8368e+03	0.0000e+00	0.0000e+00	0.0000e+00	1.6594e+06	1.6967e+00	4.8033e+00	6.5000e+00	0.0000e+00	0.0000e+00	9.8728e+04	1.4914e+11
	124.5793	2.0000e-01	0.0000e+00	2.8371e+03	0.0000e+00	0.0000e+00	0.0000e+00	1.6595e+06	1.6972e+00	4.8028e+00	6.5000e+00	0.0000e+00	0.0000e+00	9.8728e+04	1.4914e+11
	125.5793	2.0000e-01	0.0000e+00	2.8374e+03	0.0000e+00	0.0000e+00	0.0000e+00	1.6597e+06	1.6978e+00	4.8022e+00	6.5000e+00	0.0000e+00	0.0000e+00	9.8728e+04	1.4914e+11
	126.5793	2.0000e-01	0.0000e+00	2.8377e+03	0.0000e+00	0.0000e+00	0.0000e+00	1.6599e+06	1.6983e+00	4.8017e+00	6.5000e+00	0.0000e+00	0.0000e+00	9.8728e+04	1.4914e+11
	127.5793	2.0000e-01	0.0000e+00	2.8380e+03	0.0000e+00	0.0000e+00	0.0000e+00	1.6601e+06	1.6989e+00	4.8011e+00	6.5000e+00	0.0000e+00	0.0000e+00	9.8728e+04	1.4914e+11
	128.5793	2.0000e-01	0.0000e+00	2.8383e+03	0.0000e+00	0.0000e+00	0.0000e+00	1.6602e+06	1.6994e+00	4.8006e+00	6.5000e+00	0.0000e+00	0.0000e+00	9.8728e+04	1.4914e+11
	129.5793	2.0000e-01	0.0000e+00	2.8386e+03	0.0000e+00	0.0000e+00	0.0000e+00	1.6604e+06	1.6999e+00	4.8001e+00	6.5000e+00	0.0000e+00	0.0000e+00	9.8728e+04	1.4914e+11
	130.5793	2.0000e-01	0.0000e+00	2.8389e+03	0.0000e+00	0.0000e+00	0.0000e+00	1.6606e+06	1.7005e+00	4.7995e+00	6.5000e+00	0.0000e+00	0.0000e+00	9.8728e+04	1.4914e+11
	131.5793	2.0000e-01	0.0000e+00	2.8392e+03	0.0000e+00	0.0000e+00	0.0000e+00	1.6607e+06	1.7010e+00	4.7990e+00	6.5000e+00	0.0000e+00	0.0000e+00	9.8728e+04	1.4914e+11
	132.5793	2.0000e-01	0.0000e+00	2.8395e+03	0.0000e+00	0.0000e+00	0.0000e+00	1.6609e+06	1.7016e+00	4.7984e+00	6.5000e+00	0.0000e+00	0.0000e+00	9.8728e+04	1.4914e+11
	133.5793	2.0000e-01	0.0000e+00	2.8398e+03	0.0000e+00	0.0000e+00	0.0000e+00	1.6611e+06	1.7021e+00	4.7979e+00	6.5000e+00	0.0000e+00	0.0000e+00	9.8728e+04	1.4914e+11
	134.5793	2.0000e-01	0.0000e+00	2.8401e+03	0.0000e+00	0.0000e+00	0.0000e+00	1.6612e+06	1.7027e+00	4.7973e+00	6.5000e+00	0.0000e+00	0.0000e+00	9.8728e+04	1.4914e+11
	135.5793	2.0000e-01	0.0000e+00	2.8403e+03	0.0000e+00	0.0000e+00	0.0000e+00	1.6614e+06	1.7032e+00	4.7968e+00	6.5000e+00	0.0000e+00	0.0000e+00	9.8728e+04	1.4914e+11
	136.5793	2.0000e-01	0.0000e+00	2.8406e+03	0.0000e+00	0.0000e+00	0.0000e+00	1.6616e+06	1.7037e+00	4.7963e+00	6.5000e+00	0.0000e+00	0.0000e+00	9.8728e+04	1.4914e+11
	137.5793	2.0000e-01	0.0000e+00	2.8409e+03	0.0000e+00	0.0000e+00	0.0000e+00	1.6617e+06	1.7043e+00	4.7957e+00	6.5000e+00	0.0000e+00	0.0000e+00	9.8728e+04	1.4914e+11
	138.5793	2.0000e-01	0.0000e+00	2.8412e+03	0.0000e+00	0.0000e+00	0.0000e+00	1.6619e+06	1.7048e+00	4.7952e+00	6.5000e+00	0.0000e+00	0.0000e+00	9.8728e+04	1.4914e+11
	139.5793	2.0000e-01	0.0000e+00	2.8415e+03	0.0000e+00	0.0000e+00	0.0000e+00	1.6621e+06	1.7054e+00	4.7946e+00	6.5000e+00	0.0000e+00	0.0000e+00	9.8728e+04	1.4914e+11
	140.5793	2.0000e-01	0.0000e+00	2.8418e+03	0.0000e+00	0.0000e+00	0.0000e+00	1.6622e+06	1.7059e+00	4.7941e+00	6.5000e+00	0.0000e+00	0.0000e+00	9.8728e+04	1.4914e+11
	141.5793	2.0000e-01	0.0000e+00	2.8421e+03	0.0000e+00	0.0000e+00	0.0000e+00	1.6624e+06	1.7065e+00	4.7935e+00	6.5000e+00	0.0000e+00	0.0000e+00	9.8728e+04	1.4914e+11
	142.5793	2.0000e-01	0.0000e+00	2.8424e+03	0.0000e+00	0.0000e+00	0.0000e+00	1.6626e+06	1.7070e+00	4.7930e+00	6.5000e+00	0.0000e+00	0.0000e+00	9.8728e+04	1.4914e+11
	143.5793	2.0000e-01	0.0000e+00	2.8427e+03	0.0000e+00	0.0000e+00	0.0000e+00	1.6627e+06	1.7076e+00	4.7924e+00	6.5000e+00	0.0000e+00	0.0000e+00	9.8728e+04	1.4914e+11
	144.5793	2.0000e-01	0.0000e+00	2.8430e+03	0.0000e+00	0.0000e+00	0.0000e+00	1.6629e+06	1.7081e+00	4.7919e+00	6.5000e+00	0.0000e+00	0.0000e+00	9.8728e+04	1.4914e+11
	145.5793	2.0000e-01	0.0000e+00	2.8433e+03	0.0000e+00	0.0000e+00	0.0000e+00	1.6631e+06	1.7086e+00	4.7914e+00	6.5000e+00	0.0000e+00	0.0000e+00	9.8728e+04	1.4914e+11
	146.5793	2.0000e-01	0.0000e+00	2.8436e+03	0.0000e+00	0.0000e+00	0.0000e+00	1.6632e+06	1.7092e+00	4.7908e+00	6.5000e+00	0.0000e+00	0.0000e+00	9.8728e+04	1.4914e+11
	147.5793	2.0000e-01	0.0000e+00	2.8439e+03	0.0000e+00	0.0000e+00	0.0000e+00	1.6634e+06	1.7097e+00	4.7903e+00	6.5000e+00	0.0000e+00	0.0000e+00	9.8728e+04	1.4914e+11
	148.5793	2.0000e-01	0.0000e+00	2.8442e+03	0.0000e+00	0.0000e+00	0.0000e+00	1.6636e+06	1.7103e+00	4.7897e+00	6.5000e+00	0.0000e+00	0.0000e+00	9.8728e+04	1.4914e+11
	149.5793	2.0000e-01	0.0000e+00	2.8445e+03	0.0000e+00	0.0000e+00	0.0000e+00	1.6637e+06	1.7108e+00	4.7892e+00	6.5000e+00	0.0000e+00	0.0000e+00	9.8728e+04	1.4914e+11
	150.5793	2.0000e-01	0.0000e+00	2.8448e+03	0.0000e+00	0.0000e+00	0.0000e+00	1.6639e+06	1.7114e+00	4.7886e+00	6.5000e+00	0.0000e+00	0.0000e+00	9.8728e+04	1.4914e+11
	151.5793	2.0000e-01	0.0000e+00	2.8451e+03	0.0000e+00	0.0000e+00	0.0000e+00	1.6641e+06	1.7119e+00	4.7881e+00	6.5000e+00	0.0000e+00	0.0000e+00	9.8728e+04	1.4914e+11
	152.5793	2.0000e-01	0.0000e+00	2.8454e+03	0.0000e+00	0.0000e+00	0.0000e+00	1.6643e+06	1.7125e+00	4.7875e+00	6.5000e+00	0.0000e+00	0.0000e+00	9.8728e+04	1.4914e+11
	153.5793	2.0000e-01	0.0000e+00	2.8457e+03	0.0000e+00	0.0000e+00	0.0000e+00	1.6644e+06	1.7130e+00	4.7870e+00	6.5000e+00	0.0000e+00	0.0000e+00	9.8728e+04	1.4914e+11
	154.5793	2.0000e-01	0.0000e+00	2.8460e+03	0.0000e+00	0.0000e+00	0.0000e+00	1.6646e+06	1.7135e+00	4.7865e+00	6.5000e+00	0.0000e+00	0.0000e+00	9.8728e+04	1.4914e+11
	155.5793	2.0000e-01	0.0000e+00	2.8463e+03	0.0000e+00	0.0000e+00	0.0000e+00	1.6648e+06	1.7141e+00	4.7859e+00	6.5000e+00	0.0000e+00	0.0000e+00	9.8728e+04	1.4914e+11
	156.5793	2.0000e-01	0.0000e+00	2.8466e+03	0.0000e+00	0.0000e+00	0.0000e+00	1.6649e+06	1.7146e+00	4.7854e+00	6.5000e+00	0.0000e+00	0.0000e+00	9.8728e+04	1.4914e+11
	157.5793	2.0000e-01	0.0000e+00	2.8469e+03	0.0000e+00	0.0000e+00	0.0000e+00	1.6651e+06	1.7152e+00	4.7848e+00	6.5000e+00	0.0000e+00	0.0000e+00	9.8728e+04	1.4914e+11
	158.5793	2.0000e-01	0.0000e+00	2.8472e+03	0.0000e+00	0.0000e+00	0.0000e+00	1.6653e+06	1.7157e+00	4.7843e+00	6.5000e+00	0.0000e+00	0.0000e+00	9.8728e+04	1.4914e+11
	159.5793	2.0000e-01	0.0000e+00	2.8475e+03	0.0000e+00	0.0000e+00	0.0000e+00	1.6654e+06	1.7162e+00	4.7838e+00	6.5000e+00	0.0000e+00	0.0000e+00	9.8728e+04	1.4914e+11
	160.5793	2.0000e-01	0.0000e+00	2.8478e+03	0.0000e+00	0.0000e+00	0.0000e+00	1.6656e+06	1.7167e+00	4.7833e+00	6.5000e+00	0.0000e+00	0.0000e+00	9.8728e+04	1.4914e+11
	161.5793	2.0000e-01	0.0000e+00	2.8481e+03	0.0000e+00	0.0000e+00	0.0000e+00	1.6658e+06	1.7172e+00	4.7828e+00	6.5000e+00	0.0000e+00	0.0000e+00	9.8728e+04	1.4914e+11
	162.5793	2.0000e-01	0.0000e+00	2.8484e+03	0.0000e+00	0.0000e+00	0.0000e+00	1.6659e+06	1.7177e+00	4.7823e+00	6.5000e+00	0.0000e+00	0.0000e+00	9.8728e+04	1.4914e+11
	163.5793	2.0000e-01	0.0000e+00	2.8487e+03	0.0000e+00	0.0000e+00	0.0000e+00	1.6661e+06	1.7182e+00	4.7818e+00	6.5000e+00	0.0000e+00	0.0000e+00	9.8728e+04	1.4914e+11
	164.5793	2.0000e-01	0.0000e+00	2.8490e+03	0.0000e+00	0.0000e+00	0.0000e+00	1.6663e+06	1.7187e+00	4.7813e+00	6.5000e+00	0.0000e+00	0.0000e+00	9.8728e+04	1.4914e+11
	165.5793	2.0000e-01	0.0000e+00	2.8493e+03	0.0000e+00	0.0000e+00	0.0000e+00	1.6664e+06	1.7192e+00	4.7808e+00	6.5000e+00	0.0000e+00	0.0000e+00	9.8728e+04	1.4914e+11
	166.5793	2.0000e-01	0.0000e+00	2.8496e+03	0.0000e+00	0.0000e+00	0.0000e+00	1.6666e+06	1.7197e+00	4.7803e+00	6.5000e+00	0.0000e+00	0.0000e+00	9.8728e+04	1.4914e+11
	167.5793	2.0000e-01	0.0000e+00	2.8499e+03	0.0000e+00	0.0000e+00	0.0000e+00	1.6668e+06	1.7202e+00	4.7798e+00	6.5000e+00	0.0000e+00	0.0000e+00	9.8728e+04	1.4914e+11
	168.5793	2.0000e-01	0.0000e+00	2.8502e+03	0.0000e+00	0.0000e+00	0.0000e+00	1.6669e+06	1.7207e+00	4.7793e+00	6.5000e+00	0.0000e+00	0.0000e+00	9.8728e+04	1.4914e+11
	169.5793	2.0000e-01	0.0000e+00	2.8505e+03	0.0000e+00	0.0000e+00	0.0000e+00	1.6671e+06	1.7212e+00	4.7788e+00	6.5000e+00	0.0000e+00	0.0000e+00	9.8728e+04	1.4914e+11
	170.5793	2.0000e-01	0.0000e+00	2.8507e+03	0.0000e+00	0.0000e+00	0.0000e+00	1.6673e+06	1.7217e+00	4.7783e+00	6.5000e+00	0.0000e+00	0.0000e+00	9.8728e+04	1.4914e+11
	171.5793	2.0000e-01	0.0000e+00	2.8510e+03	0.0000e+00	0.0000e+00	0.0000e+00	1.6674e+06	1.7222e+00	4.7778e+00	6.5000e+00	0.0000e+00	0.0000e+00	9.8728e+04	1.4914e+11
	172.5793	2.0000e-01	0.0000e+00	2.8513e+03	0.0000e+00	0.0000e+00	0.0000e+00	1.6676e+06	1.7227e+00	4.7773e+00	6.5000e+00	0.0000e+00	0.0000e+00	9.8728e+04	1.4914e+11
	173.5793	2.0000e-01	0.0000e+00	2.8516e+03	0.0000e+00	0.0000e+00	0.0000e+00	1.6678e+06	1.7232e+00	4.7768e+00	6.5000e+00	0.0000e+00	0.0000e+00	9.8728e+04	1.4914e+11
	174.5793	2.0000e-01	0.0000e+00	2.8519e+03	0.0000e+00	0.0000e+00	0.0000e+00	1.6679e+06	1.7237e+00	4.7763e+00	6.5000e+00	0.0000e+00	0.0000e+00	9.8728e+04	1.4914e+11
	175.5793	2.0000e-01	0.0000e+00	2.8522e+03	0.0000e+00	0.0000e+00	0.0000e+00	1.6681e+06	1.7242e+00	4.7758e+00	6.5000e+00	0.0000e+00	0.0000e+00	9.8728e+04	1.4914e+11
	176.5793	2.0000e-01	0.0000e+00	2.8525e+03	0.0000e+00	0.0000e+00	0.0000e+00	1.6683e+06	1.7247e+00	4.7753e+00	6.5000e+00	0.0000e+00	0.0000e+00	9.8728e+04	1.4914e+11
	177.5793	2.0000e-01	0.0000e+00	2.8528e+03	0.0000e+00	0.0000e+00	0.0000e+00	1.6684e+06	1.7252e+00	4.7748e+00	6.5000e+00	0.0000e+00	0.0000e+00	9.8728e+04	1.4914e+11
	178.5793	2.0000e-01	0.0000e+00	2.8531e+03	0.0000e+00	0.0000e+00	0.0000e+00	1.6686e+06	1.7257e+00	4.7743e+00	6.5000e+00	0.0000e+00	0.0000e+00	9.8728e+04	1.4914e+11
	179.5793	2.0000e-01	0.0000e+00	2.8534e+03	0.0000e+00	0.0000e+00	0.0000e+00	1.6688e+06	1.7262e+00	4.7738e+00	6.5000e+00	0.0000e+00	0.0000e+00	9.8728e+04	1.4914e+11
	180.5793	2.0000e-01	0.0000e+00	2.8537e+03	0.0000e+00	0.0000e+00	0.0000e+00	1.6690e+06	1.7266e+00	4.7734e+00	6.5000e+00	0.0000e+00	0.0000e+00	9.8728e+04	1.4914e+11
	181.5793	2.0000e-01	0.0000e+00	2.8540e+03	0.0000e+00	0.0000e+00	0.0000e+00	1.6691e+06	1.7271e+00	4.7729e+00	6.5000e+00	0.0000e+00	0.0000e+00	9.8728e+04	1.4914e+11
	182.5793	2.0000e-01	0.0000e+00	2.8543e+03	0.0000e+00	0.0000e+00	0.0000e+00	1.6693e+06	1.7276e+00	4.7724e+00	6.5000e+00	0.0000e+00	0.0000e+00	9.8728e+04	1.4914e+11
	183.5793	2.0000e-01	0.0000e+00	2.8546e+03	0.0000e+00	0.0000e+00	0.0000e+00	1.6695e+06	1.7281e+00	4.7719e+00	6.5000e+00	0.0000e+00	0.0000e+00	9.8728e+04	1.4914e+11
	184.5793	2.0000e-01	0.0000e+00	2.8549e+03	0.0000e+00	0.0000e+00	0.0000e+00	1.6696e+06	1.7286e+00	4.7714e+00	6.5000e+00	0.0000e+00	0.0000e+00	9.8728e+04	1.4914e+11
	185.5793	2.0000e-01	0.0000e+00	2.8552e+03	0.0000e+00	0.0000e+00	0.0000e+00	1.6698e+06	1.7291e+00	4.7709e+00	6.5000e+00	0.0000e+00	0.0000e+00	9.8728e+04	1.4914e+11
	186.5793	2.0000e-01	0.0000e+00	2.8555e+03	0.0000e+00	0.0000e+00	0.0000e+00	1.6700e+06	1.7296e+00	4.7704e+00	6.5000e+00	0.0000e+00	0.0000e+00	9.8728e+04	1.4914e+11
	187.5793	2.0000e-01	0.0000e+00	2.8558e+03	0.0000e+00	0.0000e+00	0.0000e+00	1.6701e+06	1.7302e+00	4.7698e+00	6.5000e+00	0.0000e+00	0.0000e+00	9.8728e+04	1.4914e+11
	188.5793	2.0000e-01	0.0000e+00	2.8561e+03	0.0000e+00	0.0000e+00	0.0000e+00	1.6703e+06	1.7307e+00	4.7693e+00	6.5000e+00	0.0000e+00	0.0000e+00	9.8728e+04	1.4914e+11
	189.5793	2.0000e-01	0.0000e+00	2.8564e+03	0.0000e+00	0.0000e+00	0.0000e+00	1.6705e+06	1.7312e+00	4.7688e+00	6.5000e+00	0.0000e+00	0.0000e+00	9.8728e+04	1.4914e+11
	190.5793	2.0000e-01	0.0000e+00	2.8567e+03	0.0000e+00	0.0000e+00	0.0000e+00	1.6706e+06	1.7317e+00	4.7683e+00	6.5000e+00	0.0000e+00	0.0000e+00	9.8728e+04	1.4914e+11
	191.5793	2.0000e-01	0.0000e+00	2.8570e+03	0.0000e+00	0.0000e+00	0.0000e+00	1.6708e+06	1.7322e+00	4.7678e+00	6.5000e+00	0.0000e+00	0.0000e+00	9.8728e+04	1.4914e+11
	192.5793	2.0000e-01	0.0000e+00	2.8573e+03	0.0000e+00	0.0000e+00	0.0000e+00	1.6710e+06	1.7327e+00	4.7673e+00	6.5000e+00	0.0000e+00	0.0000e+00	9.8728e+04	1.4914e+11
	193.5793	2.0000e-01	0.0000e+00	2.8576e+03	0.0000e+00	0.0000e+00	0.0000e+00	1.6711e+06	1.7332e+00	4.7668e+00	6.5000e+00	0.0000e+00	0.0000e+00	9.8728e+04	1.4914e+11
	194.5793	2.0000e-01	0.0000e+00	2.8579e+03	0.0000e+00	0.0000e+00	0.0000e+00	1.6713e+06	1.7336e+00	4.7664e+00	6.5000e+00	0.0000e+00	0.0000e+00	9.8728e+04	1.4914e+11
	195.5793	2.0000e-01	0.0000e+00	2.8582e+03	0.0000e+00	0.0000e+00	0.0000e+00	1.6715e+06	1.7341e+00	4.7659e+00	6.5000e+00	0.0000e+00	0.0000e+00	9.8728e+04	1.4914e+11
	196.5793	2.0000e-01	0.0000e+00	2.8585e+03	0.0000e+00	0.0000e+00	0.0000e+00	1.6716e+06	1.7345e+00	4.7655e+00	6.5000e+00	0.0000e+00	0.0000e+00	9.8728e+04	1.4914e+11
	197.5793	2.0000e-01	0.0000e+00	2.8588e+03	0.0000e+00	0.0000e+00	0.0000e+00	1.6718e+06	1.7350e+00	4.7650e+00	6.5000e+00	0.0000e+00	0.0000e+00	9.8728e+04	1.4914e+11
	198.5793	2.0000e-01	0.0000e+00	2.8591e+03	0.0000e+00	0.0000e+00	0.0000e+00	1.6720e+06	1.7354e+00	4.7646e+00	6.5000e+00	0.0000e+00	0.0000e+00	9.8728e+04	1.4914e+11
	199.5793	2.0000e-01	0.0000e+00	2.8594e+03	0.0000e+00	0.0000e+00	0.0000e+00	1.6721e+06	1.7359e+00	4.7641e+00	6.5000e+00	0.0000e+00	0.0000e+00	9.8728e+04	1.4914e+11
	200.5793	2.0000e-01	0.0000e+00	2.8597e+03	0.0000e+00	0.0000e+00	0.0000e+00	1.6723e+06	1.7363e+00	4.7637e+00	6.5000e+00	0.0000e+00	0.0000e+00	9.8728e+04	1.4914e+11
	205.6793	2.0000e-01	0.0000e+00	2.8612e+03	0.0000e+00	0.0000e+00	0.0000e+00	1.6732e+06	1.7385e+00	4.7615e+00	6.5000e+00	0.0000e+00	0.0000e+00	9.8728e+04	1.4914e+11
	210.8633	2.0000e-01	0.0000e+00	2.8627e+03	0.0000e+00	0.0000e+00	0.0000e+00	1.6740e+06	1.7407e+00	4.7593e+00	6.5000e+00	0.0000e+00	0.0000e+00	9.8728e+04	1.4914e+11
	216.1833	2.0000e-01	0.0000e+00	2.8643e+03	0.0000e+00	0.0000e+00	0.0000e+00	1.6749e+06	1.7431e+00	4.7569e+00	6.5000e+00	0.0000e+00	0.0000e+00	9.8728e+04	1.4914e+11
	221.1833	2.0000e-01	0.0000e+00	2.8658e+03	0.0000e+00	0.0000e+00	0.0000e+00	1.6758e+06	1.7453e+00	4.7547e+00	6.5000e+00	0.0000e+00	0.0000e+00	9.8728e+04	1.4914e+11
	226.1833	2.0000e-01	0.0000e+00	2.8673e+03	0.0000e+00	0.0000e+00	0.0000e+00	1.6766e+06	1.7474e+00	4.7526e+00	6.5000e+00	0.0000e+00	0.0000e+00	9.8728e+04	1.4914e+11
	231.1833	2.0000e-01	0.0000e+00	2.8687e+03	0.0000e+00	0.0000e+00	0.0000e+00	1.6774e+06	1.7494e+00	4.7506e+00	6.5000e+00	0.0000e+00	0.0000e+00	9.8728e+04	1.4914e+11
	236.1833	2.0000e-01	0.0000e+00	2.8702e+03	0.0000e+00	0.0000e+00	0.0000e+00	1.6783e+06	1.7513e+00	4.7487e+00	6.5000e+00	0.0000e+00	0.0000e+00	9.8728e+04	1.4914e+11
	241.1833	2.0000e-01	0.0000e+00	2.8717e+03	0.0000e+00	0.0000e+00	0.0000e+00	1.6791e+06	1.7533e+00	4.7467e+00	6.5000e+00	0.0000e+00	0.0000e+00	9.8728e+04	1.4914e+11
	246.1833	2.0000e-01	0.0000e+00	2.8732e+03	0.0000e+00	0.0000e+00	0.0000e+00	1.6800e+06	1.7552e+00	4.7448e+00	6.5000e+00	0.0000e+00	0.0000e+00	9.8728e+04	1.4914e+11
	251.1833	2.0000e-01	0.0000e+00	2.8747e+03	0.0000e+00	0.0000e+00	0.0000e+00	1.6808e+06	1.7572e+00	4.7428e+00	6.5000e+00	0.0000e+00	0.0000e+00	9.8728e+04	1.4914e+11
	256.1833	2.0000e-01	0.0000e+00	2.8762e+03	0.0000e+00	0.0000e+00	0.0000e+00	1.6816e+06	1.7592e+00	4.7408e+00	6.5000e+00	0.0000e+00	0.0000e+00	9.8728e+04	1.4914e+11
	261.1833	2.0000e-01	0.0000e+00	2.8777e+03	0.0000e+00	0.0000e+00	0.0000e+00	1.6825e+06	1.7611e+00	4.7389e+00	6.5000e+00	0.0000e+00	0.0000e+00	9.8728e+04	1.4914e+11
	266.1833	2.0000e-01	0.0000e+00	2.8791e+03	0.0000e+00	0.0000e+00	0.0000e+00	1.6833e+06	1.7630e+00	4.7370e+00	6.5000e+00	0.0000e+00	0.0000e+00	9.8728e+04	1.4914e+11
	271.1833	2.0000e-01	0.0000e+00	2.8806e+03	0.0000e+00	0.0000e+00	0.0000e+00	1.6841e+06	1.7649e+00	4.7351e+00	6.5000e+00	0.0000e+00	0.0000e+00	9.8728e+04	1.4914e+11
	276.1833	2.0000e-01	0.0000e+00	2.8821e+03	0.0000e+00	0.0000e+00	0.0000e+00	1.6850e+06	1.7667e+00	4.7333e+00	6.5000e+00	0.0000e+00	0.0000e+00	9.8728e+04	1.4914e+11
	281.1833	2.0000e-01	0.0000e+00	2.8836e+03	0.0000e+00	0.0000e+00	0.0000e+00	1.6858e+06	1.7686e+00	4.7314e+00	6.5000e+00	0.0000e+00	0.0000e+00	9.8728e+04	1.4914e+11
	286.1833	2.0000e-01	0.0000e+00	2.8851e+03	0.0000e+00	0.0000e+00	0.0000e+00	1.6867e+06	1.7704e+00	4.7296e+00	6.5000e+00	0.0000e+00	0.0000e+00	9.8728e+04	1.4914e+11
	291.1833	2.0000e-01	0.0000e+00	2.8866e+03	0.0000e+00	0.0000e+00	0.0000e+00	1.6875e+06	1.7722e+00	4.7278e+00	6.5000e+00	0.0000e+00	0.0000e+00	9.8728e+04	1.4914e+11
	296.1833	2.0000e-01	0.0000e+00	2.8880e+03	0.0000e+00	0.0000e+00	0.0000e+00	1.6883e+06	1.7740e+00	4.7260e+00	6.5000e+00	0.0000e+00	0.0000e+00	9.8728e+04	1.4914e+11
	301.1833	2.0000e-01	0.0000e+00	2.8895e+03	0.0000e+00	0.0000e+00	0.0000e+00	1.6892e+06	1.7757e+00	4.7243e+00	6.5000e+00	0.0000e+00	0.0000e+00	9.8728e+04	1.4914e+11
	306.1833	2.0000e-01	0.0000e+00	2.8910e+03	0.0000e+00	0.0000e+00	0.0000e+00	1.6900e+06	1.7773e+00	4.7227e+00	6.5000e+00	0.0000e+00	0.0000e+00	9.8728e+04	1.4914e+11
	311.1833	2.0000e-01	0.0000e+00	2.8925e+03	0.0000e+00	0.0000e+00	0.0000e+00	1.6909e+06	1.7790e+00	4.7210e+00	6.5000e+00	0.0000e+00	0.0000e+00	9.8728e+04	1.4914e+11
	316.1833	2.0000e-01	0.0000e+00	2.8940e+03	0.0000e+00	0.0000e+00	0.0000e+00	1.6917e+06	1.7806e+00	4.7194e+00	6.5000e+00	0.0000e+00	0.0000e+00	9.8728e+04	1.4914e+11
	321.1833	2.0000e-01	0.0000e+00	2.8954e+03	0.0000e+00	0.0000e+00	0.0000e+00	1.6925e+06	1.7822e+00	4.7178e+00	6.5000e+00	0.0000e+00	0.0000e+00	9.8728e+04	1.4914e+11
	326.1833	2.0000e-01	0.0000e+00	2.8969e+03	0.0000e+00	0.0000e+00	0.0000e+00	1.6934e+06	1.7838e+00	4.7162e+00	6.5000e+00	0.0000e+00	0.0000e+00	9.8728e+04	1.4914e+11
	331.1833	2.0000e-01	0.0000e+00	2.8984e+03	0.0000e+00	0.0000e+00	0.0000e+00	1.6942e+06	1.7853e+00	4.7147e+00	6.5000e+00	0.0000e+00	0.0000e+00	9.8728e+04	1.4914e+11
	336.1833	2.0000e-01	0.0000e+00	2.8999e+03	0.0000e+00	0.0000e+00	0.0000e+00	1.6950e+06	1.7869e+00	4.7131e+00	6.5000e+00	0.0000e+00	0.0000e+00	9.8728e+04	1.4914e+11
	341.1833	2.0000e-01	0.0000e+00	2.9014e+03	0.0000e+00	0.0000e+00	0.0000e+00	1.6959e+06	1.7884e+00	4.7116e+00	6.5000e+00	0.0000e+00	0.0000e+00	9.8728e+04	1.4914e+11
	346.1833	2.0000e-01	0.0000e+00	2.9029e+03	0.0000e+00	0.0000e+00	0.0000e+00	1.6967e+06	1.7899e+00	4.7101e+00	6.5000e+00	0.0000e+00	0.0000e+00	9.8728e+04	1.4914e+11
	351.1833	2.0000e-01	0.0000e+00	2.9043e+03	0.0000e+00	0.0000e+00	0.0000e+00	1.6976e+06	1.7915e+00	4.7085e+00	6.5000e+00	0.0000e+00	0.0000e+00	9.8728e+04	1.4914e+11
	356.1833	2.0000e-01	0.0000e+00	2.9058e+03	0.0000e+00	0.0000e+00	0.0000e+00	1.6984e+06	1.7930e+00	4.7070e+00	6.5000e+00	0.0000e+00	0.0000e+00	9.8728e+04	1.4914e+11
	361.1833	2.0000e-01	0.0000e+00	2.9073e+03	0.0000e+00	0.0000e+00	0.0000e+00	1.6992e+06	1.7945e+00	4.7055e+00	6.5000e+00	0.0000e+00	0.0000e+00	9.8728e+04	1.4914e+11
	366.1833	2.0000e-01	0.0000e+00	2.9088e+03	0.0000e+00	0.0000e+00	0.0000e+00	1.7001e+06	1.7960e+00	4.7040e+00	6.5000e+00	0.0000e+00	0.0000e+00	9.8728e+04	1.4914e+11
	371.1833	2.0000e-01	0.0000e+00	2.9103e+03	0.0000e+00	0.0000e+00	0.0000e+00	1.7009e+06	1.7974e+00	4.7026e+00	6.5000e+00	0.0000e+00	0.0000e+00	9.8728e+04	1.4914e+11
	376.1833	2.0000e-01	0.0000e+00	2.9117e+03	0.0000e+00	0.0000e+00	0.0000e+00	1.7017e+06	1.7988e+00	4.7012e+00	6.5000e+00	0.0000e+00	0.0000e+00	9.8728e+04	1.4914e+11
	381.1833	2.0000e-01	0.0000e+00	2.9132e+03	0.0000e+00	0.0000e+00	0.0000e+00	1.7026e+06	1.8002e+00	4.6998e+00	6.5000e+00	0.0000e+00	0.0000e+00	9.8728e+04	1.4914e+11
	386.1833	2.0000e-01	0.0000e+00	2.9147e+03	0.0000e+00	0.0000e+00	0.0000e+00	1.7034e+06	1.8015e+00	4.6985e+00	6.5000e+00	0.0000e+00	0.0000e+00	9.8728e+04	1.4914e+11
	391.1833	2.0000e-01	0.0000e+00	2.9162e+03	0.0000e+00	0.0000e+00	0.0000e+00	1.7042e+06	1.8029e+00	4.6971e+00	6.5000e+00	0.0000e+00	0.0000e+00	9.8728e+04	1.4914e+11
	396.1833	2.0000e-01	0.0000e+00	2.9177e+03	0.0000e+00	0.0000e+00	0.0000e+00	1.7051e+06	1.8042e+00	4.6958e+00	6.5000e+00	0.0000e+00	0.0000e+00	9.8728e+04	1.4914e+11
	401.1833	2.0000e-01	0.0000e+00	2.9191e+03	0.0000e+00	0.0000e+00	0.0000e+00	1.7059e+06	1.8055e+00	4.6945e+00	6.5000e+00	0.0000e+00	0.0000e+00	9.8728e+04	1.4914e+11
	406.1833	2.0000e-01	0.0000e+00	2.9206e+03	0.0000e+00	0.0000e+00	0.0000e+00	1.7068e+06	1.8068e+00	4.6932e+00	6.5000e+00	0.0000e+00	0.0000e+00	9.8728e+04	1.4914e+11
	411.1833	2.0000e-01	0.0000e+00	2.9221e+03	0.0000e+00	0.0000e+00	0.0000e+00	1.7076e+06	1.8081e+00	4.6919e+00	6.5000e+00	0.0000e+00	0.0000e+00	9.8728e+04	1.4914e+11
	416.1833	2.0000e-01	0.0000e+00	2.9236e+03	0.0000e+00	0.0000e+00	0.0000e+00	1.7084e+06	1.8094e+00	4.6906e+00	6.5000e+00	0.0000e+00	0.0000e+00	9.8728e+04	1.4914e+11
	421.1833	2.0000e-01	0.0000e+00	2.9251e+03	0.0000e+00	0.0000e+00	0.0000e+00	1.7093e+06	1.8107e+00	4.6893e+00	6.5000e+00	0.0000e+00	0.0000e+00	9.8728e+04	1.4914e+11
	426.1833	2.0000e-01	0.0000e+00	2.9266e+03	0.0000e+00	0.0000e+00	0.0000e+00	1.7101e+06	1.8119e+00	4.6881e+00	6.5000e+00	0.0000e+00	0.0000e+00	9.8728e+04	1.4914e+11
	431.1833	2.0000e-01	0.0000e+00	2.9280e+03	0.0000e+00	0.0000e+00	0.0000e+00	1.7109e+06	1.8132e+00	4.6868e+00	6.5000e+00	0.0000e+00	0.0000e+00	9.8728e+04	1.4914e+11
	436.1833	2.0000e-01	0.0000e+00	2.9295e+03	0.0000e+00	0.0000e+00	0.0000e+00	1.7118e+06	1.8144e+00	4.6856e+00	6.5000e+00	0.0000e+00	0.0000e+00	9.8728e+04	1.4914e+11
	441.1833	2.0000e-01	0.0000e+00	2.9310e+03	0.0000e+00	0.0000e+00	0.0000e+00	1.7126e+06	1.8155e+00	4.6845e+00	6.5000e+00	0.0000e+00	0.0000e+00	9.8728e+04	1.4914e+11
	446.1833	2.0000e-01	0.0000e+00	2.9325e+03	0.0000e+00	0.0000e+00	0.0000e+00	1.7134e+06	1.8167e+00	4.6833e+00	6.5000e+00	0.0000e+00	0.0000e+00	9.8728e+04	1.4914e+11
	451.1833	2.0000e-01	0.0000e+00	2.9339e+03	0.0000e+00	0.0000e+00	0.0000e+00	1.7143e+06	1.8178e+00	4.6822e+00	6.5000e+00	0.0000e+00	0.0000e+00	9.8728e+04	1.4914e+11
	456.1833	2.0000e-01	0.0000e+00	2.9354e+03	0.0000e+00	0.0000e+00	0.0000e+00	1.7151e+06	1.8188e+00	4.6812e+00	6.5000e+00	0.0000e+00	0.0000e+00	9.8728e+04	1.4914e+11
	461.1833	2.0000e-01	0.0000e+00	2.9369e+03	0.0000e+00	0.0000e+00	0.0000e+00	1.7160e+06	1.8199e+00	4.6801e+00	6.5000e+00	0.0000e+00	0.0000e+00	9.8728e+04	1.4914e+11
	466.1833	2.0000e-01	0.0000e+00	2.9384e+03	0.0000e+00	0.0000e+00	0.0000e+00	1.7168e+06	1.8210e+00	4.6790e+00	6.5000e+00	0.0000e+00	0.0000e+00	9.8728e+04	1.4914e+11
	471.1833	2.0000e-01	0.0000e+00	2.9399e+03	0.0000e+00	0.0000e+00	0.0000e+00	1.7176e+06	1.8220e+00	4.6780e+00	6.5000e+00	0.0000e+00	0.0000e+00	9.8728e+04	1.4914e+11
	476.1833	2.0000e-01	0.0000e+00	2.9413e+03	0.0000e+00	0.0000e+00	0.0000e+00	1.7185e+06	1.8231e+00	4.6769e+00	6.5000e+00	0.0000e+00	0.0000e+00	9.8728e+04	1.4914e+11
	481.1833	2.0000e-01	0.0000e+00	2.9428e+03	0.0000e+00	0.0000e+00	0.0000e+00	1.7193e+06	1.8242e+00	4.6758e+00	6.5000e+00	0.0000e+00	0.0000e+00	9.8728e+04	1.4914e+11
	486.1833	2.0000e-01	0.0000e+00	2.9443e+03	0.0000e+00	0.0000e+00	0.0000e+00	1.7201e+06	1.8252e+00	4.6748e+00	6.5000e+00	0.0000e+00	0.0000e+00	9.8728e+04	1.4914e+11
	491.1833	2.0000e-01	0.0000e+00	2.9458e+03	0.0000e+00	0.0000e+00	0.0000e+00	1.7210e+06	1.8262e+00	4.6738e+00	6.5000e+00	0.0000e+00	0.0000e+00	9.8728e+04	1.4914e+11
	496.1833	2.0000e-01	0.0000e+00	2.9473e+03	0.0000e+00	0.0000e+00	0.0000e+00	1.7218e+06	1.8273e+00	4.6727e+00	6.5000e+00	0.0000e+00	0.0000e+00	9.8728e+04	1.4914e+11
	501.1833	2.0000e-01	0.0000e+00	2.9487e+03	0.0000e+00	0.0000e+00	0.0000e+00	1.7226e+06	1.8283e+00	4.6717e+00	6.5000e+00	0.0000e+00	0.0000e+00	9.8728e+04	1.4914e+11
	511.8233	2.0000e-01	0.0000e+00	2.9519e+03	0.0000e+00	0.0000e+00	0.0000e+00	1.7244e+06	1.8302e+00	4.6698e+00	6.5000e+00	0.0000e+00	0.0000e+00	9.8728e+04	1.4914e+11
	520.7513	2.0000e-01	0.0000e+00	2.9545e+03	0.0000e+00	0.0000e+00	0.0000e+00	1.7259e+06	1.8318e+00	4.6682e+00	6.5000e+00	0.0000e+00	0.0000e+00	9.8728e+04	1.4914e+11
	531.3913	2.0000e-01	0.0000e+00	2.9577e+03	0.0000e+00	0.0000e+00	0.0000e+00	1.7277e+06	1.8337e+00	4.6663e+00	6.5000e+00	0.0000e+00	0.0000e+00	9.8728e+04	1.4914e+11
	541.3913	2.0000e-01	0.0000e+00	2.9606e+03	0.0000e+00	0.0000e+00	0.0000e+00	1.7294e+06	1.8355e+00	4.6645e+00	6.5000e+00	0.0000e+00	0.0000e+00	9.8728e+04	1.4914e+11
	551.3913	2.0000e-01	0.0000e+00	2.9636e+03	0.0000e+00	0.0000e+00	0.0000e+00	1.7310e+06	1.8372e+00	4.6628e+00	6.5000e+00	0.0000e+00	0.0000e+00	9.8728e+04	1.4914e+11
	561.3913	2.0000e-01	0.0000e+00	2.9665e+03	0.0000e+00	0.0000e+00	0.0000e+00	1.7327e+06	1.8390e+00	4.6610e+00	6.5000e+00	0.0000e+00	0.0000e+00	9.8728e+04	1.4914e+11
	571.3913	2.0000e-01	0.0000e+00	2.9695e+03	0.0000e+00	0.0000e+00	0.0000e+00	1.7344e+06	1.8408e+00	4.6592e+00	6.5000e+00	0.0000e+00	0.0000e+00	9.8728e+04	1.4914e+11
	581.3913	2.0000e-01	0.0000e+00	2.9724e+03	0.0000e+00	0.0000e+00	0.0000e+00	1.7360e+06	1.8425e+00	4.6575e+00	6.5000e+00	0.0000e+00	0.0000e+00	9.8728e+04	1.4914e+11
	591.3913	2.0000e-01	0.0000e+00	2.9754e+03	0.0000e+00	0.0000e+00	0.0000e+00	1.7377e+06	1.8441e+00	4.6559e+00	6.5000e+00	0.0000e+00	0.0000e+00	9.8728e+04	1.4914e+11
	601.3913	2.0000e-01	0.0000e+00	2.9783e+03	0.0000e+00	0.0000e+00	0.0000e+00	1.7394e+06	1.8456e+00	4.6544e+00	6.5000e+00	0.0000e+00	0.0000e+00	9.8728e+04	1.4914e+11
	611.3913	2.0000e-01	0.0000e+00	2.9813e+03	0.0000e+00	0.0000e+00	0.0000e+00	1.7410e+06	1.8472e+00	4.6528e+00	6.5000e+00	0.0000e+00	0.0000e+00	9.8728e+04	1.4914e+11
	621.3913	2.0000e-01	0.0000e+00	2.9842e+03	0.0000e+00	0.0000e+00	0.0000e+00	1.7427e+06	1.8488e+00	4.6512e+00	6.5000e+00	0.0000e+00	0.0000e+00	9.8728e+04	1.4914e+11
	631.3913	2.0000e-01	0.0000e+00	2.9872e+03	0.0000e+00	0.0000e+00	0.0000e+00	1.7444e+06	1.8503e+00	4.6497e+00	6.5000e+00	0.0000e+00	0.0000e+00	9.8728e+04	1.4914e+11
	641.3913	2.0000e-01	0.0000e+00	2.9901e+03	0.0000e+00	0.0000e+00	0.0000e+00	1.7460e+06	1.8517e+00	4.6483e+00	6.5000e+00	0.0000e+00	0.0000e+00	9.8728e+04	1.4914e+11
	651.3913	2.0000e-01	0.0000e+00	2.9931e+03	0.0000e+00	0.0000e+00	0.0000e+00	1.7477e+06	1.8532e+00	4.6468e+00	6.5000e+00	0.0000e+00	0.0000e+00	9.8728e+04	1.4914e+11
	661.3913	2.0000e-01	0.0000e+00	2.9960e+03	0.0000e+00	0.0000e+00	0.0000e+00	1.7494e+06	1.8545e+00	4.6455e+00	6.5000e+00	0.0000e+00	0.0000e+00	9.8728e+04	1.4914e+11
	671.3913	2.0000e-01	0.0000e+00	2.9990e+03	0.0000e+00	0.0000e+00	0.0000e+00	1.7510e+06	1.8558e+00	4.6442e+00	6.5000e+00	0.0000e+00	0.0000e+00	9.8728e+04	1.4914e+11
	681.3913	2.0000e-01	0.0000e+00	3.0019e+03	0.0000e+00	0.0000e+00	0.0000e+00	1.7527e+06	1.8571e+00	4.6429e+00	6.5000e+00	0.0000e+00	0.0000e+00	9.8728e+04	1.4914e+11
	691.3913	2.0000e-01	0.0000e+00	3.0049e+03	0.0000e+00	0.0000e+00	0.0000e+00	1.7544e+06	1.8584e+00	4.6416e+00	6.5000e+00	0.0000e+00	0.0000e+00	9.8728e+04	1.4914e+11
	701.3913	2.0000e-01	0.0000e+00	3.0078e+03	0.0000e+00	0.0000e+00	0.0000e+00	1.7560e+06	1.8596e+00	4.6404e+00	6.5000e+00	0.0000e+00	0.0000e+00	9.8728e+04	1.4914e+11
	711.3913	2.0000e-01	0.0000e+00	3.0108e+03	0.0000e+00	0.0000e+00	0.0000e+00	1.7577e+06	1.8608e+00	4.6392e+00	6.5000e+00	0.0000e+00	0.0000e+00	9.8728e+04	1.4914e+11
	721.3913	2.0000e-01	0.0000e+00	3.0137e+03	0.0000e+00	0.0000e+00	0.0000e+00	1.7594e+06	1.8620e+00	4.6380e+00	6.5000e+00	0.0000e+00	0.0000e+00	9.8728e+04	1.4914e+11
	731.3913	2.0000e-01	0.0000e+00	3.0167e+03	0.0000e+00	0.0000e+00	0.0000e+00	1.7610e+06	1.8632e+00	4.6368e+00	6.5000e+00	0.0000e+00	0.0000e+00	9.8728e+04	1.4914e+11
	741.3913	2.0000e-01	0.0000e+00	3.0196e+03	0.0000e+00	0.0000e+00	0.0000e+00	1.7627e+06	1.8644e+00	4.6356e+00	6.5000e+00	0.0000e+00	0.0000e+00	9.8728e+04	1.4914e+11
	751.3913	2.0000e-01	0.0000e+00	3.0226e+03	0.0000e+00	0.0000e+00	0.0000e+00	1.7644e+06	1.8656e+00	4.6344e+00	6.5000e+00	0.0000e+00	0.0000e+00	9.8728e+04	1.4914e+11
	761.3913	2.0000e-01	0.0000e+00	3.0255e+03	0.0000e+00	0.0000e+00	0.0000e+00	1.7660e+06	1.8668e+00	4.6332e+00	6.5000e+00	0.0000e+00	0.0000e+00	9.8728e+04	1.4914e+11
	771.3913	2.0000e-01	0.0000e+00	3.0285e+03	0.0000e+00	0.0000e+00	0.0000e+00	1.7677e+06	1.8679e+00	4.6321e+00	6.5000e+00	0.0000e+00	0.0000e+00	9.8728e+04	1.4914e+11
	781.3913	2.0000e-01	0.0000e+00	3.0314e+03	0.0000e+00	0.0000e+00	0.0000e+00	1.7693e+06	1.8690e+00	4.6310e+00	6.5000e+00	0.0000e+00	0.0000e+00	9.8728e+04	1.4914e+11
	791.3913	2.0000e-01	0.0000e+00	3.0344e+03	0.0000e+00	0.0000e+00	0.0000e+00	1.7710e+06	1.8701e+00	4.6299e+00	6.5000e+00	0.0000e+00	0.0000e+00	9.8728e+04	1.4914e+11
	801.3913	2.0000e-01	0.0000e+00	3.0373e+03	0.0000e+00	0.0000e+00	0.0000e+00	1.7727e+06	1.8712e+00	4.6288e+00	6.5000e+00	0.0000e+00	0.0000e+00	9.8728e+04	1.4914e+11
	811.3913	2.0000e-01	0.0000e+00	3.0402e+03	0.0000e+00	0.0000e+00	0.0000e+00	1.7743e+06	1.8723e+00	4.6277e+00	6.5000e+00	0.0000e+00	0.0000e+00	9.8728e+04	1.4914e+11
	821.3913	2.0000e-01	0.0000e+00	3.0432e+03	0.0000e+00	0.0000e+00	0.0000e+00	1.7760e+06	1.8733e+00	4.6267e+00	6.5000e+00	0.0000e+00	0.0000e+00	9.8728e+04	1.4914e+11
	831.3913	2.0000e-01	0.0000e+00	3.0461e+03	0.0000e+00	0.0000e+00	0.0000e+00	1.7777e+06	1.8743e+00	4.6257e+00	6.5000e+00	0.0000e+00	0.0000e+00	9.8728e+04	1.4914e+11
	841.3913	2.0000e-01	0.0000e+00	3.0491e+03	0.0000e+00	0.0000e+00	0.0000e+00	1.7793e+06	1.8753e+00	4.6247e+00	6.5000e+00	0.0000e+00	0.0000e+00	9.8728e+04	1.4914e+11
	851.3913	2.0000e-01	0.0000e+00	3.0520e+03	0.0000e+00	0.0000e+00	0.0000e+00	1.7810e+06	1.8763e+00	4.6237e+00	6.5000e+00	0.0000e+00	0.0000e+00	9.8728e+04	1.4914e+11
	861.3913	2.0000e-01	0.0000e+00	3.0550e+03	0.0000e+00	0.0000e+00	0.0000e+00	1.7826e+06	1.8772e+00	4.6228e+00	6.5000e+00	0.0000e+00	0.0000e+00	9.8728e+04	1.4914e+11
	871.3913	2.0000e-01	0.0000e+00	3.0579e+03	0.0000e+00	0.0000e+00	0.0000e+00	1.7843e+06	1.8781e+00	4.6219e+00	6.5000e+00	0.0000e+00	0.0000e+00	9.8728e+04	1.4914e+11
	881.3913	2.0000e-01	0.0000e+00	3.0608e+03	0.0000e+00	0.0000e+00	0.0000e+00	1.7860e+06	1.8790e+00	4.6210e+00	6.5000e+00	0.0000e+00	0.0000e+00	9.8728e+04	1.4914e+11
	891.3913	2.0000e-01	0.0000e+00	3.0638e+03	0.0000e+00	0.0000e+00	0.0000e+00	1.7876e+06	1.8799e+00	4.6201e+00	6.5000e+00	0.0000e+00	0.0000e+00	9.8728e+04	1.4914e+11
	901.3913	2.0000e-01	0.0000e+00	3.0667e+03	0.0000e+00	0.0000e+00	0.0000e+00	1.7893e+06	1.8808e+00	4.6192e+00	6.5000e+00	0.0000e+00	0.0000e+00	9.8728e+04	1.4914e+11
	911.3913	2.0000e-01	0.0000e+00	3.0697e+03	0.0000e+00	0.0000e+00	0.0000e+00	1.7910e+06	1.8817e+00	4.6183e+00	6.5000e+00	0.0000e+00	0.0000e+00	9.8728e+04	1.4914e+11
	921.3913	2.0000e-01	0.0000e+00	3.0726e+03	0.0000e+00	0.0000e+00	0.0000e+00	1.7926e+06	1.8826e+00	4.6174e+00	6.5000e+00	0.0000e+00	0.0000e+00	9.8728e+04	1.4914e+11
	931.3913	2.0000e-01	0.0000e+00	3.0755e+03	0.0000e+00	0.0000e+00	0.0000e+00	1.7943e+06	1.8835e+00	4.6165e+00	6.5000e+00	0.0000e+00	0.0000e+00	9.8728e+04	1.4914e+11
	941.3913	2.0000e-01	0.0000e+00	3.0785e+03	0.0000e+00	0.0000e+00	0.0000e+00	1.7959e+06	1.8844e+00	4.6156e+00	6.5000e+00	0.0000e+00	0.0000e+00	9.8728e+04	1.4914e+11
	951.3913	2.0000e-01	0.0000e+00	3.0814e+03	0.0000e+00	0.0000e+00	0.0000e+00	1.7976e+06	1.8852e+00	4.6148e+00	6.5000e+00	0.0000e+00	0.0000e+00	9.8728e+04	1.4914e+11
	961.3913	2.0000e-01	0.0000e+00	3.0843e+03	0.0000e+00	0.0000e+00	0.0000e+00	1.7993e+06	1.8861e+00	4.6139e+00	6.5000e+00	0.0000e+00	0.0000e+00	9.8728e+04	1.4914e+11
	971.3913	2.0000e-01	0.0000e+00	3.0873e+03	0.0000e+00	0.0000e+00	0.0000e+00	1.8009e+06	1.8869e+00	4.6131e+00	6.5000e+00	0.0000e+00	0.0000e+00	9.8728e+04	1.4914e+11
	981.3913	2.0000e-01	0.0000e+00	3.0902e+03	0.0000e+00	0.0000e+00	0.0000e+00	1.8026e+06	1.8877e+00	4.6123e+00	6.5000e+00	0.0000e+00	0.0000e+00	9.8728e+04	1.4914e+11
	991.3913	2.0000e-01	0.0000e+00	3.0932e+03	0.0000e+00	0.0000e+00	0.0000e+00	1.8042e+06	1.8885e+00	4.6115e+00	6.5000e+00	0.0000e+00	0.0000e+00	9.8728e+04	1.4914e+11
	1001.3913	2.0000e-01	0.0000e+00	3.0961e+03	0.0000e+00	0.0000e+00	0.0000e+00	1.8059e+06	1.8893e+00	4.6107e+00	6.5000e+00	0.0000e+00	0.0000e+00	9.8728e+04	1.4914e+11
	1011.7913	2.0000e-01	0.0000e+00	3.0991e+03	0.0000e+00	0.0000e+00	0.0000e+00	1.8076e+06	1.8901e+00	4.6099e+00	6.5000e+00	0.0000e+00	0.0000e+00	9.8728e+04	1.4914e+11
	1061.8073	2.0000e-01	0.0000e+00	3.1138e+03	0.0000e+00	0.0000e+00	0.0000e+00	1.8159e+06	1.8940e+00	4.6060e+00	6.5000e+00	0.0000e+00	0.0000e+00	9.8728e+04	1.4914e+11
	1111.5737	2.0000e-01	0.0000e+00	3.1284e+03	0.0000e+00	0.0000e+00	0.0000e+00	1.8241e+06	1.8977e+00	4.6023e+00	6.5000e+00	0.0000e+00	0.0000e+00	9.8728e+04	1.4914e+11
	1161.5504	2.0000e-01	0.0000e+00	3.1430e+03	0.0000e+00	0.0000e+00	0.0000e+00	1.8324e+06	1.9014e+00	4.5986e+00	6.5000e+00	0.0000e+00	0.0000e+00	9.8728e+04	1.4914e+11
	1211.5504	2.0000e-01	0.0000e+00	3.1577e+03	0.0000e+00	0.0000e+00	0.0000e+00	1.8407e+06	1.9052e+00	4.5948e+00	6.5000e+00	0.0000e+00	0.0000e+00	9.8728e+04	1.4914e+11
	1261.5504	2.0000e-01	0.0000e+00	3.1723e+03	0.0000e+00	0.0000e+00	0.0000e+00	1.8489e+06	1.9090e+00	4.5910e+00	6.5000e+00	0.0000e+00	0.0000e+00	9.8728e+04	1.4914e+11
	1311.5504	2.0000e-01	0.0000e+00	3.1869e+03	0.0000e+00	0.0000e+00	0.0000e+00	1.8572e+06	1.9127e+00	4.5873e+00	6.5000e+00	0.0000e+00	0.0000e+00	9.8728e+04	1.4914e+11
	1361.5504	2.0000e-01	0.0000e+00	3.2015e+03	0.0000e+00	0.0000e+00	0.0000e+00	1.8655e+06	1.9164e+00	4.5836e+00	6.5000e+00	0.0000e+00	0.0000e+00	9.8728e+04	1.4914e+11
	1411.5504	2.0000e-01	0.0000e+00	3.2161e+03	0.0000e+00	0.0000e+00	0.0000e+00	1.8737e+06	1.9202e+00	4.5798e+00	6.5000e+00	0.0000e+00	0.0000e+00	9.8728e+04	1.4914e+11
	1461.5504	2.0000e-01	0.0000e+00	3.2307e+03	0.0000e+00	0.0000e+00	0.0000e+00	1.8819e+06	1.9239e+00	4.5761e+00	6.5000e+00	0.0000e+00	0.0000e+00	9.8728e+04	1.4914e+11
	1511.5504	2.0000e-01	0.0000e+00	3.2453e+03	0.0000e+00	0.0000e+00	0.0000e+00	1.8902e+06	1.9276e+00	4.5724e+00	6.5000e+00	0.0000e+00	0.0000e+00	9.8728e+04	1.4914e+11
	1561.5504	2.0000e-01	0.0000e+00	3.2598e+03	0.0000e+00	0.0000e+00	0.0000e+00	1.8984e+06	1.9313e+00	4.5687e+00	6.5000e+00	0.0000e+00	0.0000e+00	9.8728e+04	1.4914e+11
	1611.5504	2.0000e-01	0.0000e+00	3.2744e+03	0.0000e+00	0.0000e+00	0.0000e+00	1.9066e+06	1.9351e+00	4.5649e+00	6.5000e+00	0.0000e+00	0.0000e+00	9.8728e+04	1.4914e+11
	1661.5504	2.0000e-01	0.0000e+00	3.2889e+03	0.0000e+00	0.0000e+00	0.0000e+00	1.9148e+06	1.9388e+00	4.5612e+00	6.5000e+00	0.0000e+00	0.0000e+00	9.8728e+04	1.4914e+11
	1711.5504	2.0000e-01	0.0000e+00	3.3035e+03	0.0000e+00	0.0000e+00	0.0000e+00	1.9231e+06	1.9425e+00	4.5575e+00	6.5000e+00	0.0000e+00	0.0000e+00	9.8728e+04	1.4914e+11
	1761.5504	2.0000e-01	0.0000e+00	3.3180e+03	0.0000e+00	0.0000e+00	0.0000e+00	1.9313e+06	1.9462e+00	4.5538e+00	6.5000e+00	0.0000e+00	0.0000e+00	9.8728e+04	1.4914e+11
	1811.5504	2.0000e-01	0.0000e+00	3.3325e+03	0.0000e+00	0.0000e+00	0.0000e+00	1.9395e+06	1.9498e+00	4.5502e+00	6.5000e+00	0.0000e+00	0.0000e+00	9.8728e+04	1.4914e+11
	1861.5504	2.0000e-01	0.0000e+00	3.3470e+03	0.0000e+00	0.0000e+00	0.0000e+00	1.9477e+06	1.9535e+00	4.5465e+00	6.5000e+00	0.0000e+00	0.0000e+00	9.8728e+04	1.4914e+11
	1911.5504	2.0000e-01	0.0000e+00	3.3615e+03	0.0000e+00	0.0000e+00	0.0000e+00	1.9558e+06	1.9572e+00	4.5428e+00	6.5000e+00	0.0000e+00	0.0000e+00	9.8728e+04	1.4914e+11
	1961.5504	2.0000e-01	0.0000e+00	3.3760e+03	0.0000e+00	0.0000e+00	0.0000e+00	1.9640e+06	1.9609e+00	4.5391e+00	6.5000e+00	0.0000e+00	0.0000e+00	9.8728e+04	1.4914e+11
	2011.5504	2.0000e-01	0.0000e+00	3.3905e+03	0.0000e+00	0.0000e+00	0.0000e+00	1.9722e+06	1.9646e+00	4.5354e+00	6.5000e+00	0.0000e+00	0.0000e+00	9.8728e+04	1.4914e+11
	2061.5504	2.0000e-01	0.0000e+00	3.4049e+03	0.0000e+00	0.0000e+00	0.0000e+00	1.9804e+06	1.9683e+00	4.5317e+00	6.5000e+00	0.0000e+00	0.0000e+00	9.8728e+04	1.4914e+11
	2111.5504	2.0000e-01	0.0000e+00	3.4194e+03	0.0000e+00	0.0000e+00	0.0000e+00	1.9885e+06	1.9719e+00	4.5281e+00	6.5000e+00	0.0000e+00	0.0000e+00	9.8728e+04	1.4914e+11
	2161.5504	2.0000e-01	0.0000e+00	3.4338e+03	0.0000e+00	0.0000e+00	0.0000e+00	1.9967e+06	1.9756e+00	4.5244e+00	6.5000e+00	0.0000e+00	0.0000e+00	9.8728e+04	1.4914e+11
	2211.5504	2.0000e-01	0.0000e+00	3.4482e+03	0.0000e+00	0.0000e+00	0.0000e+00	2.0049e+06	1.9793e+00	4.5207e+00	6.5000e+00	0.0000e+00	0.0000e+00	9.8728e+04	1.4914e+11
	2261.5504	2.0000e-01	0.0000e+00	3.4627e+03	0.0000e+00	0.0000e+00	0.0000e+00	2.0130e+06	1.9830e+00	4.5170e+00	6.5000e+00	0.0000e+00	0.0000e+00	9.8728e+04	1.4914e+11
	2311.5504	2.0000e-01	0.0000e+00	3.4771e+03	0.0000e+00	0.0000e+00	0.0000e+00	2.0211e+06	1.9866e+00	4.5134e+00	6.5000e+00	0.0000e+00	0.0000e+00	9.8728e+04	1.4914e+11
	2361.5504	2.0000e-01	0.0000e+00	3.4915e+03	0.0000e+00	0.0000e+00	0.0000e+00	2.0293e+06	1.9903e+00	4.5097e+00	6.5000e+00	0.0000e+00	0.0000e+00	9.8728e+04	1.4914e+11
	2411.5504	2.0000e-01	0.0000e+00	3.5059e+03	0.0000e+00	0.0000e+00	0.0000e+00	2.0374e+06	1.9940e+00	4.5060e+00	6.5000e+00	0.0000e+00	0.0000e+00	9.8728e+04	1.4914e+11
	2461.5504	2.0000e-01	0.0000e+00	3.5203e+03	0.0000e+00	0.0000e+00	0.0000e+00	2.0455e+06	1.9976e+00	4.5024e+00	6.5000e+00	0.0000e+00	0.0000e+00	9.8728e+04	1.4914e+11
	2511.5504	2.0000e-01	0.0000e+00	3.5346e+03	0.0000e+00	0.0000e+00	0.0000e+00	2.0537e+06	2.0013e+00	4.4987e+00	6.5000e+00	0.0000e+00	0.0000e+00	9.8728e+04	1.4914e+11
	2561.5504	2.0000e-01	0.0000e+00	3.5490e+03	0.0000e+00	0.0000e+00	0.0000e+00	2.0618e+06	2.0050e+00	4.4950e+00	6.5000e+00	0.0000e+00	0.0000e+00	9.8728e+04	1.4914e+11
	2611.5504	2.0000e-01	0.0000e+00	3.5634e+03	0.0000e+00	0.0000e+00	0.0000e+00	2.0699e+06	2.0086e+00	4.4914e+00	6.5000e+00	0.0000e+00	0.0000e+00	9.8728e+04	1.4914e+11
	2661.5504	2.0000e-01	0.0000e+00	3.5777e+03	0.0000e+00	0.0000e+00	0.0000e+00	2.0780e+06	2.0123e+00	4.4877e+00	6.5000e+00	0.0000e+00	0.0000e+00	9.8728e+04	1.4914e+11
	2711.5504	2.0000e-01	0.0000e+00	3.5920e+03	0.0000e+00	0.0000e+00	0.0000e+00	2.0861e+06	2.0160e+00	4.4840e+00	6.5000e+00	0.0000e+00	0.0000e+00	9.8728e+04	1.4914e+11
	2761.5504	2.0000e-01	0.0000e+00	3.6064e+03	0.0000e+00	0.0000e+00	0.0000e+00	2.0942e+06	2.0196e+00	4.4804e+00	6.5000e+00	0.0000e+00	0.0000e+00	9.8728e+04	1.4914e+11
	2811.5504	2.0000e-01	0.0000e+00	3.6207e+03	0.0000e+00	0.0000e+00	0.0000e+00	2.1023e+06	2.0233e+00	4.4767e+00	6.5000e+00	0.0000e+00	0.0000e+00	9.8728e+04	1.4914e+11
	2861.5504	2.0000e-01	0.0000e+00	3.6350e+03	0.0000e+00	0.0000e+00	0.0000e+00	2.1104e+06	2.0269e+00	4.4731e+00	6.5000e+00	0.0000e+00	0.0000e+00	9.8728e+04	1.4914e+11
	2911.5504	2.0000e-01	0.0000e+00	3.6493e+03	0.0000e+00	0.0000e+00	0.0000e+00	2.1184e+06	2.0306e+00	4.4694e+00	6.5000e+00	0.0000e+00	0.0000e+00	9.8728e+04	1.4914e+11
	2961.5504	2.0000e-01	0.0000e+00	3.6636e+03	0.0000e+00	0.0000e+00	0.0000e+00	2.1265e+06	2.0342e+00	4.4658e+00	6.5000e+00	0.0000e+00	0.0000e+00	9.8728e+04	1.4914e+11
	3011.5504	2.0000e-01	0.0000e+00	3.6779e+03	0.0000e+00	0.0000e+00	0.0000e+00	2.1346e+06	2.0379e+00	4.4621e+00	6.5000e+00	0.0000e+00	0.0000e+00	9.8728e+04	1.4914e+11
	3061.5504	2.0000e-01	0.0000e+00	3.6921e+03	0.0000e+00	0.0000e+00	0.0000e+00	2.1426e+06	2.0415e+00	4.4585e+00	6.5000e+00	0.0000e+00	0.0000e+00	9.8728e+04	1.4914e+11
	3111.5504	2.0000e-01	0.0000e+00	3.7064e+03	0.0000e+00	0.0000e+00	0.0000e+00	2.1507e+06	2.0452e+00	4.4548e+00	6.5000e+00	0.0000e+00	0.0000e+00	9.8728e+04	1.4914e+11
	3161.5504	2.0000e-01	0.0000e+00	3.7206e+03	0.0000e+00	0.0000e+00	0.0000e+00	2.1588e+06	2.0489e+00	4.4511e+00	6.5000e+00	0.0000e+00	0.0000e+00	9.8728e+04	1.4914e+11
	3211.5504	2.0000e-01	0.0000e+00	3.7349e+03	0.0000e+00	0.0000e+00	0.0000e+00	2.1668e+06	2.0525e+00	4.4475e+00	6.5000e+00	0.0000e+00	0.0000e+00	9.8728e+04	1.4914e+11
	3261.5504	2.0000e-01	0.0000e+00	3.7491e+03	0.0000e+00	0.0000e+00	0.0000e+00	2.1748e+06	2.0561e+00	4.4439e+00	6.5000e+00	0.0000e+00	0.0000e+00	9.8728e+04	1.4914e+11
	3311.5504	2.0000e-01	0.0000e+00	3.7633e+03	0.0000e+00	0.0000e+00	0.0000e+00	2.1829e+06	2.0598e+00	4.4402e+00	6.5000e+00	0.0000e+00	0.0000e+00	9.8728e+04	1.4914e+11
	3361.5504	2.0000e-01	0.0000e+00	3.7775e+03	0.0000e+00	0.0000e+00	0.0000e+00	2.1909e+06	2.0634e+00	4.4366e+00	6.5000e+00	0.0000e+00	0.0000e+00	9.8728e+04	1.4914e+11
	3411.5504	2.0000e-01	0.0000e+00	3.7918e+03	0.0000e+00	0.0000e+00	0.0000e+00	2.1989e+06	2.0671e+00	4.4329e+00	6.5000e+00	0.0000e+00	0.0000e+00	9.8728e+04	1.4914e+11
	3461.5504	2.0000e-01	0.0000e+00	3.8059e+03	0.0000e+00	0.0000e+00	0.0000e+00	2.2070e+06	2.0707e+00	4.4293e+00	6.5000e+00	0.0000e+00	0.0000e+00	9.8728e+04	1.4914e+11
	3511.5504	2.0000e-01	0.0000e+00	3.8201e+03	0.0000e+00	0.0000e+00	0.0000e+00	2.2150e+06	2.0743e+00	4.4257e+00	6.5000e+00	0.0000e+00	0.0000e+00	9.8728e+04	1.4914e+11
	3561.5504	2.0000e-01	0.0000e+00	3.8343e+03	0.0000e+00	0.0000e+00	0.0000e+00	2.2230e+06	2.0780e+00	4.4220e+00	6.5000e+00	0.0000e+00	0.0000e+00	9.8728e+04	1.4914e+11
	3601.5504	2.0000e-01	0.0000e+00	3.8456e+03	0.0000e+00	0.0000e+00	0.0000e+00	2.2294e+06	2.0809e+00	4.4191e+00	6.5000e+00	0.0000e+00	0.0000e+00	9.8728e+04	1.4914e+11
