# melt lump history; melt total internal energy basis=300K; thickness is for heat transfer estimation (min.lim=1cm)
#1:time 2:mass 3:ene 4:enetot 5:temp 6:volume 7:thickness 8:massfromdebris
	0.0000	0.0000	0.0000	0.0000	0.0000	0.0000	0.0000	0.0000
	41.0000	1.2002e-01	1.6710e+05	4.0328e+03	3.7551e+02	1.2727e-05	1.0000e-02	0.0000e+00
	41.5000	3.0004e-01	1.6717e+05	1.0102e+04	3.7566e+02	3.1818e-05	1.0000e-02	0.0000e+00
	42.0000	4.2006e-01	1.6724e+05	1.4172e+04	3.7581e+02	4.4545e-05	1.0000e-02	0.0000e+00
	42.5000	6.0008e-01	1.6730e+05	2.0284e+04	3.7596e+02	6.3635e-05	1.0000e-02	0.0000e+00
	43.0000	7.2010e-01	1.6737e+05	2.4391e+04	3.7612e+02	7.6362e-05	1.0000e-02	0.0000e+00
	43.5000	9.0012e-01	1.6744e+05	3.0547e+04	3.7626e+02	9.5453e-05	1.0000e-02	0.0000e+00
	44.0000	1.0201e+00	1.6751e+05	3.4690e+04	3.7642e+02	1.0818e-04	1.0000e-02	0.0000e+00
	44.5000	1.2002e+00	1.6757e+05	4.0890e+04	3.7656e+02	1.2727e-04	1.0000e-02	0.0000e+00
	45.0000	1.5002e+00	1.6764e+05	5.1214e+04	3.7672e+02	1.5909e-04	1.0000e-02	0.0000e+00
	45.5000	2.2203e+00	1.6770e+05	7.5940e+04	3.7686e+02	2.3545e-04	1.0000e-02	0.0000e+00
	46.0000	2.7004e+00	1.6777e+05	9.2543e+04	3.7701e+02	2.8636e-04	1.0000e-02	0.0000e+00
	46.5000	3.4205e+00	1.6783e+05	1.1744e+05	3.7716e+02	3.6272e-04	1.0000e-02	0.0000e+00
	47.0000	3.9005e+00	1.6790e+05	1.3419e+05	3.7731e+02	4.1363e-04	1.0000e-02	0.0000e+00
	47.5000	4.6206e+00	1.6797e+05	1.5925e+05	3.7745e+02	4.8999e-04	1.0000e-02	0.0000e+00
	48.0000	5.1007e+00	1.6803e+05	1.7614e+05	3.7760e+02	5.4090e-04	1.0000e-02	0.0000e+00
	48.5000	5.8208e+00	1.6810e+05	2.0138e+05	3.7774e+02	6.1726e-04	1.0000e-02	0.0000e+00
	49.0000	6.3008e+00	1.6816e+05	2.1841e+05	3.7790e+02	6.6817e-04	1.0000e-02	0.0000e+00
	49.5000	7.0209e+00	1.6823e+05	2.4382e+05	3.7804e+02	7.4453e-04	1.0000e-02	0.0000e+00
	50.0000	7.5022e+00	1.6830e+05	2.6105e+05	3.7819e+02	7.9557e-04	1.0000e-02	0.0000e+00
	50.5000	8.2410e+00	1.6951e+05	2.9678e+05	3.8093e+02	8.7391e-04	1.0000e-02	0.0000e+00
	51.0000	8.7459e+00	1.7191e+05	3.3589e+05	3.8631e+02	9.2745e-04	1.0000e-02	0.0000e+00
	51.5000	9.5223e+00	1.7508e+05	3.9596e+05	3.9344e+02	1.0098e-03	1.0000e-02	0.0000e+00
	52.0000	1.0054e+01	1.7723e+05	4.3967e+05	3.9827e+02	1.0661e-03	1.0000e-02	0.0000e+00
	52.5000	1.0869e+01	1.7991e+05	5.0442e+05	4.0428e+02	1.1526e-03	1.0000e-02	0.0000e+00
	53.0000	1.1429e+01	1.7858e+05	5.1527e+05	4.0131e+02	1.2120e-03	1.0000e-02	0.0000e+00
	53.5000	1.2286e+01	1.8360e+05	6.1557e+05	4.1259e+02	1.3029e-03	1.0000e-02	0.0000e+00
	54.0000	1.2875e+01	1.7968e+05	5.9454e+05	4.0377e+02	1.3654e-03	1.0000e-02	0.0000e+00
	54.5000	1.3775e+01	1.8651e+05	7.3017e+05	4.1912e+02	1.4608e-03	1.0000e-02	0.0000e+00
	55.0000	1.4396e+01	1.8110e+05	6.8533e+05	4.0698e+02	1.5267e-03	1.0000e-02	0.0000e+00
	55.5000	1.5341e+01	1.8895e+05	8.5064e+05	4.2461e+02	1.6268e-03	1.0000e-02	0.0000e+00
	56.0000	1.5995e+01	1.8271e+05	7.8707e+05	4.1058e+02	1.6962e-03	1.0000e-02	0.0000e+00
	56.5000	1.6986e+01	1.9111e+05	9.7861e+05	4.2947e+02	1.8013e-03	1.0000e-02	0.0000e+00
	57.0000	1.7676e+01	1.8440e+05	8.9977e+05	4.1439e+02	1.8744e-03	1.0000e-02	0.0000e+00
	57.5000	1.8715e+01	1.9310e+05	1.1154e+06	4.3393e+02	1.9846e-03	1.0000e-02	0.0000e+00
	58.0000	1.9442e+01	1.8616e+05	1.0238e+06	4.1834e+02	2.0617e-03	1.0000e-02	0.0000e+00
	58.5000	2.0531e+01	1.9497e+05	1.2621e+06	4.3814e+02	2.1772e-03	1.0000e-02	0.0000e+00
	59.0000	2.1296e+01	1.8796e+05	1.1597e+06	4.2237e+02	2.2583e-03	1.0000e-02	0.0000e+00
	59.5000	2.2437e+01	1.9677e+05	1.4197e+06	4.4219e+02	2.3793e-03	1.0000e-02	0.0000e+00
	60.0000	2.3243e+01	1.8978e+05	1.3081e+06	4.2647e+02	2.4648e-03	1.0000e-02	0.0000e+00
	60.5000	2.4438e+01	1.9853e+05	1.5892e+06	4.4614e+02	2.5915e-03	1.0000e-02	0.0000e+00
	61.0000	2.5286e+01	1.9163e+05	1.4699e+06	4.3062e+02	2.6815e-03	1.0000e-02	0.0000e+00
	61.5000	2.6537e+01	2.0027e+05	1.7718e+06	4.5004e+02	2.8141e-03	1.0000e-02	0.0000e+00
	62.0000	2.7430e+01	1.9350e+05	1.6458e+06	4.3483e+02	2.9088e-03	1.0000e-02	0.0000e+00
	62.5000	2.8737e+01	2.0200e+05	1.9685e+06	4.5393e+02	3.0474e-03	1.0000e-02	0.0000e+00
	63.0000	2.9676e+01	1.9539e+05	1.8368e+06	4.3909e+02	3.1470e-03	1.0000e-02	0.0000e+00
	63.5000	3.1043e+01	2.0373e+05	2.1803e+06	4.5783e+02	3.2920e-03	1.0000e-02	0.0000e+00
	64.0000	3.2031e+01	1.9731e+05	2.0440e+06	4.4340e+02	3.3967e-03	1.0000e-02	0.0000e+00
	64.5000	3.3459e+01	2.0548e+05	2.4084e+06	4.6175e+02	3.5481e-03	1.0000e-02	0.0000e+00
	65.0000	3.4496e+01	1.9926e+05	2.2684e+06	4.4777e+02	3.6581e-03	1.0000e-02	0.0000e+00
	65.5000	3.5988e+01	2.0725e+05	2.6539e+06	4.6572e+02	3.8163e-03	1.0000e-02	0.0000e+00
	66.0000	3.7032e+01	1.9995e+05	2.4607e+06	4.4932e+02	3.9270e-03	1.0000e-02	0.0000e+00
	66.5000	3.7032e+01	1.8335e+05	1.8461e+06	4.1202e+02	3.9270e-03	1.0000e-02	0.0000e+00
	67.0000	3.7032e+01	1.8015e+05	1.7275e+06	4.0483e+02	3.9270e-03	1.0000e-02	0.0000e+00
	67.5000	3.7032e+01	1.7954e+05	1.7050e+06	4.0347e+02	3.9270e-03	1.0000e-02	0.0000e+00
	68.0000	3.7032e+01	1.7943e+05	1.7010e+06	4.0322e+02	3.9270e-03	1.0000e-02	0.0000e+00
	68.5000	3.7032e+01	1.7942e+05	1.7005e+06	4.0319e+02	3.9270e-03	1.0000e-02	0.0000e+00
	69.0000	3.7032e+01	1.7942e+05	1.7006e+06	4.0319e+02	3.9270e-03	1.0000e-02	0.0000e+00
	69.5000	3.7032e+01	1.7943e+05	1.7007e+06	4.0320e+02	3.9270e-03	1.0000e-02	0.0000e+00
	70.0000	3.7032e+01	1.7943e+05	1.7008e+06	4.0321e+02	3.9270e-03	1.0000e-02	0.0000e+00
	70.5000	3.7032e+01	1.7943e+05	1.7009e+06	4.0322e+02	3.9270e-03	1.0000e-02	0.0000e+00
	71.0000	3.7032e+01	1.7943e+05	1.7010e+06	4.0322e+02	3.9270e-03	1.0000e-02	0.0000e+00
	71.5000	3.7032e+01	1.7944e+05	1.7011e+06	4.0323e+02	3.9270e-03	1.0000e-02	0.0000e+00
	72.0000	3.7032e+01	1.7944e+05	1.7011e+06	4.0323e+02	3.9270e-03	1.0000e-02	0.0000e+00
	72.5000	3.7032e+01	1.7944e+05	1.7012e+06	4.0323e+02	3.9270e-03	1.0000e-02	0.0000e+00
	73.0000	3.7032e+01	1.7944e+05	1.7013e+06	4.0324e+02	3.9270e-03	1.0000e-02	0.0000e+00
	73.5000	3.7032e+01	1.7944e+05	1.7014e+06	4.0324e+02	3.9270e-03	1.0000e-02	0.0000e+00
	74.0000	3.7032e+01	1.7945e+05	1.7014e+06	4.0325e+02	3.9270e-03	1.0000e-02	0.0000e+00
	74.5000	3.7032e+01	1.7945e+05	1.7015e+06	4.0325e+02	3.9270e-03	1.0000e-02	0.0000e+00
	75.0000	3.7032e+01	1.7945e+05	1.7016e+06	4.0326e+02	3.9270e-03	1.0000e-02	0.0000e+00
	75.6000	3.7032e+01	1.7945e+05	1.7017e+06	4.0327e+02	3.9270e-03	1.0000e-02	0.0000e+00
	76.1000	3.7032e+01	1.7946e+05	1.7018e+06	4.0327e+02	3.9270e-03	1.0000e-02	0.0000e+00
	76.6000	3.7032e+01	1.7946e+05	1.7019e+06	4.0328e+02	3.9270e-03	1.0000e-02	0.0000e+00
	77.1000	3.7032e+01	1.7946e+05	1.7020e+06	4.0328e+02	3.9270e-03	1.0000e-02	0.0000e+00
	77.6000	3.7032e+01	1.7946e+05	1.7021e+06	4.0329e+02	3.9270e-03	1.0000e-02	0.0000e+00
	78.1000	3.7032e+01	1.7947e+05	1.7022e+06	4.0329e+02	3.9270e-03	1.0000e-02	0.0000e+00
	78.6000	3.7032e+01	1.7947e+05	1.7023e+06	4.0330e+02	3.9270e-03	1.0000e-02	0.0000e+00
	79.1000	3.7032e+01	1.7947e+05	1.7024e+06	4.0330e+02	3.9270e-03	1.0000e-02	0.0000e+00
	79.6000	3.7032e+01	1.7947e+05	1.7025e+06	4.0331e+02	3.9270e-03	1.0000e-02	0.0000e+00
	80.1000	3.7032e+01	1.7948e+05	1.7026e+06	4.0332e+02	3.9270e-03	1.0000e-02	0.0000e+00
	80.6000	3.7032e+01	1.7948e+05	1.7027e+06	4.0332e+02	3.9270e-03	1.0000e-02	0.0000e+00
	81.1000	3.7032e+01	1.7948e+05	1.7028e+06	4.0333e+02	3.9270e-03	1.0000e-02	0.0000e+00
	81.6000	3.7032e+01	1.7948e+05	1.7029e+06	4.0333e+02	3.9270e-03	1.0000e-02	0.0000e+00
	82.1000	3.7032e+01	1.7949e+05	1.7029e+06	4.0334e+02	3.9270e-03	1.0000e-02	0.0000e+00
	82.6000	3.7032e+01	1.7949e+05	1.7030e+06	4.0335e+02	3.9270e-03	1.0000e-02	0.0000e+00
	83.1000	3.7032e+01	1.7949e+05	1.7031e+06	4.0335e+02	3.9270e-03	1.0000e-02	0.0000e+00
	83.6000	3.7032e+01	1.7949e+05	1.7032e+06	4.0336e+02	3.9270e-03	1.0000e-02	0.0000e+00
	84.1000	3.7032e+01	1.7950e+05	1.7033e+06	4.0336e+02	3.9270e-03	1.0000e-02	0.0000e+00
	84.6000	3.7032e+01	1.7950e+05	1.7034e+06	4.0337e+02	3.9270e-03	1.0000e-02	0.0000e+00
	85.1000	3.7032e+01	1.7950e+05	1.7035e+06	4.0338e+02	3.9270e-03	1.0000e-02	0.0000e+00
	85.6000	3.7032e+01	1.7951e+05	1.7036e+06	4.0338e+02	3.9270e-03	1.0000e-02	0.0000e+00
	86.1000	3.7032e+01	1.7951e+05	1.7037e+06	4.0339e+02	3.9270e-03	1.0000e-02	0.0000e+00
	86.6000	3.7032e+01	1.7951e+05	1.7039e+06	4.0339e+02	3.9270e-03	1.0000e-02	0.0000e+00
	87.1000	3.7032e+01	1.7951e+05	1.7040e+06	4.0340e+02	3.9270e-03	1.0000e-02	0.0000e+00
	87.6000	3.7032e+01	1.7952e+05	1.7041e+06	4.0341e+02	3.9270e-03	1.0000e-02	0.0000e+00
	88.1000	3.7032e+01	1.7952e+05	1.7042e+06	4.0341e+02	3.9270e-03	1.0000e-02	0.0000e+00
	88.6000	3.7032e+01	1.7952e+05	1.7043e+06	4.0342e+02	3.9270e-03	1.0000e-02	0.0000e+00
	89.1000	3.7032e+01	1.7952e+05	1.7044e+06	4.0343e+02	3.9270e-03	1.0000e-02	0.0000e+00
	89.6000	3.7032e+01	1.7953e+05	1.7045e+06	4.0343e+02	3.9270e-03	1.0000e-02	0.0000e+00
	90.1000	3.7032e+01	1.7953e+05	1.7046e+06	4.0344e+02	3.9270e-03	1.0000e-02	0.0000e+00
	90.6000	3.7032e+01	1.7953e+05	1.7047e+06	4.0344e+02	3.9270e-03	1.0000e-02	0.0000e+00
	91.1000	3.7032e+01	1.7954e+05	1.7048e+06	4.0345e+02	3.9270e-03	1.0000e-02	0.0000e+00
	91.6000	3.7032e+01	1.7954e+05	1.7049e+06	4.0346e+02	3.9270e-03	1.0000e-02	0.0000e+00
	92.1000	3.7032e+01	1.7954e+05	1.7050e+06	4.0346e+02	3.9270e-03	1.0000e-02	0.0000e+00
	92.6000	3.7032e+01	1.7954e+05	1.7051e+06	4.0347e+02	3.9270e-03	1.0000e-02	0.0000e+00
	93.1000	3.7032e+01	1.7955e+05	1.7052e+06	4.0348e+02	3.9270e-03	1.0000e-02	0.0000e+00
	93.6000	3.7032e+01	1.7955e+05	1.7053e+06	4.0348e+02	3.9270e-03	1.0000e-02	0.0000e+00
	94.1000	3.7032e+01	1.7955e+05	1.7054e+06	4.0349e+02	3.9270e-03	1.0000e-02	0.0000e+00
	94.6000	3.7032e+01	1.7956e+05	1.7055e+06	4.0349e+02	3.9270e-03	1.0000e-02	0.0000e+00
	95.1000	3.7032e+01	1.7956e+05	1.7056e+06	4.0350e+02	3.9270e-03	1.0000e-02	0.0000e+00
	95.6000	3.7032e+01	1.7956e+05	1.7057e+06	4.0351e+02	3.9270e-03	1.0000e-02	0.0000e+00
	96.1000	3.7032e+01	1.7956e+05	1.7058e+06	4.0351e+02	3.9270e-03	1.0000e-02	0.0000e+00
	96.6000	3.7032e+01	1.7957e+05	1.7059e+06	4.0352e+02	3.9270e-03	1.0000e-02	0.0000e+00
	97.1000	3.7032e+01	1.7957e+05	1.7060e+06	4.0353e+02	3.9270e-03	1.0000e-02	0.0000e+00
	97.6000	3.7032e+01	1.7957e+05	1.7061e+06	4.0353e+02	3.9270e-03	1.0000e-02	0.0000e+00
	98.1000	3.7032e+01	1.7957e+05	1.7062e+06	4.0354e+02	3.9270e-03	1.0000e-02	0.0000e+00
	98.6000	3.7032e+01	1.7958e+05	1.7063e+06	4.0354e+02	3.9270e-03	1.0000e-02	0.0000e+00
	99.1000	3.7032e+01	1.7958e+05	1.7064e+06	4.0355e+02	3.9270e-03	1.0000e-02	0.0000e+00
	99.6000	3.7032e+01	1.7958e+05	1.7065e+06	4.0356e+02	3.9270e-03	1.0000e-02	0.0000e+00
	100.1000	3.7032e+01	1.7959e+05	1.7066e+06	4.0356e+02	3.9270e-03	1.0000e-02	0.0000e+00
	100.5600	3.7032e+01	1.7959e+05	1.7066e+06	4.0356e+02	3.9270e-03	1.0000e-02	0.0000e+00
	101.6400	3.7032e+01	1.7959e+05	1.7067e+06	4.0357e+02	3.9270e-03	1.0000e-02	0.0000e+00
	102.6480	3.7032e+01	1.7959e+05	1.7067e+06	4.0357e+02	3.9270e-03	1.0000e-02	0.0000e+00
	103.6502	3.7032e+01	1.7959e+05	1.7067e+06	4.0357e+02	3.9270e-03	1.0000e-02	0.0000e+00
	104.5626	3.7032e+01	1.7959e+05	1.7067e+06	4.0356e+02	3.9270e-03	1.0000e-02	0.0000e+00
	105.5580	3.7032e+01	1.7959e+05	1.7068e+06	4.0358e+02	3.9270e-03	1.0000e-02	0.0000e+00
	106.7523	3.7032e+01	1.7959e+05	1.7068e+06	4.0357e+02	3.9270e-03	1.0000e-02	0.0000e+00
	107.7079	3.7032e+01	1.7958e+05	1.7066e+06	4.0356e+02	3.9270e-03	1.0000e-02	0.0000e+00
	108.7828	3.7032e+01	1.7959e+05	1.7068e+06	4.0358e+02	3.9270e-03	1.0000e-02	0.0000e+00
	109.9294	3.7032e+01	1.7958e+05	1.7065e+06	4.0356e+02	3.9270e-03	1.0000e-02	0.0000e+00
	110.7894	3.7032e+01	1.7959e+05	1.7068e+06	4.0357e+02	3.9270e-03	1.0000e-02	0.0000e+00
	111.6494	3.7032e+01	1.7960e+05	1.7070e+06	4.0359e+02	3.9270e-03	1.0000e-02	0.0000e+00
	112.5793	3.7032e+01	1.7958e+05	1.7066e+06	4.0356e+02	3.9270e-03	1.0000e-02	0.0000e+00
	113.5793	3.7032e+01	1.7959e+05	1.7069e+06	4.0358e+02	3.9270e-03	1.0000e-02	0.0000e+00
	114.5793	3.7032e+01	1.7960e+05	1.7072e+06	4.0360e+02	3.9270e-03	1.0000e-02	0.0000e+00
	115.5793	3.7032e+01	1.7961e+05	1.7074e+06	4.0361e+02	3.9270e-03	1.0000e-02	0.0000e+00
	116.5793	3.7032e+01	1.7961e+05	1.7076e+06	4.0362e+02	3.9270e-03	1.0000e-02	0.0000e+00
	117.5793	3.7032e+01	1.7962e+05	1.7078e+06	4.0363e+02	3.9270e-03	1.0000e-02	0.0000e+00
	118.5793	3.7032e+01	1.7962e+05	1.7080e+06	4.0365e+02	3.9270e-03	1.0000e-02	0.0000e+00
	119.5793	3.7032e+01	1.7963e+05	1.7082e+06	4.0366e+02	3.9270e-03	1.0000e-02	0.0000e+00
	120.5793	3.7032e+01	1.7963e+05	1.7084e+06	4.0367e+02	3.9270e-03	1.0000e-02	0.0000e+00
	121.5793	3.7032e+01	1.7964e+05	1.7086e+06	4.0369e+02	3.9270e-03	1.0000e-02	0.0000e+00
	122.5793	3.7032e+01	1.7965e+05	1.7088e+06	4.0370e+02	3.9270e-03	1.0000e-02	0.0000e+00
	123.5793	3.7032e+01	1.7965e+05	1.7091e+06	4.0371e+02	3.9270e-03	1.0000e-02	0.0000e+00
	124.5793	3.7032e+01	1.7966e+05	1.7093e+06	4.0372e+02	3.9270e-03	1.0000e-02	0.0000e+00
	125.5793	3.7032e+01	1.7966e+05	1.7095e+06	4.0374e+02	3.9270e-03	1.0000e-02	0.0000e+00
	126.5793	3.7032e+01	1.7967e+05	1.7097e+06	4.0375e+02	3.9270e-03	1.0000e-02	0.0000e+00
	127.5793	3.7032e+01	1.7967e+05	1.7099e+06	4.0376e+02	3.9270e-03	1.0000e-02	0.0000e+00
	128.5793	3.7032e+01	1.7968e+05	1.7101e+06	4.0377e+02	3.9270e-03	1.0000e-02	0.0000e+00
	129.5793	3.7032e+01	1.7968e+05	1.7103e+06	4.0379e+02	3.9270e-03	1.0000e-02	0.0000e+00
	130.5793	3.7032e+01	1.7969e+05	1.7105e+06	4.0380e+02	3.9270e-03	1.0000e-02	0.0000e+00
	131.5793	3.7032e+01	1.7970e+05	1.7107e+06	4.0381e+02	3.9270e-03	1.0000e-02	0.0000e+00
	132.5793	3.7032e+01	1.7970e+05	1.7109e+06	4.0382e+02	3.9270e-03	1.0000e-02	0.0000e+00
	133.5793	3.7032e+01	1.7971e+05	1.7111e+06	4.0384e+02	3.9270e-03	1.0000e-02	0.0000e+00
	134.5793	3.7032e+01	1.7971e+05	1.7113e+06	4.0385e+02	3.9270e-03	1.0000e-02	0.0000e+00
	135.5793	3.7032e+01	1.7972e+05	1.7116e+06	4.0386e+02	3.9270e-03	1.0000e-02	0.0000e+00
	136.5793	3.7032e+01	1.7972e+05	1.7118e+06	4.0388e+02	3.9270e-03	1.0000e-02	0.0000e+00
	137.5793	3.7032e+01	1.7973e+05	1.7120e+06	4.0389e+02	3.9270e-03	1.0000e-02	0.0000e+00
	138.5793	3.7032e+01	1.7974e+05	1.7122e+06	4.0390e+02	3.9270e-03	1.0000e-02	0.0000e+00
	139.5793	3.7032e+01	1.7974e+05	1.7124e+06	4.0391e+02	3.9270e-03	1.0000e-02	0.0000e+00
	140.5793	3.7032e+01	1.7975e+05	1.7126e+06	4.0393e+02	3.9270e-03	1.0000e-02	0.0000e+00
	141.5793	3.7032e+01	1.7975e+05	1.7128e+06	4.0394e+02	3.9270e-03	1.0000e-02	0.0000e+00
	142.5793	3.7032e+01	1.7976e+05	1.7130e+06	4.0395e+02	3.9270e-03	1.0000e-02	0.0000e+00
	143.5793	3.7032e+01	1.7976e+05	1.7132e+06	4.0396e+02	3.9270e-03	1.0000e-02	0.0000e+00
	144.5793	3.7032e+01	1.7977e+05	1.7134e+06	4.0398e+02	3.9270e-03	1.0000e-02	0.0000e+00
	145.5793	3.7032e+01	1.7978e+05	1.7136e+06	4.0399e+02	3.9270e-03	1.0000e-02	0.0000e+00
	146.5793	3.7032e+01	1.7978e+05	1.7139e+06	4.0400e+02	3.9270e-03	1.0000e-02	0.0000e+00
	147.5793	3.7032e+01	1.7979e+05	1.7141e+06	4.0401e+02	3.9270e-03	1.0000e-02	0.0000e+00
	148.5793	3.7032e+01	1.7979e+05	1.7143e+06	4.0403e+02	3.9270e-03	1.0000e-02	0.0000e+00
	149.5793	3.7032e+01	1.7980e+05	1.7145e+06	4.0404e+02	3.9270e-03	1.0000e-02	0.0000e+00
	150.5793	3.7032e+01	1.7980e+05	1.7147e+06	4.0405e+02	3.9270e-03	1.0000e-02	0.0000e+00
	151.5793	3.7032e+01	1.7981e+05	1.7149e+06	4.0407e+02	3.9270e-03	1.0000e-02	0.0000e+00
	152.5793	3.7032e+01	1.7981e+05	1.7151e+06	4.0408e+02	3.9270e-03	1.0000e-02	0.0000e+00
	153.5793	3.7032e+01	1.7982e+05	1.7153e+06	4.0409e+02	3.9270e-03	1.0000e-02	0.0000e+00
	154.5793	3.7032e+01	1.7983e+05	1.7155e+06	4.0410e+02	3.9270e-03	1.0000e-02	0.0000e+00
	155.5793	3.7032e+01	1.7983e+05	1.7157e+06	4.0412e+02	3.9270e-03	1.0000e-02	0.0000e+00
	156.5793	3.7032e+01	1.7984e+05	1.7159e+06	4.0413e+02	3.9270e-03	1.0000e-02	0.0000e+00
	157.5793	3.7032e+01	1.7984e+05	1.7161e+06	4.0414e+02	3.9270e-03	1.0000e-02	0.0000e+00
	158.5793	3.7032e+01	1.7985e+05	1.7163e+06	4.0415e+02	3.9270e-03	1.0000e-02	0.0000e+00
	159.5793	3.7032e+01	1.7985e+05	1.7165e+06	4.0416e+02	3.9270e-03	1.0000e-02	0.0000e+00
	160.5793	3.7032e+01	1.7986e+05	1.7167e+06	4.0418e+02	3.9270e-03	1.0000e-02	0.0000e+00
	161.5793	3.7032e+01	1.7986e+05	1.7169e+06	4.0419e+02	3.9270e-03	1.0000e-02	0.0000e+00
	162.5793	3.7032e+01	1.7987e+05	1.7171e+06	4.0420e+02	3.9270e-03	1.0000e-02	0.0000e+00
	163.5793	3.7032e+01	1.7987e+05	1.7173e+06	4.0421e+02	3.9270e-03	1.0000e-02	0.0000e+00
	164.5793	3.7032e+01	1.7988e+05	1.7175e+06	4.0422e+02	3.9270e-03	1.0000e-02	0.0000e+00
	165.5793	3.7032e+01	1.7988e+05	1.7177e+06	4.0424e+02	3.9270e-03	1.0000e-02	0.0000e+00
	166.5793	3.7032e+01	1.7989e+05	1.7179e+06	4.0425e+02	3.9270e-03	1.0000e-02	0.0000e+00
	167.5793	3.7032e+01	1.7989e+05	1.7181e+06	4.0426e+02	3.9270e-03	1.0000e-02	0.0000e+00
	168.5793	3.7032e+01	1.7990e+05	1.7183e+06	4.0427e+02	3.9270e-03	1.0000e-02	0.0000e+00
	169.5793	3.7032e+01	1.7991e+05	1.7185e+06	4.0428e+02	3.9270e-03	1.0000e-02	0.0000e+00
	170.5793	3.7032e+01	1.7991e+05	1.7186e+06	4.0429e+02	3.9270e-03	1.0000e-02	0.0000e+00
	171.5793	3.7032e+01	1.7992e+05	1.7188e+06	4.0430e+02	3.9270e-03	1.0000e-02	0.0000e+00
	172.5793	3.7032e+01	1.7992e+05	1.7190e+06	4.0432e+02	3.9270e-03	1.0000e-02	0.0000e+00
	173.5793	3.7032e+01	1.7993e+05	1.7192e+06	4.0433e+02	3.9270e-03	1.0000e-02	0.0000e+00
	174.5793	3.7032e+01	1.7993e+05	1.7194e+06	4.0434e+02	3.9270e-03	1.0000e-02	0.0000e+00
	175.5793	3.7032e+01	1.7994e+05	1.7196e+06	4.0435e+02	3.9270e-03	1.0000e-02	0.0000e+00
	176.5793	3.7032e+01	1.7994e+05	1.7198e+06	4.0436e+02	3.9270e-03	1.0000e-02	0.0000e+00
	177.5793	3.7032e+01	1.7995e+05	1.7200e+06	4.0437e+02	3.9270e-03	1.0000e-02	0.0000e+00
	178.5793	3.7032e+01	1.7995e+05	1.7201e+06	4.0438e+02	3.9270e-03	1.0000e-02	0.0000e+00
	179.5793	3.7032e+01	1.7996e+05	1.7203e+06	4.0439e+02	3.9270e-03	1.0000e-02	0.0000e+00
	180.5793	3.7032e+01	1.7996e+05	1.7205e+06	4.0441e+02	3.9270e-03	1.0000e-02	0.0000e+00
	181.5793	3.7032e+01	1.7997e+05	1.7207e+06	4.0442e+02	3.9270e-03	1.0000e-02	0.0000e+00
	182.5793	3.7032e+01	1.7997e+05	1.7209e+06	4.0443e+02	3.9270e-03	1.0000e-02	0.0000e+00
	183.5793	3.7032e+01	1.7998e+05	1.7211e+06	4.0444e+02	3.9270e-03	1.0000e-02	0.0000e+00
	184.5793	3.7032e+01	1.7998e+05	1.7213e+06	4.0445e+02	3.9270e-03	1.0000e-02	0.0000e+00
	185.5793	3.7032e+01	1.7999e+05	1.7215e+06	4.0446e+02	3.9270e-03	1.0000e-02	0.0000e+00
	186.5793	3.7032e+01	1.7999e+05	1.7217e+06	4.0448e+02	3.9270e-03	1.0000e-02	0.0000e+00
	187.5793	3.7032e+01	1.8000e+05	1.7219e+06	4.0449e+02	3.9270e-03	1.0000e-02	0.0000e+00
	188.5793	3.7032e+01	1.8000e+05	1.7220e+06	4.0450e+02	3.9270e-03	1.0000e-02	0.0000e+00
	189.5793	3.7032e+01	1.8001e+05	1.7222e+06	4.0451e+02	3.9270e-03	1.0000e-02	0.0000e+00
	190.5793	3.7032e+01	1.8001e+05	1.7224e+06	4.0452e+02	3.9270e-03	1.0000e-02	0.0000e+00
	191.5793	3.7032e+01	1.8002e+05	1.7226e+06	4.0453e+02	3.9270e-03	1.0000e-02	0.0000e+00
	192.5793	3.7032e+01	1.8002e+05	1.7228e+06	4.0455e+02	3.9270e-03	1.0000e-02	0.0000e+00
	193.5793	3.7032e+01	1.8003e+05	1.7230e+06	4.0456e+02	3.9270e-03	1.0000e-02	0.0000e+00
	194.5793	3.7032e+01	1.8003e+05	1.7232e+06	4.0457e+02	3.9270e-03	1.0000e-02	0.0000e+00
	195.5793	3.7032e+01	1.8004e+05	1.7233e+06	4.0458e+02	3.9270e-03	1.0000e-02	0.0000e+00
	196.5793	3.7032e+01	1.8004e+05	1.7235e+06	4.0459e+02	3.9270e-03	1.0000e-02	0.0000e+00
	197.5793	3.7032e+01	1.8005e+05	1.7237e+06	4.0460e+02	3.9270e-03	1.0000e-02	0.0000e+00
	198.5793	3.7032e+01	1.8005e+05	1.7238e+06	4.0461e+02	3.9270e-03	1.0000e-02	0.0000e+00
	199.5793	3.7032e+01	1.8006e+05	1.7240e+06	4.0462e+02	3.9270e-03	1.0000e-02	0.0000e+00
	200.5793	3.7032e+01	1.8006e+05	1.7242e+06	4.0463e+02	3.9270e-03	1.0000e-02	0.0000e+00
	205.6793	3.7032e+01	1.8007e+05	1.7245e+06	4.0465e+02	3.9270e-03	1.0000e-02	0.0000e+00
	210.8633	3.7032e+01	1.7998e+05	1.7212e+06	4.0444e+02	3.9270e-03	1.0000e-02	0.0000e+00
	216.1833	3.7032e+01	1.7987e+05	1.7173e+06	4.0421e+02	3.9270e-03	1.0000e-02	0.0000e+00
	221.1833	3.7032e+01	1.7995e+05	1.7202e+06	4.0439e+02	3.9270e-03	1.0000e-02	0.0000e+00
	226.1833	3.7032e+01	1.8011e+05	1.7260e+06	4.0474e+02	3.9270e-03	1.0000e-02	0.0000e+00
	231.1833	3.7032e+01	1.8002e+05	1.7227e+06	4.0454e+02	3.9270e-03	1.0000e-02	0.0000e+00
	236.1833	3.7032e+01	1.8023e+05	1.7305e+06	4.0501e+02	3.9270e-03	1.0000e-02	0.0000e+00
	241.1833	3.7032e+01	1.8025e+05	1.7313e+06	4.0506e+02	3.9270e-03	1.0000e-02	0.0000e+00
	246.1833	3.7032e+01	1.8027e+05	1.7319e+06	4.0510e+02	3.9270e-03	1.0000e-02	0.0000e+00
	251.1833	3.7032e+01	1.8025e+05	1.7313e+06	4.0506e+02	3.9270e-03	1.0000e-02	0.0000e+00
	256.1833	3.7032e+01	1.8009e+05	1.7253e+06	4.0469e+02	3.9270e-03	1.0000e-02	0.0000e+00
	261.1833	3.7032e+01	1.8024e+05	1.7307e+06	4.0502e+02	3.9270e-03	1.0000e-02	0.0000e+00
	266.1833	3.7032e+01	1.8015e+05	1.7277e+06	4.0484e+02	3.9270e-03	1.0000e-02	0.0000e+00
	271.1833	3.7032e+01	1.8036e+05	1.7354e+06	4.0531e+02	3.9270e-03	1.0000e-02	0.0000e+00
	276.1833	3.7032e+01	1.8032e+05	1.7338e+06	4.0521e+02	3.9270e-03	1.0000e-02	0.0000e+00
	281.1833	3.7032e+01	1.8034e+05	1.7346e+06	4.0526e+02	3.9270e-03	1.0000e-02	0.0000e+00
	286.1833	3.7032e+01	1.8035e+05	1.7349e+06	4.0528e+02	3.9270e-03	1.0000e-02	0.0000e+00
	291.1833	3.7032e+01	1.8031e+05	1.7334e+06	4.0519e+02	3.9270e-03	1.0000e-02	0.0000e+00
	296.1833	3.7032e+01	1.8042e+05	1.7376e+06	4.0544e+02	3.9270e-03	1.0000e-02	0.0000e+00
	301.1833	3.7032e+01	1.8025e+05	1.7312e+06	4.0506e+02	3.9270e-03	1.0000e-02	0.0000e+00
	306.1833	3.7032e+01	1.8039e+05	1.7363e+06	4.0536e+02	3.9270e-03	1.0000e-02	0.0000e+00
	311.1833	3.7032e+01	1.8051e+05	1.7407e+06	4.0563e+02	3.9270e-03	1.0000e-02	0.0000e+00
	316.1833	3.7032e+01	1.8049e+05	1.7402e+06	4.0560e+02	3.9270e-03	1.0000e-02	0.0000e+00
	321.1833	3.7032e+01	1.8029e+05	1.7327e+06	4.0515e+02	3.9270e-03	1.0000e-02	0.0000e+00
	326.1833	3.7032e+01	1.8054e+05	1.7420e+06	4.0571e+02	3.9270e-03	1.0000e-02	0.0000e+00
	331.1833	3.7032e+01	1.8038e+05	1.7361e+06	4.0535e+02	3.9270e-03	1.0000e-02	0.0000e+00
	336.1833	3.7032e+01	1.8059e+05	1.7439e+06	4.0582e+02	3.9270e-03	1.0000e-02	0.0000e+00
	341.1833	3.7032e+01	1.8059e+05	1.7440e+06	4.0583e+02	3.9270e-03	1.0000e-02	0.0000e+00
	346.1833	3.7032e+01	1.8052e+05	1.7411e+06	4.0566e+02	3.9270e-03	1.0000e-02	0.0000e+00
	351.1833	3.7032e+01	1.8054e+05	1.7421e+06	4.0572e+02	3.9270e-03	1.0000e-02	0.0000e+00
	356.1833	3.7032e+01	1.8037e+05	1.7357e+06	4.0533e+02	3.9270e-03	1.0000e-02	0.0000e+00
	361.1833	3.7032e+01	1.8043e+05	1.7380e+06	4.0547e+02	3.9270e-03	1.0000e-02	0.0000e+00
	366.1833	3.7032e+01	1.8055e+05	1.7425e+06	4.0574e+02	3.9270e-03	1.0000e-02	0.0000e+00
	371.1833	3.7032e+01	1.8060e+05	1.7441e+06	4.0584e+02	3.9270e-03	1.0000e-02	0.0000e+00
	376.1833	3.7032e+01	1.8052e+05	1.7412e+06	4.0566e+02	3.9270e-03	1.0000e-02	0.0000e+00
	381.1833	3.7032e+01	1.8069e+05	1.7476e+06	4.0605e+02	3.9270e-03	1.0000e-02	0.0000e+00
	386.1833	3.7032e+01	1.8045e+05	1.7386e+06	4.0550e+02	3.9270e-03	1.0000e-02	0.0000e+00
	391.1833	3.7032e+01	1.8047e+05	1.7392e+06	4.0554e+02	3.9270e-03	1.0000e-02	0.0000e+00
	396.1833	3.7032e+01	1.8050e+05	1.7406e+06	4.0562e+02	3.9270e-03	1.0000e-02	0.0000e+00
	401.1833	3.7032e+01	1.8075e+05	1.7499e+06	4.0619e+02	3.9270e-03	1.0000e-02	0.0000e+00
	406.1833	3.7032e+01	1.8059e+05	1.7438e+06	4.0582e+02	3.9270e-03	1.0000e-02	0.0000e+00
	411.1833	3.7032e+01	1.8079e+05	1.7513e+06	4.0627e+02	3.9270e-03	1.0000e-02	0.0000e+00
	416.1833	3.7032e+01	1.8073e+05	1.7488e+06	4.0612e+02	3.9270e-03	1.0000e-02	0.0000e+00
	421.1833	3.7032e+01	1.8058e+05	1.7435e+06	4.0580e+02	3.9270e-03	1.0000e-02	0.0000e+00
	426.1833	3.7032e+01	1.8077e+05	1.7505e+06	4.0623e+02	3.9270e-03	1.0000e-02	0.0000e+00
	431.1833	3.7032e+01	1.8078e+05	1.7508e+06	4.0625e+02	3.9270e-03	1.0000e-02	0.0000e+00
	436.1833	3.7032e+01	1.8080e+05	1.7515e+06	4.0629e+02	3.9270e-03	1.0000e-02	0.0000e+00
	441.1833	3.7032e+01	1.8079e+05	1.7511e+06	4.0626e+02	3.9270e-03	1.0000e-02	0.0000e+00
	446.1833	3.7032e+01	1.8064e+05	1.7458e+06	4.0594e+02	3.9270e-03	1.0000e-02	0.0000e+00
	451.1833	3.7032e+01	1.8080e+05	1.7516e+06	4.0629e+02	3.9270e-03	1.0000e-02	0.0000e+00
	456.1833	3.7032e+01	1.8064e+05	1.7457e+06	4.0593e+02	3.9270e-03	1.0000e-02	0.0000e+00
	461.1833	3.7032e+01	1.8084e+05	1.7529e+06	4.0637e+02	3.9270e-03	1.0000e-02	0.0000e+00
	466.1833	3.7032e+01	1.8076e+05	1.7503e+06	4.0621e+02	3.9270e-03	1.0000e-02	0.0000e+00
	471.1833	3.7032e+01	1.8075e+05	1.7499e+06	4.0619e+02	3.9270e-03	1.0000e-02	0.0000e+00
	476.1833	3.7032e+01	1.8088e+05	1.7547e+06	4.0648e+02	3.9270e-03	1.0000e-02	0.0000e+00
	481.1833	3.7032e+01	1.8087e+05	1.7541e+06	4.0645e+02	3.9270e-03	1.0000e-02	0.0000e+00
	486.1833	3.7032e+01	1.8071e+05	1.7483e+06	4.0609e+02	3.9270e-03	1.0000e-02	0.0000e+00
	491.1833	3.7032e+01	1.8097e+05	1.7578e+06	4.0667e+02	3.9270e-03	1.0000e-02	0.0000e+00
	496.1833	3.7032e+01	1.8090e+05	1.7553e+06	4.0651e+02	3.9270e-03	1.0000e-02	0.0000e+00
	501.1833	3.7032e+01	1.8074e+05	1.7494e+06	4.0616e+02	3.9270e-03	1.0000e-02	0.0000e+00
	511.8233	3.7032e+01	1.8042e+05	1.7375e+06	4.0544e+02	3.9270e-03	1.0000e-02	0.0000e+00
	520.7513	3.7032e+01	1.8092e+05	1.7560e+06	4.0656e+02	3.9270e-03	1.0000e-02	0.0000e+00
	531.3913	3.7032e+01	1.8087e+05	1.7541e+06	4.0644e+02	3.9270e-03	1.0000e-02	0.0000e+00
	541.3913	3.7032e+01	1.7990e+05	1.7184e+06	4.0428e+02	3.9270e-03	1.0000e-02	0.0000e+00
	551.3913	3.7032e+01	1.8070e+05	1.7480e+06	4.0608e+02	3.9270e-03	1.0000e-02	0.0000e+00
	561.3913	3.7032e+01	1.8082e+05	1.7524e+06	4.0634e+02	3.9270e-03	1.0000e-02	0.0000e+00
	571.3913	3.7032e+01	1.8075e+05	1.7497e+06	4.0617e+02	3.9270e-03	1.0000e-02	0.0000e+00
	581.3913	3.7032e+01	1.8081e+05	1.7521e+06	4.0632e+02	3.9270e-03	1.0000e-02	0.0000e+00
	591.3913	3.7032e+01	1.8073e+05	1.7491e+06	4.0614e+02	3.9270e-03	1.0000e-02	0.0000e+00
	601.3913	3.7032e+01	1.8105e+05	1.7609e+06	4.0686e+02	3.9270e-03	1.0000e-02	0.0000e+00
	611.3913	3.7032e+01	1.7986e+05	1.7169e+06	4.0419e+02	3.9270e-03	1.0000e-02	0.0000e+00
	621.3913	3.7032e+01	1.7971e+05	1.7112e+06	4.0384e+02	3.9270e-03	1.0000e-02	0.0000e+00
	631.3913	3.7032e+01	1.8046e+05	1.7392e+06	4.0554e+02	3.9270e-03	1.0000e-02	0.0000e+00
	641.3913	3.7032e+01	1.8077e+05	1.7506e+06	4.0623e+02	3.9270e-03	1.0000e-02	0.0000e+00
	651.3913	3.7032e+01	1.8102e+05	1.7599e+06	4.0680e+02	3.9270e-03	1.0000e-02	0.0000e+00
	661.3913	3.7032e+01	1.8119e+05	1.7660e+06	4.0716e+02	3.9270e-03	1.0000e-02	0.0000e+00
	671.3913	3.7032e+01	1.8077e+05	1.7504e+06	4.0622e+02	3.9270e-03	1.0000e-02	0.0000e+00
	681.3913	3.7032e+01	1.8015e+05	1.7276e+06	4.0483e+02	3.9270e-03	1.0000e-02	0.0000e+00
	691.3913	3.7032e+01	1.8072e+05	1.7487e+06	4.0612e+02	3.9270e-03	1.0000e-02	0.0000e+00
	701.3913	3.7032e+01	1.8055e+05	1.7423e+06	4.0573e+02	3.9270e-03	1.0000e-02	0.0000e+00
	711.3913	3.7032e+01	1.8088e+05	1.7544e+06	4.0646e+02	3.9270e-03	1.0000e-02	0.0000e+00
	721.3913	3.7032e+01	1.8129e+05	1.7699e+06	4.0740e+02	3.9270e-03	1.0000e-02	0.0000e+00
	731.3913	3.7032e+01	1.8129e+05	1.7697e+06	4.0739e+02	3.9270e-03	1.0000e-02	0.0000e+00
	741.3913	3.7032e+01	1.8120e+05	1.7666e+06	4.0720e+02	3.9270e-03	1.0000e-02	0.0000e+00
	751.3913	3.7032e+01	1.8108e+05	1.7619e+06	4.0692e+02	3.9270e-03	1.0000e-02	0.0000e+00
	761.3913	3.7032e+01	1.8091e+05	1.7557e+06	4.0654e+02	3.9270e-03	1.0000e-02	0.0000e+00
	771.3913	3.7032e+01	1.8109e+05	1.7625e+06	4.0695e+02	3.9270e-03	1.0000e-02	0.0000e+00
	781.3913	3.7032e+01	1.8049e+05	1.7400e+06	4.0559e+02	3.9270e-03	1.0000e-02	0.0000e+00
	791.3913	3.7032e+01	1.8018e+05	1.7285e+06	4.0489e+02	3.9270e-03	1.0000e-02	0.0000e+00
	801.3913	3.7032e+01	1.8130e+05	1.7700e+06	4.0741e+02	3.9270e-03	1.0000e-02	0.0000e+00
	811.3913	3.7032e+01	1.7991e+05	1.7185e+06	4.0428e+02	3.9270e-03	1.0000e-02	0.0000e+00
	821.3913	3.7032e+01	1.8080e+05	1.7518e+06	4.0630e+02	3.9270e-03	1.0000e-02	0.0000e+00
	831.3913	3.7032e+01	1.8129e+05	1.7698e+06	4.0740e+02	3.9270e-03	1.0000e-02	0.0000e+00
	841.3913	3.7032e+01	1.8102e+05	1.7596e+06	4.0678e+02	3.9270e-03	1.0000e-02	0.0000e+00
	851.3913	3.7032e+01	1.8142e+05	1.7746e+06	4.0769e+02	3.9270e-03	1.0000e-02	0.0000e+00
	861.3913	3.7032e+01	1.8146e+05	1.7759e+06	4.0776e+02	3.9270e-03	1.0000e-02	0.0000e+00
	871.3913	3.7032e+01	1.8135e+05	1.7719e+06	4.0752e+02	3.9270e-03	1.0000e-02	0.0000e+00
	881.3913	3.7032e+01	1.8147e+05	1.7765e+06	4.0780e+02	3.9270e-03	1.0000e-02	0.0000e+00
	891.3913	3.7032e+01	1.8136e+05	1.7725e+06	4.0756e+02	3.9270e-03	1.0000e-02	0.0000e+00
	901.3913	3.7032e+01	1.8148e+05	1.7768e+06	4.0782e+02	3.9270e-03	1.0000e-02	0.0000e+00
	911.3913	3.7032e+01	1.8142e+05	1.7747e+06	4.0770e+02	3.9270e-03	1.0000e-02	0.0000e+00
	921.3913	3.7032e+01	1.8059e+05	1.7437e+06	4.0581e+02	3.9270e-03	1.0000e-02	0.0000e+00
	931.3913	3.7032e+01	1.8150e+05	1.7774e+06	4.0786e+02	3.9270e-03	1.0000e-02	0.0000e+00
	941.3913	3.7032e+01	1.8149e+05	1.7772e+06	4.0785e+02	3.9270e-03	1.0000e-02	0.0000e+00
	951.3913	3.7032e+01	1.8148e+05	1.7768e+06	4.0782e+02	3.9270e-03	1.0000e-02	0.0000e+00
	961.3913	3.7032e+01	1.8112e+05	1.7635e+06	4.0702e+02	3.9270e-03	1.0000e-02	0.0000e+00
	971.3913	3.7032e+01	1.8150e+05	1.7774e+06	4.0786e+02	3.9270e-03	1.0000e-02	0.0000e+00
	981.3913	3.7032e+01	1.8112e+05	1.7634e+06	4.0701e+02	3.9270e-03	1.0000e-02	0.0000e+00
	991.3913	3.7032e+01	1.8150e+05	1.7775e+06	4.0786e+02	3.9270e-03	1.0000e-02	0.0000e+00
	1001.3913	3.7032e+01	1.8087e+05	1.7543e+06	4.0646e+02	3.9270e-03	1.0000e-02	0.0000e+00
	1011.7913	3.7032e+01	1.8103e+05	1.7600e+06	4.0680e+02	3.9270e-03	1.0000e-02	0.0000e+00
	1061.8073	3.7032e+01	1.8106e+05	1.7611e+06	4.0687e+02	3.9270e-03	1.0000e-02	0.0000e+00
	1111.5737	3.7032e+01	1.7387e+05	1.4949e+06	3.9072e+02	3.9270e-03	1.0000e-02	0.0000e+00
	1161.5504	3.7032e+01	1.7594e+05	1.5715e+06	3.9537e+02	3.9270e-03	1.0000e-02	0.0000e+00
	1211.5504	3.7032e+01	1.7561e+05	1.5595e+06	3.9463e+02	3.9270e-03	1.0000e-02	0.0000e+00
	1261.5504	3.7032e+01	1.7738e+05	1.6250e+06	3.9861e+02	3.9270e-03	1.0000e-02	0.0000e+00
	1311.5504	3.7032e+01	1.7796e+05	1.6466e+06	3.9992e+02	3.9270e-03	1.0000e-02	0.0000e+00
	1361.5504	3.7032e+01	1.7438e+05	1.5137e+06	3.9186e+02	3.9270e-03	1.0000e-02	0.0000e+00
	1411.5504	3.7032e+01	1.7417e+05	1.5060e+06	3.9139e+02	3.9270e-03	1.0000e-02	0.0000e+00
	1461.5504	3.7032e+01	1.7536e+05	1.5500e+06	3.9406e+02	3.9270e-03	1.0000e-02	0.0000e+00
	1511.5504	3.7032e+01	1.7508e+05	1.5399e+06	3.9345e+02	3.9270e-03	1.0000e-02	0.0000e+00
	1561.5504	3.7032e+01	1.7602e+05	1.5745e+06	3.9555e+02	3.9270e-03	1.0000e-02	0.0000e+00
	1611.5504	3.7032e+01	1.7600e+05	1.5737e+06	3.9550e+02	3.9270e-03	1.0000e-02	0.0000e+00
	1661.5504	3.7032e+01	1.7668e+05	1.5991e+06	3.9704e+02	3.9270e-03	1.0000e-02	0.0000e+00
	1711.5504	3.7032e+01	1.7975e+05	1.7126e+06	4.0393e+02	3.9270e-03	1.0000e-02	0.0000e+00
	1761.5504	3.7032e+01	1.7777e+05	1.6393e+06	3.9948e+02	3.9270e-03	1.0000e-02	0.0000e+00
	1811.5504	3.7032e+01	1.7809e+05	1.6513e+06	4.0021e+02	3.9270e-03	1.0000e-02	0.0000e+00
	1861.5504	3.7032e+01	1.8066e+05	1.7464e+06	4.0597e+02	3.9270e-03	1.0000e-02	0.0000e+00
	1911.5504	3.7032e+01	1.7914e+05	1.6901e+06	4.0256e+02	3.9270e-03	1.0000e-02	0.0000e+00
	1961.5504	3.7032e+01	1.7632e+05	1.5857e+06	3.9622e+02	3.9270e-03	1.0000e-02	0.0000e+00
	2011.5504	3.7032e+01	1.7637e+05	1.5874e+06	3.9633e+02	3.9270e-03	1.0000e-02	0.0000e+00
	2061.5504	3.7032e+01	1.7641e+05	1.5891e+06	3.9643e+02	3.9270e-03	1.0000e-02	0.0000e+00
	2111.5504	3.7032e+01	1.7646e+05	1.5907e+06	3.9653e+02	3.9270e-03	1.0000e-02	0.0000e+00
	2161.5504	3.7032e+01	1.7650e+05	1.5924e+06	3.9663e+02	3.9270e-03	1.0000e-02	0.0000e+00
	2211.5504	3.7032e+01	1.7655e+05	1.5940e+06	3.9673e+02	3.9270e-03	1.0000e-02	0.0000e+00
	2261.5504	3.7032e+01	1.7659e+05	1.5957e+06	3.9683e+02	3.9270e-03	1.0000e-02	0.0000e+00
	2311.5504	3.7032e+01	1.7663e+05	1.5973e+06	3.9693e+02	3.9270e-03	1.0000e-02	0.0000e+00
	2361.5504	3.7032e+01	1.7668e+05	1.5990e+06	3.9703e+02	3.9270e-03	1.0000e-02	0.0000e+00
	2411.5504	3.7032e+01	1.7672e+05	1.6006e+06	3.9713e+02	3.9270e-03	1.0000e-02	0.0000e+00
	2461.5504	3.7032e+01	1.7677e+05	1.6022e+06	3.9723e+02	3.9270e-03	1.0000e-02	0.0000e+00
	2511.5504	3.7032e+01	1.7681e+05	1.6038e+06	3.9733e+02	3.9270e-03	1.0000e-02	0.0000e+00
	2561.5504	3.7032e+01	1.7685e+05	1.6055e+06	3.9742e+02	3.9270e-03	1.0000e-02	0.0000e+00
	2611.5504	3.7032e+01	1.7690e+05	1.6071e+06	3.9752e+02	3.9270e-03	1.0000e-02	0.0000e+00
	2661.5504	3.7032e+01	1.7694e+05	1.6087e+06	3.9762e+02	3.9270e-03	1.0000e-02	0.0000e+00
	2711.5504	3.7032e+01	1.7698e+05	1.6103e+06	3.9772e+02	3.9270e-03	1.0000e-02	0.0000e+00
	2761.5504	3.7032e+01	1.7703e+05	1.6118e+06	3.9781e+02	3.9270e-03	1.0000e-02	0.0000e+00
	2811.5504	3.7032e+01	1.7707e+05	1.6134e+06	3.9791e+02	3.9270e-03	1.0000e-02	0.0000e+00
	2861.5504	3.7032e+01	1.7711e+05	1.6150e+06	3.9800e+02	3.9270e-03	1.0000e-02	0.0000e+00
	2911.5504	3.7032e+01	1.7715e+05	1.6166e+06	3.9810e+02	3.9270e-03	1.0000e-02	0.0000e+00
	2961.5504	3.7032e+01	1.7720e+05	1.6181e+06	3.9819e+02	3.9270e-03	1.0000e-02	0.0000e+00
	3011.5504	3.7032e+01	1.7724e+05	1.6197e+06	3.9829e+02	3.9270e-03	1.0000e-02	0.0000e+00
	3061.5504	3.7032e+01	1.7728e+05	1.6212e+06	3.9838e+02	3.9270e-03	1.0000e-02	0.0000e+00
	3111.5504	3.7032e+01	1.7732e+05	1.6228e+06	3.9847e+02	3.9270e-03	1.0000e-02	0.0000e+00
	3161.5504	3.7032e+01	1.7736e+05	1.6243e+06	3.9857e+02	3.9270e-03	1.0000e-02	0.0000e+00
	3211.5504	3.7032e+01	1.7740e+05	1.6258e+06	3.9866e+02	3.9270e-03	1.0000e-02	0.0000e+00
	3261.5504	3.7032e+01	1.7745e+05	1.6274e+06	3.9875e+02	3.9270e-03	1.0000e-02	0.0000e+00
	3311.5504	3.7032e+01	1.7749e+05	1.6289e+06	3.9885e+02	3.9270e-03	1.0000e-02	0.0000e+00
	3361.5504	3.7032e+01	1.7753e+05	1.6304e+06	3.9894e+02	3.9270e-03	1.0000e-02	0.0000e+00
	3411.5504	3.7032e+01	1.7757e+05	1.6319e+06	3.9903e+02	3.9270e-03	1.0000e-02	0.0000e+00
	3461.5504	3.7032e+01	1.7761e+05	1.6334e+06	3.9912e+02	3.9270e-03	1.0000e-02	0.0000e+00
	3511.5504	3.7032e+01	1.7837e+05	1.6615e+06	4.0082e+02	3.9270e-03	1.0000e-02	0.0000e+00
	3561.5504	3.7032e+01	1.7849e+05	1.6659e+06	4.0109e+02	3.9270e-03	1.0000e-02	0.0000e+00
	3601.5504	3.7032e+01	1.7989e+05	1.7179e+06	4.0425e+02	3.9270e-03	1.0000e-02	0.0000e+00
