# particle summary records
#1:id 2:tgen 3:zgen 4:tset 5:rset 6:irset 7:mass 8:num 9:diaset 10:eneset 11:tempset 12:tsfset
	1	0.1000	5.8549e+00	30.0000	3.1370e-03	1549134658	1.0831e-07	4.5648e+07	2.7993e-04	1.6305e+05	3.6641e+02	3.6641e+02
	2	0.1000	5.8579e+00	15.1000	7.8550e-03	1549134658	9.7497e-07	5.0740e+06	5.8232e-04	1.6306e+05	3.6643e+02	3.6643e+02
	3	0.1000	5.8609e+00	12.7000	1.1711e-02	1549134658	2.8301e-06	1.7490e+06	8.3067e-04	1.6307e+05	3.6646e+02	3.6646e+02
	4	0.1000	5.8639e+00	11.2000	1.4964e-02	1549134658	5.8468e-06	8.4706e+05	1.0580e-03	1.6309e+05	3.6649e+02	3.6649e+02
	5	0.1000	5.8669e+00	10.3000	1.8043e-02	1549134658	1.0238e-05	4.8401e+05	1.2752e-03	1.6312e+05	3.6655e+02	3.6655e+02
	6	0.1000	5.8699e+00	9.5000	2.1036e-02	1549134658	1.6269e-05	3.0476e+05	1.4881e-03	1.6314e+05	3.6662e+02	3.6662e+02
	7	0.1000	5.8729e+00	8.9000	2.3993e-02	1549134658	2.4274e-05	2.0438e+05	1.7004e-03	1.6317e+05	3.6668e+02	3.6668e+02
	8	0.1000	5.8759e+00	8.4000	2.6952e-02	1549134658	3.4679e-05	1.4314e+05	1.9151e-03	1.6321e+05	3.6677e+02	3.6677e+02
	9	0.1000	5.8789e+00	8.0000	2.9947e-02	1549134658	4.8039e-05	1.0339e+05	2.1348e-03	1.6328e+05	3.6692e+02	3.6692e+02
	10	0.1000	5.8819e+00	7.6000	3.3009e-02	1549134658	6.5091e-05	7.6348e+04	2.3623e-03	1.6346e+05	3.6732e+02	3.6732e+02
	11	0.1000	5.8849e+00	7.2000	3.6172e-02	1549134658	8.6833e-05	5.7264e+04	2.6005e-03	1.6433e+05	3.6929e+02	3.6929e+02
	12	0.1000	5.8879e+00	6.9000	3.9474e-02	1549134658	1.1466e-04	4.3392e+04	2.8530e-03	1.8467e+05	4.1498e+02	4.0403e+02
	13	0.1000	5.8909e+00	6.6000	4.2966e-02	1549134658	1.5058e-04	3.3060e+04	3.1243e-03	3.0090e+05	6.7618e+02	6.0996e+02
	14	0.1000	5.8939e+00	6.4000	4.6763e-02	1549134658	1.9761e-04	2.5205e+04	3.4206e-03	4.0469e+05	9.0941e+02	8.3898e+02
	15	0.1000	5.8969e+00	6.1000	5.0925e-02	1549134658	2.6056e-04	1.9126e+04	3.7509e-03	5.0155e+05	1.1271e+03	1.0581e+03
	16	0.1000	5.8999e+00	5.8000	5.5601e-02	1549134658	3.4761e-04	1.4345e+04	4.1291e-03	5.8906e+05	1.3237e+03	1.2372e+03
	17	0.1000	5.9029e+00	5.5000	6.1047e-02	1549134658	4.7415e-04	1.0523e+04	4.5793e-03	6.8227e+05	1.5332e+03	1.4227e+03
	18	0.1000	5.9059e+00	5.2000	6.7795e-02	1549134658	6.7388e-04	7.4080e+03	5.1486e-03	7.8512e+05	1.7643e+03	1.6193e+03
	19	0.1000	5.9089e+00	4.9000	7.7038e-02	1549134658	1.0426e-03	4.7910e+03	5.9548e-03	9.0624e+05	2.0365e+03	1.8366e+03
	20	0.1000	5.9119e+00	4.4241	9.4691e-02	1549134658	2.0901e-03	2.3911e+03	7.5488e-03	1.0960e+06	2.4455e+03	2.1262e+03
	21	0.1000	5.9149e+00	30.3000	3.1370e-03	1549134658	1.0831e-07	4.6169e+07	2.7993e-04	1.6305e+05	3.6641e+02	3.6641e+02
	22	0.1000	5.9179e+00	15.3000	7.8550e-03	1549134658	9.7497e-07	5.1318e+06	5.8232e-04	1.6306e+05	3.6643e+02	3.6643e+02
	23	0.1000	5.9209e+00	12.8000	1.1711e-02	1549134658	2.8301e-06	1.7689e+06	8.3067e-04	1.6307e+05	3.6646e+02	3.6646e+02
	24	0.1000	5.9239e+00	11.4000	1.4964e-02	1549134658	5.8468e-06	8.5670e+05	1.0580e-03	1.6309e+05	3.6649e+02	3.6649e+02
	25	0.1000	5.9269e+00	10.4000	1.8043e-02	1549134658	1.0238e-05	4.8952e+05	1.2752e-03	1.6312e+05	3.6655e+02	3.6655e+02
	26	0.1000	5.9299e+00	9.6000	2.1036e-02	1549134658	1.6269e-05	3.0822e+05	1.4881e-03	1.6314e+05	3.6662e+02	3.6662e+02
	27	0.1000	5.9329e+00	9.0000	2.3993e-02	1549134658	2.4274e-05	2.0670e+05	1.7004e-03	1.6317e+05	3.6668e+02	3.6668e+02
	28	0.1000	5.9359e+00	8.5000	2.6952e-02	1549134658	3.4679e-05	1.4476e+05	1.9151e-03	1.6321e+05	3.6676e+02	3.6676e+02
	29	0.1000	5.9389e+00	8.1000	2.9947e-02	1549134658	4.8039e-05	1.0456e+05	2.1348e-03	1.6327e+05	3.6690e+02	3.6690e+02
	30	0.1000	5.9419e+00	7.7000	3.3009e-02	1549134658	6.5091e-05	7.7213e+04	2.3623e-03	1.6344e+05	3.6727e+02	3.6727e+02
	31	0.1000	5.9449e+00	7.3000	3.6172e-02	1549134658	8.6833e-05	5.7913e+04	2.6005e-03	1.6416e+05	3.6889e+02	3.6889e+02
	32	0.1000	5.9479e+00	7.0000	3.9474e-02	1549134658	1.1466e-04	4.3883e+04	2.8530e-03	1.7951e+05	4.0339e+02	3.9823e+02
	33	0.1000	5.9509e+00	6.7000	4.2966e-02	1549134658	1.5058e-04	3.3434e+04	3.1243e-03	2.8804e+05	6.4727e+02	5.8151e+02
	34	0.1000	5.9539e+00	6.4000	4.6763e-02	1549134658	1.9761e-04	2.5490e+04	3.4206e-03	4.0469e+05	9.0941e+02	8.3898e+02
	35	0.1000	5.9570e+00	6.1000	5.0925e-02	1549134658	2.6056e-04	1.9343e+04	3.7509e-03	5.0155e+05	1.1271e+03	1.0581e+03
	36	0.1000	5.9600e+00	5.9000	5.5601e-02	1549134658	3.4761e-04	1.4507e+04	4.1291e-03	5.7989e+05	1.3031e+03	1.2178e+03
	37	0.1000	5.9630e+00	5.6000	6.1047e-02	1549134658	4.7415e-04	1.0641e+04	4.5793e-03	6.7277e+05	1.5118e+03	1.4030e+03
	38	0.1000	5.9660e+00	5.3000	6.7795e-02	1549134658	6.7388e-04	7.4916e+03	5.1486e-03	7.7527e+05	1.7422e+03	1.5995e+03
	39	0.1000	5.9690e+00	5.0000	7.7038e-02	1549134658	1.0426e-03	4.8451e+03	5.9548e-03	8.9610e+05	2.0137e+03	1.8171e+03
	40	0.1000	5.9720e+00	4.4690	9.4624e-02	1549134658	2.0901e-03	2.4180e+03	7.5413e-03	1.0913e+06	2.4408e+03	2.1226e+03
	41	0.1000	5.9750e+00	30.6000	3.1370e-03	1549134658	1.0831e-07	4.6689e+07	2.7993e-04	1.6305e+05	3.6641e+02	3.6641e+02
	42	0.1000	5.9780e+00	15.4000	7.8550e-03	1549134658	9.7497e-07	5.1896e+06	5.8232e-04	1.6306e+05	3.6643e+02	3.6643e+02
	43	0.1000	5.9810e+00	12.9000	1.1711e-02	1549134658	2.8301e-06	1.7888e+06	8.3067e-04	1.6307e+05	3.6646e+02	3.6646e+02
	44	0.1000	5.9840e+00	11.5000	1.4964e-02	1549134658	5.8468e-06	8.6634e+05	1.0580e-03	1.6309e+05	3.6649e+02	3.6649e+02
	45	0.1000	5.9870e+00	10.5000	1.8043e-02	1549134658	1.0238e-05	4.9502e+05	1.2752e-03	1.6312e+05	3.6655e+02	3.6655e+02
	46	0.1000	5.9900e+00	9.7000	2.1036e-02	1549134658	1.6269e-05	3.1169e+05	1.4881e-03	1.6314e+05	3.6662e+02	3.6662e+02
	47	0.1000	5.9930e+00	9.1000	2.3993e-02	1549134658	2.4274e-05	2.0902e+05	1.7004e-03	1.6317e+05	3.6668e+02	3.6668e+02
	48	0.1000	5.9960e+00	8.6000	2.6952e-02	1549134658	3.4679e-05	1.4639e+05	1.9151e-03	1.6321e+05	3.6676e+02	3.6676e+02
	49	0.1000	5.9990e+00	8.1000	2.9947e-02	1549134658	4.8039e-05	1.0574e+05	2.1348e-03	1.6327e+05	3.6690e+02	3.6690e+02
	50	0.1000	6.0020e+00	7.7000	3.3009e-02	1549134658	6.5091e-05	7.8079e+04	2.3623e-03	1.6344e+05	3.6727e+02	3.6727e+02
	9951	20.0000	5.1118e-01	0.6080	4.5385e-02	1549134658	8.8055e-05	6.8148e+02	2.6898e-03	1.3470e+06	2.5540e+03	2.4006e+03
	9952	20.0000	6.1669e-01	0.7155	4.8684e-02	1549134658	1.1627e-04	1.5483e+03	2.9482e-03	1.3339e+06	2.5500e+03	2.3853e+03
	9953	20.0000	7.2220e-01	0.8007	5.2189e-02	1549134658	1.5269e-04	1.9650e+03	3.2284e-03	1.3333e+06	2.5498e+03	2.3729e+03
	9954	20.0000	8.2771e-01	0.8770	5.5985e-02	1549134658	2.0039e-04	2.0962e+03	3.5359e-03	1.3385e+06	2.5514e+03	2.3611e+03
	9955	20.0000	9.3322e-01	0.9443	6.0176e-02	1549134658	2.6423e-04	2.0440e+03	3.8801e-03	1.3486e+06	2.5545e+03	2.3495e+03
	9956	20.0000	1.0387e+00	1.0231	6.4921e-02	1549134658	3.5250e-04	1.8726e+03	4.2743e-03	1.3581e+06	2.5575e+03	2.3361e+03
	9957	20.0000	1.1442e+00	1.0701	7.0480e-02	1549134658	4.8082e-04	1.6224e+03	4.7472e-03	1.3776e+06	2.5639e+03	2.3230e+03
	9958	20.0000	1.2498e+00	1.1023	7.7370e-02	1549134658	6.8336e-04	1.3172e+03	5.3479e-03	1.4024e+06	2.5726e+03	2.3087e+03
	9959	20.0000	1.3553e+00	1.1115	8.6844e-02	1549134658	1.0572e-03	9.6491e+02	6.2029e-03	1.4350e+06	2.5849e+03	2.3000e+03
	9960	20.0000	1.4608e+00	1.0669	1.0415e-01	1549134658	2.1196e-03	5.3792e+02	7.8624e-03	1.4851e+06	2.6073e+03	2.2939e+03
	9961	20.0000	1.5663e+00	7.9000	3.1831e-03	1549134658	1.0985e-07	1.1471e+07	2.8125e-04	1.6450e+05	3.6966e+02	3.6966e+02
	9962	20.0000	1.6718e+00	4.3844	8.1447e-03	1549134658	9.8885e-07	1.3957e+06	5.8507e-04	1.6452e+05	3.6970e+02	3.6970e+02
	9963	20.0000	1.7773e+00	3.9026	1.2269e-02	1549134658	2.8704e-06	5.2265e+05	8.3460e-04	1.6455e+05	3.6977e+02	3.6977e+02
	9964	20.0000	1.8828e+00	3.6634	1.5861e-02	1549134658	5.9301e-06	2.7322e+05	1.0630e-03	1.6463e+05	3.6996e+02	3.6996e+02
	9965	20.0000	1.9883e+00	3.5238	1.9249e-02	1549134658	1.0384e-05	1.6759e+05	1.2812e-03	1.6512e+05	3.7106e+02	3.7106e+02
	9966	20.0000	2.0938e+00	3.4351	2.2524e-02	1549134658	1.6501e-05	1.1273e+05	1.4951e-03	1.8393e+05	4.1333e+02	4.0408e+02
	9967	20.0000	2.1993e+00	3.3755	2.5737e-02	1549134658	2.4620e-05	8.0434e+04	1.7084e-03	3.0438e+05	6.8400e+02	6.4779e+02
	9968	20.0000	2.3048e+00	3.3332	2.8930e-02	1549134658	3.5173e-05	5.9713e+04	1.9241e-03	4.1157e+05	9.2487e+02	8.8524e+02
	9969	20.0000	2.4104e+00	3.3015	3.2139e-02	1549134658	4.8723e-05	4.5569e+04	2.1449e-03	4.9196e+05	1.1055e+03	1.0654e+03
	9970	20.0000	2.5159e+00	3.2759	3.5418e-02	1549134658	6.6018e-05	3.5450e+04	2.3735e-03	5.5571e+05	1.2488e+03	1.2008e+03
	9971	20.0000	2.6214e+00	3.2532	3.8821e-02	1549134658	8.8069e-05	2.7936e+04	2.6128e-03	6.1612e+05	1.3845e+03	1.3261e+03
	9972	20.0000	2.7269e+00	3.2310	4.2370e-02	1549134658	1.1629e-04	2.2189e+04	2.8664e-03	6.7494e+05	1.5167e+03	1.4460e+03
	9973	20.0000	2.8324e+00	3.2069	4.6118e-02	1549134658	1.5272e-04	1.7682e+04	3.1390e-03	7.3317e+05	1.6476e+03	1.5624e+03
	9974	20.0000	2.9379e+00	3.1791	5.0165e-02	1549134658	2.0042e-04	1.4072e+04	3.4367e-03	7.9211e+05	1.7800e+03	1.6775e+03
	9975	20.0000	3.0434e+00	3.1449	5.4604e-02	1549134658	2.6427e-04	1.1126e+04	3.7686e-03	8.5318e+05	1.9173e+03	1.7935e+03
	9976	20.0000	3.1489e+00	3.1013	5.9593e-02	1549134658	3.5256e-04	8.6806e+03	4.1486e-03	9.1814e+05	2.0632e+03	1.9127e+03
	9977	20.0000	3.2544e+00	3.0436	6.5426e-02	1549134658	4.8090e-04	6.6135e+03	4.6010e-03	9.8956e+05	2.2237e+03	2.0382e+03
	9978	20.0000	3.3599e+00	3.0252	7.2623e-02	1549134658	6.8347e-04	4.8289e+03	5.1729e-03	1.0620e+06	2.3866e+03	2.1566e+03
	9979	20.0000	3.4655e+00	2.9013	8.2499e-02	1549134658	1.0574e-03	3.2348e+03	6.0704e-03	1.1626e+06	2.4884e+03	2.2117e+03
	9980	20.0000	3.5710e+00	2.6624	1.0054e-01	1549134658	2.1199e-03	1.6701e+03	7.7399e-03	1.2963e+06	2.5387e+03	2.1978e+03
	9981	20.0000	3.6765e+00	18.5000	3.1831e-03	1549134658	1.0985e-07	3.3322e+07	2.8125e-04	1.6450e+05	3.6966e+02	3.6966e+02
	9982	20.0000	3.7820e+00	9.8000	7.9808e-03	1549134658	9.8885e-07	3.8231e+06	5.8507e-04	1.6451e+05	3.6969e+02	3.6969e+02
	9983	20.0000	3.8875e+00	8.4000	1.1866e-02	1549134658	2.8704e-06	1.3589e+06	8.3460e-04	1.6452e+05	3.6971e+02	3.6971e+02
	9984	20.0000	3.9930e+00	7.7000	1.5174e-02	1549134658	5.9301e-06	6.7799e+05	1.0630e-03	1.6454e+05	3.6975e+02	3.6975e+02
	9985	20.0000	4.0985e+00	7.2000	1.8309e-02	1549134658	1.0384e-05	3.9874e+05	1.2812e-03	1.6457e+05	3.6982e+02	3.6982e+02
	9986	20.0000	4.2040e+00	6.8000	2.1361e-02	1549134658	1.6501e-05	2.5820e+05	1.4951e-03	1.6461e+05	3.6990e+02	3.6990e+02
	9987	20.0000	4.3095e+00	6.5000	2.4378e-02	1549134658	2.4620e-05	1.7793e+05	1.7084e-03	1.6467e+05	3.7005e+02	3.7005e+02
	9988	20.0000	4.4150e+00	6.3000	2.7401e-02	1549134658	3.5173e-05	1.2796e+05	1.9241e-03	1.6482e+05	3.7038e+02	3.7038e+02
	9989	20.0000	4.5206e+00	6.1000	3.0463e-02	1549134658	4.8723e-05	9.4833e+04	2.1449e-03	1.6536e+05	3.7159e+02	3.7159e+02
	9990	20.0000	4.6261e+00	6.0000	3.3596e-02	1549134658	6.6018e-05	7.1808e+04	2.3735e-03	1.7191e+05	3.8632e+02	3.8632e+02
	9991	20.0000	4.7316e+00	5.8000	3.6835e-02	1549134658	8.8069e-05	5.5191e+04	2.6128e-03	2.5199e+05	5.6626e+02	5.1452e+02
	9992	20.0000	4.8371e+00	5.7000	4.0218e-02	1549134658	1.1629e-04	4.2830e+04	2.8664e-03	3.5270e+05	7.9258e+02	7.3233e+02
	9993	20.0000	4.9426e+00	5.6000	4.3811e-02	1549134658	1.5272e-04	3.3399e+04	3.1390e-03	4.3883e+05	9.8614e+02	9.2519e+02
	9994	20.0000	5.0481e+00	5.4000	4.7712e-02	1549134658	2.0042e-04	2.6048e+04	3.4367e-03	5.1890e+05	1.1661e+03	1.1024e+03
	9995	20.0000	5.1536e+00	5.3000	5.1990e-02	1549134658	2.6427e-04	2.0209e+04	3.7686e-03	5.8542e+05	1.3155e+03	1.2381e+03
	9996	20.0000	5.2591e+00	5.2000	5.6801e-02	1549134658	3.5256e-04	1.5489e+04	4.1486e-03	6.5484e+05	1.4716e+03	1.3765e+03
	9997	20.0000	5.3646e+00	5.0000	6.2421e-02	1549134658	4.8090e-04	1.1605e+04	4.6010e-03	7.3955e+05	1.6619e+03	1.5416e+03
	9998	20.0000	5.4701e+00	4.8000	6.9382e-02	1549134658	6.8347e-04	8.3409e+03	5.1729e-03	8.3348e+05	1.8730e+03	1.7170e+03
	9999	20.0000	5.5757e+00	4.5727	7.9296e-02	1549134658	1.0574e-03	5.5048e+03	5.9829e-03	9.4816e+05	2.1307e+03	1.9176e+03
	10000	20.0000	5.6812e+00	4.2357	9.7572e-02	1549134658	2.1199e-03	2.8024e+03	7.6186e-03	1.1234e+06	2.4666e+03	2.1434e+03
	19951	40.0000	1.6095e-01	0.1445	4.1776e-02	1549134658	9.1117e-05	6.5858e+02	2.7893e-03	1.5583e+06	2.6599e+03	2.5094e+03
	19952	40.0000	2.6131e-01	0.2559	5.0199e-02	1549134658	1.2031e-04	1.4963e+03	3.0354e-03	1.5191e+06	2.6265e+03	2.4586e+03
	19953	40.0000	3.6168e-01	0.3638	5.5529e-02	1549134658	1.5800e-04	1.8989e+03	3.3114e-03	1.4910e+06	2.6103e+03	2.4276e+03
	19954	40.0000	4.6204e-01	0.4545	6.0039e-02	1549134658	2.0736e-04	2.0257e+03	3.6189e-03	1.4757e+06	2.6027e+03	2.4066e+03
	19955	40.0000	5.6240e-01	0.5404	6.4677e-02	1549134658	2.7342e-04	1.9753e+03	3.9645e-03	1.4668e+06	2.5985e+03	2.3891e+03
	19956	40.0000	6.6276e-01	0.6204	6.9780e-02	1549134658	3.6476e-04	1.8097e+03	4.3628e-03	1.4636e+06	2.5971e+03	2.3738e+03
	19957	40.0000	7.6313e-01	0.6783	7.5661e-02	1549134658	4.9754e-04	1.5679e+03	4.8414e-03	1.4693e+06	2.5997e+03	2.3621e+03
	19958	40.0000	8.6349e-01	0.7396	8.2966e-02	1549134658	7.0713e-04	1.2729e+03	5.4483e-03	1.4776e+06	2.6036e+03	2.3498e+03
	19959	40.0000	9.6385e-01	0.7677	9.2944e-02	1549134658	1.0940e-03	9.3248e+02	6.3157e-03	1.4965e+06	2.6132e+03	2.3416e+03
	19960	40.0000	1.0642e+00	0.7548	1.1101e-01	1549134658	2.1933e-03	5.1984e+02	8.0029e-03	1.5299e+06	2.6339e+03	2.3396e+03
	19961	40.0000	1.1646e+00	5.6430	3.3248e-03	1549134658	1.1368e-07	1.1085e+07	2.8448e-04	1.6718e+05	3.7569e+02	3.7569e+02
	19962	40.0000	1.2649e+00	3.2901	8.9891e-03	1549134658	1.0233e-06	1.3487e+06	5.9179e-04	1.6722e+05	3.7579e+02	3.7579e+02
	19963	40.0000	1.3653e+00	2.9732	1.3240e-02	1549134658	2.9704e-06	5.0505e+05	8.4418e-04	1.6734e+05	3.7605e+02	3.7605e+02
	19964	40.0000	1.4657e+00	2.8282	1.7102e-02	1549134658	6.1367e-06	2.6402e+05	1.0752e-03	1.6789e+05	3.7728e+02	3.7728e+02
	19965	40.0000	1.5660e+00	2.7525	2.0723e-02	1549134658	1.0746e-05	1.6194e+05	1.2959e-03	2.2770e+05	5.1168e+02	4.8732e+02
	19966	40.0000	1.6664e+00	2.7113	2.4205e-02	1549134658	1.7076e-05	1.0894e+05	1.5123e-03	3.7546e+05	8.4373e+02	8.1171e+02
	19967	40.0000	1.7667e+00	2.6892	2.7609e-02	1549134658	2.5478e-05	7.7726e+04	1.7280e-03	4.7628e+05	1.0703e+03	1.0386e+03
	19968	40.0000	1.8671e+00	2.6779	3.0981e-02	1549134658	3.6398e-05	5.7702e+04	1.9462e-03	5.4703e+05	1.2293e+03	1.1912e+03
	19969	40.0000	1.9675e+00	2.6727	3.4412e-02	1549134658	5.0421e-05	4.4035e+04	2.1695e-03	6.1070e+05	1.3723e+03	1.3247e+03
	19970	40.0000	2.0678e+00	2.6703	3.7905e-02	1549134658	6.8318e-05	3.4256e+04	2.4007e-03	6.7023e+05	1.5061e+03	1.4476e+03
	19971	40.0000	2.1682e+00	2.6686	4.1500e-02	1549134658	9.1138e-05	2.6996e+04	2.6428e-03	7.2723e+05	1.6342e+03	1.5631e+03
	19972	40.0000	2.2686e+00	2.6658	4.5264e-02	1549134658	1.2034e-04	2.1442e+04	2.8994e-03	7.8287e+05	1.7593e+03	1.6736e+03
	19973	40.0000	2.3689e+00	2.6601	4.9257e-02	1549134658	1.5804e-04	1.7086e+04	3.1751e-03	8.3803e+05	1.8832e+03	1.7806e+03
	19974	40.0000	2.4693e+00	2.6500	5.3546e-02	1549134658	2.0741e-04	1.3598e+04	3.4762e-03	8.9409e+05	2.0092e+03	1.8862e+03
	19975	40.0000	2.5696e+00	2.6334	5.8267e-02	1549134658	2.7348e-04	1.0752e+04	3.8119e-03	9.5231e+05	2.1400e+03	1.9924e+03
	19976	40.0000	2.6700e+00	2.6080	6.3580e-02	1549134658	3.6484e-04	8.3883e+03	4.1963e-03	1.0143e+06	2.2794e+03	2.1010e+03
	19977	40.0000	2.7704e+00	2.5695	6.9794e-02	1549134658	4.9766e-04	6.3908e+03	4.6634e-03	1.0825e+06	2.4299e+03	2.2134e+03
	19978	40.0000	2.8707e+00	2.5634	7.7478e-02	1549134658	7.0729e-04	4.6663e+03	5.3014e-03	1.1497e+06	2.4819e+03	2.2351e+03
	19979	40.0000	2.9711e+00	2.4669	8.8038e-02	1549134658	1.0943e-03	3.1258e+03	6.1812e-03	1.2363e+06	2.5188e+03	2.2355e+03
	19980	40.0000	3.0715e+00	2.2711	1.0739e-01	1549134658	2.1938e-03	1.6139e+03	7.8570e-03	1.3491e+06	2.5547e+03	2.2142e+03
	19981	40.0000	3.1718e+00	15.3000	3.2815e-03	1549134658	1.1368e-07	3.2200e+07	2.8448e-04	1.6718e+05	3.7569e+02	3.7569e+02
	19982	40.0000	3.2722e+00	8.4000	8.2446e-03	1549134658	1.0233e-06	3.6944e+06	5.9179e-04	1.6720e+05	3.7572e+02	3.7572e+02
	19983	40.0000	3.3725e+00	7.2000	1.2193e-02	1549134658	2.9704e-06	1.3131e+06	8.4418e-04	1.6721e+05	3.7575e+02	3.7575e+02
	19984	40.0000	3.4729e+00	6.6000	1.5613e-02	1549134658	6.1367e-06	6.5516e+05	1.0752e-03	1.6722e+05	3.7578e+02	3.7578e+02
	19985	40.0000	3.5733e+00	6.2000	1.8864e-02	1549134658	1.0746e-05	3.8531e+05	1.2959e-03	1.6726e+05	3.7587e+02	3.7587e+02
	19986	40.0000	3.6736e+00	5.9000	2.2034e-02	1549134658	1.7076e-05	2.4950e+05	1.5123e-03	1.6733e+05	3.7601e+02	3.7601e+02
	19987	40.0000	3.7740e+00	5.7000	2.5175e-02	1549134658	2.5478e-05	1.7194e+05	1.7280e-03	1.6746e+05	3.7632e+02	3.7632e+02
	19988	40.0000	3.8744e+00	5.5000	2.8327e-02	1549134658	3.6398e-05	1.2365e+05	1.9462e-03	1.6804e+05	3.7762e+02	3.7762e+02
	19989	40.0000	3.9747e+00	5.4000	3.1525e-02	1549134658	5.0421e-05	9.1640e+04	2.1695e-03	1.7732e+05	3.9846e+02	3.9837e+02
	19990	40.0000	4.0751e+00	5.2000	3.4802e-02	1549134658	6.8318e-05	6.9390e+04	2.4007e-03	2.8105e+05	6.3157e+02	5.8145e+02
	19991	40.0000	4.1754e+00	5.1000	3.8195e-02	1549134658	9.1138e-05	5.3333e+04	2.6428e-03	3.8409e+05	8.6312e+02	8.0996e+02
	19992	40.0000	4.2758e+00	5.0000	4.1744e-02	1549134658	1.2034e-04	4.1387e+04	2.8994e-03	4.6507e+05	1.0451e+03	9.9508e+02
	19993	40.0000	4.3762e+00	4.9000	4.5531e-02	1549134658	1.5804e-04	3.2274e+04	3.1751e-03	5.3020e+05	1.1915e+03	1.1336e+03
	19994	40.0000	4.4765e+00	4.8000	4.9639e-02	1549134658	2.0741e-04	2.5171e+04	3.4762e-03	5.9508e+05	1.3373e+03	1.2665e+03
	19995	40.0000	4.5769e+00	4.6905	5.4314e-02	1549134658	2.7348e-04	1.9529e+04	3.8119e-03	6.6276e+05	1.4894e+03	1.4025e+03
	19996	40.0000	4.6773e+00	4.5686	5.9597e-02	1549134658	3.6484e-04	1.4967e+04	4.1963e-03	7.3509e+05	1.6519e+03	1.5442e+03
	19997	40.0000	4.7776e+00	4.4313	6.5821e-02	1549134658	4.9766e-04	1.1214e+04	4.6538e-03	8.1438e+05	1.8301e+03	1.6946e+03
	19998	40.0000	4.8780e+00	4.2669	7.3532e-02	1549134658	7.0729e-04	8.0600e+03	5.2323e-03	9.0576e+05	2.0354e+03	1.8600e+03
	19999	40.0000	4.9783e+00	4.1336	8.4184e-02	1549134658	1.0943e-03	5.3194e+03	6.0516e-03	1.0107e+06	2.2712e+03	2.0355e+03
	20000	40.0000	5.0787e+00	3.7553	1.0380e-01	1549134658	2.1938e-03	2.7080e+03	7.7607e-03	1.1865e+06	2.4993e+03	2.1689e+03
	29951	60.0000	4.8837e-02	0.0236	1.7072e-02	1549134658	9.5139e-05	1.3006e+03	2.8367e-03	1.6295e+06	2.7839e+03	2.6643e+03
	29952	60.0000	1.4651e-01	0.1137	4.1977e-02	1549134658	1.2563e-04	1.9195e+03	3.1121e-03	1.5843e+06	2.7040e+03	2.5493e+03
	29953	60.0000	2.4418e-01	0.2206	5.3795e-02	1549134658	1.6498e-04	2.1732e+03	3.3905e-03	1.5481e+06	2.6488e+03	2.4755e+03
	29954	60.0000	3.4186e-01	0.3179	6.0593e-02	1549134658	2.1651e-04	2.1982e+03	3.6955e-03	1.5248e+06	2.6302e+03	2.4407e+03
	29955	60.0000	4.3953e-01	0.3996	6.6103e-02	1549134658	2.8549e-04	2.0783e+03	4.0445e-03	1.5123e+06	2.6222e+03	2.4184e+03
	29956	60.0000	5.3721e-01	0.4871	7.1821e-02	1549134658	3.8086e-04	1.8661e+03	4.4466e-03	1.5028e+06	2.6167e+03	2.3982e+03
	29957	60.0000	6.3488e-01	0.5467	7.7992e-02	1549134658	5.1950e-04	1.5941e+03	4.9323e-03	1.5042e+06	2.6175e+03	2.3851e+03
	29958	60.0000	7.3255e-01	0.6081	8.5585e-02	1549134658	7.3834e-04	1.2806e+03	5.5489e-03	1.5087e+06	2.6201e+03	2.3721e+03
	29959	60.0000	8.3023e-01	0.6409	9.5788e-02	1549134658	1.1423e-03	9.3053e+02	6.4313e-03	1.5229e+06	2.6290e+03	2.3644e+03
	29960	60.0000	9.2790e-01	0.6379	1.1400e-01	1549134658	2.2901e-03	5.1541e+02	8.1521e-03	1.5501e+06	2.6507e+03	2.3658e+03
	29961	60.0000	1.0256e+00	4.7622	3.5068e-03	1549134658	1.1870e-07	1.0933e+07	2.8861e-04	1.6978e+05	3.8154e+02	3.8154e+02
	29962	60.0000	1.1232e+00	2.8931	9.4173e-03	1549134658	1.0685e-06	1.3244e+06	6.0038e-04	1.6987e+05	3.8172e+02	3.8172e+02
	29963	60.0000	1.2209e+00	2.6329	1.3866e-02	1549134658	3.1016e-06	4.9411e+05	8.5643e-04	1.7013e+05	3.8231e+02	3.8231e+02
	29964	60.0000	1.3186e+00	2.5196	1.7887e-02	1549134658	6.4079e-06	2.5749e+05	1.0908e-03	1.7699e+05	3.9773e+02	3.9773e+02
	29965	60.0000	1.4163e+00	2.4650	2.1643e-02	1549134658	1.1221e-05	1.5751e+05	1.3147e-03	3.3765e+05	7.5877e+02	7.3006e+02
	29966	60.0000	1.5139e+00	2.4393	2.5244e-02	1549134658	1.7831e-05	1.0570e+05	1.5342e-03	4.6189e+05	1.0380e+03	1.0106e+03
	29967	60.0000	1.6116e+00	2.4291	2.8752e-02	1549134658	2.6603e-05	7.5259e+04	1.7531e-03	5.3950e+05	1.2124e+03	1.1791e+03
	29968	60.0000	1.7093e+00	2.4276	3.2275e-02	1549134658	3.8007e-05	5.5767e+04	1.9745e-03	6.0739e+05	1.3649e+03	1.3223e+03
	29969	60.0000	1.8070e+00	2.4307	3.5815e-02	1549134658	5.2649e-05	4.2488e+04	2.2010e-03	6.6944e+05	1.5044e+03	1.4512e+03
	29970	60.0000	1.9046e+00	2.4356	3.9413e-02	1549134658	7.1337e-05	3.3003e+04	2.4356e-03	7.2769e+05	1.6353e+03	1.5699e+03
	29971	60.0000	2.0023e+00	2.4404	4.3138e-02	1549134658	9.5165e-05	2.5973e+04	2.6812e-03	7.8343e+05	1.7605e+03	1.6813e+03
	29972	60.0000	2.1000e+00	2.4436	4.7028e-02	1549134658	1.2566e-04	2.0604e+04	2.9415e-03	8.3785e+05	1.8828e+03	1.7876e+03
	29973	60.0000	2.1977e+00	2.4437	5.1142e-02	1549134658	1.6502e-04	1.6401e+04	3.2212e-03	8.9194e+05	2.0044e+03	1.8905e+03
	29974	60.0000	2.2953e+00	2.4393	5.5583e-02	1549134658	2.1657e-04	1.3039e+04	3.5267e-03	9.4693e+05	2.1279e+03	1.9918e+03
	29975	60.0000	2.3930e+00	2.4285	6.0450e-02	1549134658	2.8556e-04	1.0300e+04	3.8672e-03	1.0041e+06	2.2564e+03	2.0935e+03
	29976	60.0000	2.4907e+00	2.4091	6.5943e-02	1549134658	3.8096e-04	8.0290e+03	4.2572e-03	1.0650e+06	2.3933e+03	2.1974e+03
	29977	60.0000	2.5884e+00	2.4268	7.2359e-02	1549134658	5.1964e-04	6.1121e+03	4.7670e-03	1.1219e+06	2.4657e+03	2.2417e+03
	29978	60.0000	2.6860e+00	2.3751	8.0296e-02	1549134658	7.3854e-04	4.4595e+03	5.4022e-03	1.1933e+06	2.5022e+03	2.2501e+03
	29979	60.0000	2.7837e+00	2.2888	9.1208e-02	1549134658	1.1426e-03	2.9852e+03	6.2883e-03	1.2727e+06	2.5312e+03	2.2441e+03
	29980	60.0000	2.8814e+00	2.1098	1.1121e-01	1549134658	2.2907e-03	1.5403e+03	7.9868e-03	1.3758e+06	2.5633e+03	2.2245e+03
	29981	60.0000	2.9790e+00	13.8000	3.3853e-03	1549134658	1.1870e-07	3.0713e+07	2.8861e-04	1.6979e+05	3.8154e+02	3.8154e+02
	29982	60.0000	3.0767e+00	7.8000	8.5044e-03	1549134658	1.0685e-06	3.5218e+06	6.0038e-04	1.6980e+05	3.8157e+02	3.8157e+02
	29983	60.0000	3.1744e+00	6.8000	1.2478e-02	1549134658	3.1016e-06	1.2511e+06	8.5643e-04	1.6981e+05	3.8160e+02	3.8160e+02
	29984	60.0000	3.2721e+00	6.2000	1.5983e-02	1549134658	6.4079e-06	6.2391e+05	1.0908e-03	1.6983e+05	3.8164e+02	3.8164e+02
	29985	60.0000	3.3697e+00	5.8000	1.9317e-02	1549134658	1.1221e-05	3.6676e+05	1.3147e-03	1.6988e+05	3.8174e+02	3.8174e+02
	29986	60.0000	3.4674e+00	5.5000	2.2569e-02	1549134658	1.7831e-05	2.3739e+05	1.5342e-03	1.6997e+05	3.8196e+02	3.8196e+02
	29987	60.0000	3.5651e+00	5.3000	2.5793e-02	1549134658	2.6603e-05	1.6352e+05	1.7531e-03	1.7025e+05	3.8259e+02	3.8259e+02
	29988	60.0000	3.6628e+00	5.2000	2.9030e-02	1549134658	3.8007e-05	1.1755e+05	1.9745e-03	1.7263e+05	3.8793e+02	3.8793e+02
	29989	60.0000	3.7604e+00	5.0000	3.2314e-02	1549134658	5.2649e-05	8.7085e+04	2.2010e-03	2.4530e+05	5.5125e+02	5.0790e+02
	29990	60.0000	3.8581e+00	4.9000	3.5680e-02	1549134658	7.1337e-05	6.5917e+04	2.4356e-03	3.6002e+05	8.0903e+02	7.5947e+02
	29991	60.0000	3.9558e+00	4.8000	3.9165e-02	1549134658	9.5165e-05	5.0646e+04	2.6812e-03	4.4775e+05	1.0062e+03	9.6166e+02
	29992	60.0000	4.0535e+00	4.7167	4.2917e-02	1549134658	1.2566e-04	3.9290e+04	2.9415e-03	5.1153e+05	1.1495e+03	1.0992e+03
	29993	60.0000	4.1511e+00	4.6159	4.6987e-02	1549134658	1.6502e-04	3.0629e+04	3.2212e-03	5.7575e+05	1.2938e+03	1.2319e+03
	29994	60.0000	4.2488e+00	4.5152	5.1381e-02	1549134658	2.1657e-04	2.3881e+04	3.5267e-03	6.4077e+05	1.4399e+03	1.3640e+03
	29995	60.0000	4.3465e+00	4.4109	5.6211e-02	1549134658	2.8556e-04	1.8522e+04	3.8672e-03	7.0821e+05	1.5915e+03	1.4979e+03
	29996	60.0000	4.4442e+00	4.2985	6.1701e-02	1549134658	3.8096e-04	1.4192e+04	4.2572e-03	7.7987e+05	1.7525e+03	1.6364e+03
	29997	60.0000	4.5418e+00	4.1715	6.8128e-02	1549134658	5.1964e-04	1.0631e+04	4.7213e-03	8.5852e+05	1.9293e+03	1.7830e+03
	29998	60.0000	4.6395e+00	4.0187	7.6114e-02	1549134658	7.3854e-04	7.6388e+03	5.3083e-03	9.4926e+05	2.1332e+03	1.9438e+03
	29999	60.0000	4.7372e+00	3.8950	8.7133e-02	1549134658	1.1426e-03	5.0402e+03	6.1394e-03	1.0533e+06	2.3669e+03	2.1132e+03
	30000	60.0000	4.8348e+00	3.5401	1.0742e-01	1549134658	2.2907e-03	2.5653e+03	7.8977e-03	1.2215e+06	2.5134e+03	2.1789e+03
