# particle sieve data (_gen:at generation, _solsed:for solid sediment)
#1:dia_high 2:mass_gen 3:massfrac_gen 4:cumfrac_gen 5:mass_solsed 6:massfrac_solsed 7:cumfrac_solsed
	5.0000e-05	0.0000e+00	0.0000e+00	0.0000e+00	0.0000e+00	0.0000e+00	0.0000e+00
	7.5000e-05	0.0000e+00	0.0000e+00	0.0000e+00	0.0000e+00	0.0000e+00	0.0000e+00
	1.0000e-04	0.0000e+00	0.0000e+00	0.0000e+00	0.0000e+00	0.0000e+00	0.0000e+00
	1.5000e-04	0.0000e+00	0.0000e+00	0.0000e+00	0.0000e+00	0.0000e+00	0.0000e+00
	2.3000e-04	0.0000e+00	0.0000e+00	0.0000e+00	0.0000e+00	0.0000e+00	0.0000e+00
	3.4000e-04	4.0868e+03	4.1154e-02	4.1154e-02	4.0868e+03	4.1168e-02	4.1168e-02
	5.0000e-04	0.0000e+00	0.0000e+00	4.1154e-02	0.0000e+00	0.0000e+00	4.1168e-02
	7.5000e-04	4.2821e+03	4.3120e-02	8.4274e-02	4.2821e+03	4.3135e-02	8.4304e-02
	1.0000e-03	4.4774e+03	4.5087e-02	1.2936e-01	4.4774e+03	4.5103e-02	1.2941e-01
	1.5000e-03	9.5406e+03	9.6073e-02	2.2543e-01	1.1590e+04	1.1675e-01	2.4616e-01
	2.3000e-03	1.9461e+04	1.9597e-01	4.2140e-01	1.9375e+04	1.9518e-01	4.4133e-01
	3.4000e-03	2.0035e+04	2.0175e-01	6.2316e-01	1.8647e+04	1.8784e-01	6.2918e-01
	5.0000e-03	2.0103e+04	2.0244e-01	8.2559e-01	1.9866e+04	2.0012e-01	8.2930e-01
	7.5000e-03	1.1476e+04	1.1556e-01	9.4115e-01	1.1102e+04	1.1184e-01	9.4113e-01
	1.0000e-02	5.8440e+03	5.8849e-02	1.0000e+00	5.8440e+03	5.8869e-02	1.0000e+00
	1.5000e-02	0.0000e+00	0.0000e+00	1.0000e+00	0.0000e+00	0.0000e+00	1.0000e+00
	2.3000e-02	0.0000e+00	0.0000e+00	1.0000e+00	0.0000e+00	0.0000e+00	1.0000e+00
	3.4000e-02	0.0000e+00	0.0000e+00	1.0000e+00	0.0000e+00	0.0000e+00	1.0000e+00
	5.0000e-02	0.0000e+00	0.0000e+00	1.0000e+00	0.0000e+00	0.0000e+00	1.0000e+00
 
# total_mass_gen:    	9.9305e+04
# total_mass_solsed: 	9.9271e+04
