 0.10000E+01
 0.27050E-01  0.00000E+00  0.00000E+00  0.00000E+00  0.41250E+02  0.00000E+00  0.29815E+03  0.00000E+00  0.00000E+00  0.00000E+00  0.00000E+00  0.00000E+00  0.00000E+00  0.00000E+00  0.33650E+03  0.00000E+00  0.00000E+00  0.00000E+00  0.00000E+00  0.00000E+00  0.00000E+00  0.00000E+00  0.00000E+00  0.00000E+00  0.00000E+00  0.00000E+00  0.00000E+00  0.00000E+00  0.00000E+00  0.00000E+00
 0.81150E-01  0.00000E+00  0.00000E+00  0.00000E+00  0.41250E+02  0.00000E+00  0.29815E+03  0.00000E+00  0.00000E+00  0.00000E+00  0.00000E+00  0.00000E+00  0.00000E+00  0.00000E+00  0.33650E+03  0.00000E+00  0.00000E+00  0.00000E+00  0.00000E+00  0.00000E+00  0.00000E+00  0.00000E+00  0.00000E+00  0.00000E+00  0.00000E+00  0.00000E+00  0.00000E+00  0.00000E+00  0.00000E+00  0.00000E+00
 0.81150E-01  0.00000E+00  0.00000E+00  0.00000E+00  0.41236E+02  0.00000E+00  0.29815E+03  0.00000E+00  0.00000E+00  0.00000E+00  0.00000E+00  0.00000E+00  0.00000E+00  0.00000E+00  0.33600E+03  0.00000E+00  0.00000E+00  0.00000E+00  0.00000E+00  0.00000E+00  0.00000E+00  0.00000E+00  0.00000E+00  0.00000E+00  0.00000E+00  0.00000E+00  0.00000E+00  0.00000E+00  0.00000E+00  0.00000E+00
 0.13525E+00  0.00000E+00  0.00000E+00  0.00000E+00  0.41236E+02  0.00000E+00  0.29815E+03  0.00000E+00  0.00000E+00  0.00000E+00  0.00000E+00  0.00000E+00  0.00000E+00  0.00000E+00  0.33600E+03  0.00000E+00  0.00000E+00  0.00000E+00  0.00000E+00  0.00000E+00  0.00000E+00  0.00000E+00  0.00000E+00  0.00000E+00  0.00000E+00  0.00000E+00  0.00000E+00  0.00000E+00  0.00000E+00  0.00000E+00
 0.13525E+00  0.00000E+00  0.00000E+00  0.00000E+00  0.41274E+02  0.00000E+00  0.29815E+03  0.00000E+00  0.00000E+00  0.00000E+00  0.00000E+00  0.00000E+00  0.00000E+00  0.00000E+00  0.33600E+03  0.00000E+00  0.00000E+00  0.00000E+00  0.00000E+00  0.00000E+00  0.00000E+00  0.00000E+00  0.00000E+00  0.00000E+00  0.00000E+00  0.00000E+00  0.00000E+00  0.00000E+00  0.00000E+00  0.00000E+00
 0.18935E+00  0.00000E+00  0.00000E+00  0.00000E+00  0.41274E+02  0.00000E+00  0.29815E+03  0.00000E+00  0.00000E+00  0.00000E+00  0.00000E+00  0.00000E+00  0.00000E+00  0.00000E+00  0.33600E+03  0.00000E+00  0.00000E+00  0.00000E+00  0.00000E+00  0.00000E+00  0.00000E+00  0.00000E+00  0.00000E+00  0.00000E+00  0.00000E+00  0.00000E+00  0.00000E+00  0.00000E+00  0.00000E+00  0.00000E+00
 0.18935E+00  0.00000E+00  0.00000E+00  0.00000E+00  0.41283E+02  0.00000E+00  0.29815E+03  0.00000E+00  0.00000E+00  0.00000E+00  0.00000E+00  0.00000E+00  0.00000E+00  0.00000E+00  0.33600E+03  0.00000E+00  0.00000E+00  0.00000E+00  0.00000E+00  0.00000E+00  0.00000E+00  0.00000E+00  0.00000E+00  0.00000E+00  0.00000E+00  0.00000E+00  0.00000E+00  0.00000E+00  0.00000E+00  0.00000E+00
 0.24345E+00  0.00000E+00  0.00000E+00  0.00000E+00  0.41283E+02  0.00000E+00  0.29815E+03  0.00000E+00  0.00000E+00  0.00000E+00  0.00000E+00  0.00000E+00  0.00000E+00  0.00000E+00  0.33600E+03  0.00000E+00  0.00000E+00  0.00000E+00  0.00000E+00  0.00000E+00  0.00000E+00  0.00000E+00  0.00000E+00  0.00000E+00  0.00000E+00  0.00000E+00  0.00000E+00  0.00000E+00  0.00000E+00  0.00000E+00
 0.24345E+00  0.00000E+00  0.00000E+00  0.00000E+00  0.41266E+02  0.00000E+00  0.29815E+03  0.00000E+00  0.00000E+00  0.00000E+00  0.00000E+00  0.00000E+00  0.00000E+00  0.00000E+00  0.33600E+03  0.00000E+00  0.00000E+00  0.00000E+00  0.00000E+00  0.00000E+00  0.00000E+00  0.00000E+00  0.00000E+00  0.00000E+00  0.00000E+00  0.00000E+00  0.00000E+00  0.00000E+00  0.00000E+00  0.00000E+00
 0.29755E+00  0.00000E+00  0.00000E+00  0.00000E+00  0.41266E+02  0.00000E+00  0.29815E+03  0.00000E+00  0.00000E+00  0.00000E+00  0.00000E+00  0.00000E+00  0.00000E+00  0.00000E+00  0.33600E+03  0.00000E+00  0.00000E+00  0.00000E+00  0.00000E+00  0.00000E+00  0.00000E+00  0.00000E+00  0.00000E+00  0.00000E+00  0.00000E+00  0.00000E+00  0.00000E+00  0.00000E+00  0.00000E+00  0.00000E+00
 0.29755E+00  0.00000E+00  0.00000E+00  0.00000E+00  0.41306E+02  0.00000E+00  0.29815E+03  0.00000E+00  0.00000E+00  0.00000E+00  0.00000E+00  0.00000E+00  0.00000E+00  0.00000E+00  0.33600E+03  0.00000E+00  0.00000E+00  0.00000E+00  0.00000E+00  0.00000E+00  0.00000E+00  0.00000E+00  0.00000E+00  0.00000E+00  0.00000E+00  0.00000E+00  0.00000E+00  0.00000E+00  0.00000E+00  0.00000E+00
 0.35165E+00  0.00000E+00  0.00000E+00  0.00000E+00  0.41306E+02  0.00000E+00  0.29815E+03  0.00000E+00  0.00000E+00  0.00000E+00  0.00000E+00  0.00000E+00  0.00000E+00  0.00000E+00  0.33600E+03  0.00000E+00  0.00000E+00  0.00000E+00  0.00000E+00  0.00000E+00  0.00000E+00  0.00000E+00  0.00000E+00  0.00000E+00  0.00000E+00  0.00000E+00  0.00000E+00  0.00000E+00  0.00000E+00  0.00000E+00
 0.35155E+00  0.00000E+00  0.00000E+00  0.00000E+00  0.41375E+02  0.00000E+00  0.29815E+03  0.00000E+00  0.00000E+00  0.00000E+00  0.00000E+00  0.00000E+00  0.00000E+00  0.00000E+00  0.33600E+03  0.00000E+00  0.00000E+00  0.00000E+00  0.00000E+00  0.00000E+00  0.00000E+00  0.00000E+00  0.00000E+00  0.00000E+00  0.00000E+00  0.00000E+00  0.00000E+00  0.00000E+00  0.00000E+00  0.00000E+00
 0.40565E+00  0.00000E+00  0.00000E+00  0.00000E+00  0.41375E+02  0.00000E+00  0.29815E+03  0.00000E+00  0.00000E+00  0.00000E+00  0.00000E+00  0.00000E+00  0.00000E+00  0.00000E+00  0.33600E+03  0.00000E+00  0.00000E+00  0.00000E+00  0.00000E+00  0.00000E+00  0.00000E+00  0.00000E+00  0.00000E+00  0.00000E+00  0.00000E+00  0.00000E+00  0.00000E+00  0.00000E+00  0.00000E+00  0.00000E+00
 0.40565E+00  0.00000E+00  0.00000E+00  0.00000E+00  0.41380E+02  0.00000E+00  0.29815E+03  0.00000E+00  0.00000E+00  0.00000E+00  0.00000E+00  0.00000E+00  0.00000E+00  0.00000E+00  0.33600E+03  0.00000E+00  0.00000E+00  0.00000E+00  0.00000E+00  0.00000E+00  0.00000E+00  0.00000E+00  0.00000E+00  0.00000E+00  0.00000E+00  0.00000E+00  0.00000E+00  0.00000E+00  0.00000E+00  0.00000E+00
 0.45975E+00  0.00000E+00  0.00000E+00  0.00000E+00  0.41380E+02  0.00000E+00  0.29815E+03  0.00000E+00  0.00000E+00  0.00000E+00  0.00000E+00  0.00000E+00  0.00000E+00  0.00000E+00  0.33600E+03  0.00000E+00  0.00000E+00  0.00000E+00  0.00000E+00  0.00000E+00  0.00000E+00  0.00000E+00  0.00000E+00  0.00000E+00  0.00000E+00  0.00000E+00  0.00000E+00  0.00000E+00  0.00000E+00  0.00000E+00
 0.45975E+00  0.00000E+00  0.00000E+00  0.00000E+00  0.41302E+02  0.00000E+00  0.29815E+03  0.00000E+00  0.00000E+00  0.00000E+00  0.00000E+00  0.00000E+00  0.00000E+00  0.00000E+00  0.33600E+03  0.00000E+00  0.00000E+00  0.00000E+00  0.00000E+00  0.00000E+00  0.00000E+00  0.00000E+00  0.00000E+00  0.00000E+00  0.00000E+00  0.00000E+00  0.00000E+00  0.00000E+00  0.00000E+00  0.00000E+00
 0.51385E+00  0.00000E+00  0.00000E+00  0.00000E+00  0.41302E+02  0.00000E+00  0.29815E+03  0.00000E+00  0.00000E+00  0.00000E+00  0.00000E+00  0.00000E+00  0.00000E+00  0.00000E+00  0.33600E+03  0.00000E+00  0.00000E+00  0.00000E+00  0.00000E+00  0.00000E+00  0.00000E+00  0.00000E+00  0.00000E+00  0.00000E+00  0.00000E+00  0.00000E+00  0.00000E+00  0.00000E+00  0.00000E+00  0.00000E+00
 0.51385E+00  0.74834E+01  0.00000E+00  0.74834E+01  0.41293E+02  0.74834E+01  0.29815E+03  0.00000E+00  0.00000E+00  0.00000E+00  0.00000E+00  0.74834E+01  0.00000E+00  0.10696E+00  0.24960E+04  0.00000E+00  0.00000E+00  0.00000E+00  0.00000E+00  0.00000E+00  0.00000E+00  0.60283E-02  0.00000E+00  0.90712E+01  0.00000E+00  0.90712E+01  0.00000E+00  0.00000E+00  0.00000E+00  0.90712E+01
 0.56795E+00  0.74834E+01  0.00000E+00  0.74834E+01  0.41293E+02  0.74834E+01  0.29815E+03  0.00000E+00  0.00000E+00  0.00000E+00  0.00000E+00  0.74834E+01  0.00000E+00  0.10696E+00  0.24960E+04  0.00000E+00  0.00000E+00  0.00000E+00  0.00000E+00  0.00000E+00  0.00000E+00  0.60283E-02  0.00000E+00  0.90712E+01  0.00000E+00  0.90712E+01  0.00000E+00  0.00000E+00  0.00000E+00  0.90712E+01
 0.56795E+00  0.00000E+00  0.00000E+00  0.75181E+01  0.41460E+02  0.75181E+01  0.24984E+04  0.00000E+00  0.75181E+01  0.75181E+01  0.96771E+01  0.96771E+01  0.22311E+00  0.14287E+02  0.50633E+03  0.33452E+00  0.15513E+05  0.42931E+04  0.00000E+00  0.00000E+00  0.00000E+00  0.83596E-02  0.00000E+00  0.90712E+01  0.00000E+00  0.90712E+01  0.00000E+00  0.72599E+01  0.72599E+01  0.16331E+02
 0.62205E+00  0.00000E+00  0.00000E+00  0.75181E+01  0.41460E+02  0.75181E+01  0.24984E+04  0.00000E+00  0.75181E+01  0.75181E+01  0.96771E+01  0.96771E+01  0.22311E+00  0.14287E+02  0.50633E+03  0.33452E+00  0.15513E+05  0.42931E+04  0.00000E+00  0.00000E+00  0.00000E+00  0.83596E-02  0.00000E+00  0.90712E+01  0.00000E+00  0.90712E+01  0.00000E+00  0.72599E+01  0.72599E+01  0.16331E+02
 0.61521E+00  0.00000E+00  0.00000E+00  0.59031E+01  0.41580E+02  0.59031E+01  0.24970E+04  0.00000E+00  0.59031E+01  0.59031E+01  0.67442E+01  0.67442E+01  0.12471E+00  0.32222E+01  0.76112E+03  0.42834E+02  0.15480E+05  0.63707E+04  0.00000E+00  0.00000E+00  0.00000E+00  0.12492E-01  0.00000E+00  0.90712E+01  0.00000E+00  0.90712E+01  0.00000E+00  0.11503E+02  0.11503E+02  0.20575E+02
 0.65679E+00  0.00000E+00  0.00000E+00  0.59031E+01  0.41580E+02  0.59031E+01  0.24970E+04  0.00000E+00  0.59031E+01  0.59031E+01  0.67442E+01  0.67442E+01  0.12471E+00  0.32222E+01  0.76112E+03  0.42834E+02  0.15480E+05  0.63707E+04  0.00000E+00  0.00000E+00  0.00000E+00  0.12492E-01  0.00000E+00  0.90712E+01  0.00000E+00  0.90712E+01  0.00000E+00  0.11503E+02  0.11503E+02  0.20575E+02
 0.65721E+00  0.00000E+00  0.00000E+00  0.52932E+01  0.41558E+02  0.52932E+01  0.24956E+04  0.00000E+00  0.52932E+01  0.52932E+01  0.63517E+01  0.63517E+01  0.16665E+00  0.45752E+01  0.69595E+03  0.53725E+02  0.15448E+05  0.64018E+04  0.00000E+00  0.00000E+00  0.00000E+00  0.19054E-01  0.00000E+00  0.90712E+01  0.00000E+00  0.90712E+01  0.00000E+00  0.15447E+02  0.15447E+02  0.24518E+02
 0.69879E+00  0.00000E+00  0.00000E+00  0.52932E+01  0.41558E+02  0.52932E+01  0.24956E+04  0.00000E+00  0.52932E+01  0.52932E+01  0.63517E+01  0.63517E+01  0.16665E+00  0.45752E+01  0.69595E+03  0.53725E+02  0.15448E+05  0.64018E+04  0.00000E+00  0.00000E+00  0.00000E+00  0.19054E-01  0.00000E+00  0.90712E+01  0.00000E+00  0.90712E+01  0.00000E+00  0.15447E+02  0.15447E+02  0.24518E+02
 0.69821E+00  0.00000E+00  0.00000E+00  0.50144E+01  0.41452E+02  0.50144E+01  0.24941E+04  0.00000E+00  0.50144E+01  0.50144E+01  0.66330E+01  0.66330E+01  0.24402E+00  0.75742E+01  0.60718E+03  0.57880E+02  0.15413E+05  0.59019E+04  0.00000E+00  0.00000E+00  0.00000E+00  0.29698E-01  0.00000E+00  0.90712E+01  0.00000E+00  0.90712E+01  0.00000E+00  0.19315E+02  0.19315E+02  0.28386E+02
 0.73979E+00  0.00000E+00  0.00000E+00  0.50144E+01  0.41452E+02  0.50144E+01  0.24941E+04  0.00000E+00  0.50144E+01  0.50144E+01  0.66330E+01  0.66330E+01  0.24402E+00  0.75742E+01  0.60718E+03  0.57880E+02  0.15413E+05  0.59019E+04  0.00000E+00  0.00000E+00  0.00000E+00  0.29698E-01  0.00000E+00  0.90712E+01  0.00000E+00  0.90712E+01  0.00000E+00  0.19315E+02  0.19315E+02  0.28386E+02
 0.74021E+00  0.00000E+00  0.00000E+00  0.48837E+01  0.41221E+02  0.48837E+01  0.24926E+04  0.00000E+00  0.48837E+01  0.48837E+01  0.62008E+01  0.62008E+01  0.21242E+00  0.13369E+02  0.52909E+03  0.59159E+02  0.15379E+05  0.51882E+04  0.00000E+00  0.00000E+00  0.00000E+00  0.46692E-01  0.00000E+00  0.90712E+01  0.00000E+00  0.90712E+01  0.00000E+00  0.23209E+02  0.23209E+02  0.32280E+02
 0.78179E+00  0.00000E+00  0.00000E+00  0.48837E+01  0.41221E+02  0.48837E+01  0.24926E+04  0.00000E+00  0.48837E+01  0.48837E+01  0.62008E+01  0.62008E+01  0.21242E+00  0.13369E+02  0.52909E+03  0.59159E+02  0.15379E+05  0.51882E+04  0.00000E+00  0.00000E+00  0.00000E+00  0.46692E-01  0.00000E+00  0.90712E+01  0.00000E+00  0.90712E+01  0.00000E+00  0.23209E+02  0.23209E+02  0.32280E+02
 0.78121E+00  0.00000E+00  0.00000E+00  0.48210E+01  0.40903E+02  0.48210E+01  0.24915E+04  0.00000E+00  0.48210E+01  0.48210E+01  0.72935E+01  0.72935E+01  0.33901E+00  0.26765E+02  0.46581E+03  0.58915E+02  0.15352E+05  0.46218E+04  0.00000E+00  0.00000E+00  0.00000E+00  0.66297E-01  0.00000E+00  0.90712E+01  0.00000E+00  0.90712E+01  0.00000E+00  0.27180E+02  0.27180E+02  0.36251E+02
 0.82279E+00  0.00000E+00  0.00000E+00  0.48210E+01  0.40903E+02  0.48210E+01  0.24915E+04  0.00000E+00  0.48210E+01  0.48210E+01  0.72935E+01  0.72935E+01  0.33901E+00  0.26765E+02  0.46581E+03  0.58915E+02  0.15352E+05  0.46218E+04  0.00000E+00  0.00000E+00  0.00000E+00  0.66297E-01  0.00000E+00  0.90712E+01  0.00000E+00  0.90712E+01  0.00000E+00  0.27180E+02  0.27180E+02  0.36251E+02
 0.82321E+00  0.00000E+00  0.00000E+00  0.47823E+01  0.40741E+02  0.47823E+01  0.24915E+04  0.00000E+00  0.47823E+01  0.47823E+01  0.47823E+01  0.47823E+01  0.00000E+00  0.00000E+00  0.43024E+03  0.57824E+02  0.19251E+04  0.46358E+04  0.00000E+00  0.00000E+00  0.00000E+00  0.65911E-01  0.00000E+00  0.90712E+01  0.00000E+00  0.90712E+01  0.00000E+00  0.31245E+02  0.31245E+02  0.40316E+02
 0.86479E+00  0.00000E+00  0.00000E+00  0.47823E+01  0.40741E+02  0.47823E+01  0.24915E+04  0.00000E+00  0.47823E+01  0.47823E+01  0.47823E+01  0.47823E+01  0.00000E+00  0.00000E+00  0.43024E+03  0.57824E+02  0.19251E+04  0.46358E+04  0.00000E+00  0.00000E+00  0.00000E+00  0.65911E-01  0.00000E+00  0.90712E+01  0.00000E+00  0.90712E+01  0.00000E+00  0.31245E+02  0.31245E+02  0.40316E+02
 0.86521E+00  0.00000E+00  0.00000E+00  0.47125E+01  0.40765E+02  0.47125E+01  0.24914E+04  0.00000E+00  0.47125E+01  0.47125E+01  0.47125E+01  0.47125E+01  0.00000E+00  0.00000E+00  0.41919E+03  0.56261E+02  0.19248E+04  0.44778E+04  0.00000E+00  0.00000E+00  0.00000E+00  0.68357E-01  0.00000E+00  0.90712E+01  0.00000E+00  0.90712E+01  0.00000E+00  0.35373E+02  0.35373E+02  0.44444E+02
 0.90679E+00  0.00000E+00  0.00000E+00  0.47125E+01  0.40765E+02  0.47125E+01  0.24914E+04  0.00000E+00  0.47125E+01  0.47125E+01  0.47125E+01  0.47125E+01  0.00000E+00  0.00000E+00  0.41919E+03  0.56261E+02  0.19248E+04  0.44778E+04  0.00000E+00  0.00000E+00  0.00000E+00  0.68357E-01  0.00000E+00  0.90712E+01  0.00000E+00  0.90712E+01  0.00000E+00  0.35373E+02  0.35373E+02  0.44444E+02
 0.90621E+00  0.00000E+00  0.00000E+00  0.45957E+01  0.40692E+02  0.45957E+01  0.24911E+04  0.00000E+00  0.45957E+01  0.45957E+01  0.45957E+01  0.45957E+01  0.00000E+00  0.00000E+00  0.39467E+03  0.53808E+02  0.19240E+04  0.42972E+04  0.00000E+00  0.00000E+00  0.00000E+00  0.74689E-01  0.00000E+00  0.90712E+01  0.00000E+00  0.90712E+01  0.00000E+00  0.39520E+02  0.39520E+02  0.48591E+02
 0.94779E+00  0.00000E+00  0.00000E+00  0.45957E+01  0.40692E+02  0.45957E+01  0.24911E+04  0.00000E+00  0.45957E+01  0.45957E+01  0.45957E+01  0.45957E+01  0.00000E+00  0.00000E+00  0.39467E+03  0.53808E+02  0.19240E+04  0.42972E+04  0.00000E+00  0.00000E+00  0.00000E+00  0.74689E-01  0.00000E+00  0.90712E+01  0.00000E+00  0.90712E+01  0.00000E+00  0.39520E+02  0.39520E+02  0.48591E+02
 0.94821E+00  0.00000E+00  0.00000E+00  0.46603E+01  0.40597E+02  0.46603E+01  0.24907E+04  0.00000E+00  0.46603E+01  0.46603E+01  0.46603E+01  0.46603E+01  0.00000E+00  0.00000E+00  0.36612E+03  0.53265E+02  0.19229E+04  0.38062E+04  0.00000E+00  0.00000E+00  0.00000E+00  0.84287E-01  0.00000E+00  0.90712E+01  0.00000E+00  0.90712E+01  0.00000E+00  0.43847E+02  0.43847E+02  0.52918E+02
 0.98979E+00  0.00000E+00  0.00000E+00  0.46603E+01  0.40597E+02  0.46603E+01  0.24907E+04  0.00000E+00  0.46603E+01  0.46603E+01  0.46603E+01  0.46603E+01  0.00000E+00  0.00000E+00  0.36612E+03  0.53265E+02  0.19229E+04  0.38062E+04  0.00000E+00  0.00000E+00  0.00000E+00  0.84287E-01  0.00000E+00  0.90712E+01  0.00000E+00  0.90712E+01  0.00000E+00  0.43847E+02  0.43847E+02  0.52918E+02
 0.98921E+00  0.00000E+00  0.00000E+00  0.20897E+01  0.41463E+02  0.20897E+01  0.24901E+04  0.00000E+00  0.20897E+01  0.20897E+01  0.20897E+01  0.20897E+01  0.00000E+00  0.00000E+00  0.34591E+03  0.42966E+02  0.19212E+04  0.25607E+04  0.00000E+00  0.00000E+00  0.00000E+00  0.10098E+00  0.00000E+00  0.90712E+01  0.00000E+00  0.90712E+01  0.00000E+00  0.45842E+02  0.45842E+02  0.54913E+02
 0.10308E+01  0.00000E+00  0.00000E+00  0.20897E+01  0.41463E+02  0.20897E+01  0.24901E+04  0.00000E+00  0.20897E+01  0.20897E+01  0.20897E+01  0.20897E+01  0.00000E+00  0.00000E+00  0.34591E+03  0.42966E+02  0.19212E+04  0.25607E+04  0.00000E+00  0.00000E+00  0.00000E+00  0.10098E+00  0.00000E+00  0.90712E+01  0.00000E+00  0.90712E+01  0.00000E+00  0.45842E+02  0.45842E+02  0.54913E+02
 0.10292E+01  0.00000E+00  0.00000E+00  0.63322E-01  0.41391E+02  0.63322E-01  0.29815E+03  0.00000E+00  0.63322E-01  0.63322E-01  0.63322E-01  0.63322E-01  0.00000E+00  0.00000E+00  0.29815E+03  0.76855E+01  0.00000E+00  0.00000E+00  0.00000E+00  0.00000E+00  0.00000E+00  0.00000E+00  0.00000E+00  0.90712E+01  0.00000E+00  0.90712E+01  0.00000E+00  0.45842E+02  0.45842E+02  0.54913E+02
 0.10708E+01  0.00000E+00  0.00000E+00  0.63322E-01  0.41391E+02  0.63322E-01  0.29815E+03  0.00000E+00  0.63322E-01  0.63322E-01  0.63322E-01  0.63322E-01  0.00000E+00  0.00000E+00  0.29815E+03  0.76855E+01  0.00000E+00  0.00000E+00  0.00000E+00  0.00000E+00  0.00000E+00  0.00000E+00  0.00000E+00  0.90712E+01  0.00000E+00  0.90712E+01  0.00000E+00  0.45842E+02  0.45842E+02  0.54913E+02
 0.10692E+01  0.00000E+00  0.00000E+00  0.00000E+00  0.41384E+02  0.00000E+00  0.29815E+03  0.00000E+00  0.00000E+00  0.00000E+00  0.00000E+00  0.00000E+00  0.00000E+00  0.00000E+00  0.29815E+03  0.00000E+00  0.00000E+00  0.00000E+00  0.00000E+00  0.00000E+00  0.00000E+00  0.00000E+00  0.00000E+00  0.90712E+01  0.00000E+00  0.90712E+01  0.00000E+00  0.45842E+02  0.45842E+02  0.54913E+02
 0.11108E+01  0.00000E+00  0.00000E+00  0.00000E+00  0.41384E+02  0.00000E+00  0.29815E+03  0.00000E+00  0.00000E+00  0.00000E+00  0.00000E+00  0.00000E+00  0.00000E+00  0.00000E+00  0.29815E+03  0.00000E+00  0.00000E+00  0.00000E+00  0.00000E+00  0.00000E+00  0.00000E+00  0.00000E+00  0.00000E+00  0.90712E+01  0.00000E+00  0.90712E+01  0.00000E+00  0.45842E+02  0.45842E+02  0.54913E+02
 0.11192E+01  0.00000E+00  0.00000E+00  0.00000E+00  0.41390E+02  0.00000E+00  0.29815E+03  0.00000E+00  0.00000E+00  0.00000E+00  0.00000E+00  0.00000E+00  0.00000E+00  0.00000E+00  0.29815E+03  0.00000E+00  0.00000E+00  0.00000E+00  0.00000E+00  0.00000E+00  0.00000E+00  0.00000E+00  0.00000E+00  0.90712E+01  0.00000E+00  0.90712E+01  0.00000E+00  0.45842E+02  0.45842E+02  0.54913E+02
 0.11608E+01  0.00000E+00  0.00000E+00  0.00000E+00  0.41390E+02  0.00000E+00  0.29815E+03  0.00000E+00  0.00000E+00  0.00000E+00  0.00000E+00  0.00000E+00  0.00000E+00  0.00000E+00  0.29815E+03  0.00000E+00  0.00000E+00  0.00000E+00  0.00000E+00  0.00000E+00  0.00000E+00  0.00000E+00  0.00000E+00  0.90712E+01  0.00000E+00  0.90712E+01  0.00000E+00  0.45842E+02  0.45842E+02  0.54913E+02
 0.11592E+01  0.00000E+00  0.00000E+00  0.00000E+00  0.41388E+02  0.00000E+00  0.29815E+03  0.00000E+00  0.00000E+00  0.00000E+00  0.00000E+00  0.00000E+00  0.00000E+00  0.00000E+00  0.29815E+03  0.00000E+00  0.00000E+00  0.00000E+00  0.00000E+00  0.00000E+00  0.00000E+00  0.00000E+00  0.00000E+00  0.90712E+01  0.00000E+00  0.90712E+01  0.00000E+00  0.45842E+02  0.45842E+02  0.54913E+02
 0.12008E+01  0.00000E+00  0.00000E+00  0.00000E+00  0.41388E+02  0.00000E+00  0.29815E+03  0.00000E+00  0.00000E+00  0.00000E+00  0.00000E+00  0.00000E+00  0.00000E+00  0.00000E+00  0.29815E+03  0.00000E+00  0.00000E+00  0.00000E+00  0.00000E+00  0.00000E+00  0.00000E+00  0.00000E+00  0.00000E+00  0.90712E+01  0.00000E+00  0.90712E+01  0.00000E+00  0.45842E+02  0.45842E+02  0.54913E+02
 0.11992E+01  0.00000E+00  0.00000E+00  0.00000E+00  0.41374E+02  0.00000E+00  0.29815E+03  0.00000E+00  0.00000E+00  0.00000E+00  0.00000E+00  0.00000E+00  0.00000E+00  0.00000E+00  0.29815E+03  0.00000E+00  0.00000E+00  0.00000E+00  0.00000E+00  0.00000E+00  0.00000E+00  0.00000E+00  0.00000E+00  0.90712E+01  0.00000E+00  0.90712E+01  0.00000E+00  0.45842E+02  0.45842E+02  0.54913E+02
 0.12408E+01  0.00000E+00  0.00000E+00  0.00000E+00  0.41374E+02  0.00000E+00  0.29815E+03  0.00000E+00  0.00000E+00  0.00000E+00  0.00000E+00  0.00000E+00  0.00000E+00  0.00000E+00  0.29815E+03  0.00000E+00  0.00000E+00  0.00000E+00  0.00000E+00  0.00000E+00  0.00000E+00  0.00000E+00  0.00000E+00  0.90712E+01  0.00000E+00  0.90712E+01  0.00000E+00  0.45842E+02  0.45842E+02  0.54913E+02
 0.12392E+01  0.00000E+00  0.00000E+00  0.00000E+00  0.41344E+02  0.00000E+00  0.29815E+03  0.00000E+00  0.00000E+00  0.00000E+00  0.00000E+00  0.00000E+00  0.00000E+00  0.00000E+00  0.29815E+03  0.00000E+00  0.00000E+00  0.00000E+00  0.00000E+00  0.00000E+00  0.00000E+00  0.00000E+00  0.00000E+00  0.90712E+01  0.00000E+00  0.90712E+01  0.00000E+00  0.45842E+02  0.45842E+02  0.54913E+02
 0.12808E+01  0.00000E+00  0.00000E+00  0.00000E+00  0.41344E+02  0.00000E+00  0.29815E+03  0.00000E+00  0.00000E+00  0.00000E+00  0.00000E+00  0.00000E+00  0.00000E+00  0.00000E+00  0.29815E+03  0.00000E+00  0.00000E+00  0.00000E+00  0.00000E+00  0.00000E+00  0.00000E+00  0.00000E+00  0.00000E+00  0.90712E+01  0.00000E+00  0.90712E+01  0.00000E+00  0.45842E+02  0.45842E+02  0.54913E+02
 0.12792E+01  0.00000E+00  0.00000E+00  0.00000E+00  0.41299E+02  0.00000E+00  0.29815E+03  0.00000E+00  0.00000E+00  0.00000E+00  0.00000E+00  0.00000E+00  0.00000E+00  0.00000E+00  0.29815E+03  0.00000E+00  0.00000E+00  0.00000E+00  0.00000E+00  0.00000E+00  0.00000E+00  0.00000E+00  0.00000E+00  0.90712E+01  0.00000E+00  0.90712E+01  0.00000E+00  0.45842E+02  0.45842E+02  0.54913E+02
 0.13208E+01  0.00000E+00  0.00000E+00  0.00000E+00  0.41299E+02  0.00000E+00  0.29815E+03  0.00000E+00  0.00000E+00  0.00000E+00  0.00000E+00  0.00000E+00  0.00000E+00  0.00000E+00  0.29815E+03  0.00000E+00  0.00000E+00  0.00000E+00  0.00000E+00  0.00000E+00  0.00000E+00  0.00000E+00  0.00000E+00  0.90712E+01  0.00000E+00  0.90712E+01  0.00000E+00  0.45842E+02  0.45842E+02  0.54913E+02
 0.13192E+01  0.00000E+00  0.00000E+00  0.00000E+00  0.41247E+02  0.00000E+00  0.29815E+03  0.00000E+00  0.00000E+00  0.00000E+00  0.00000E+00  0.00000E+00  0.00000E+00  0.00000E+00  0.29815E+03  0.00000E+00  0.00000E+00  0.00000E+00  0.00000E+00  0.00000E+00  0.00000E+00  0.00000E+00  0.00000E+00  0.90712E+01  0.00000E+00  0.90712E+01  0.00000E+00  0.45842E+02  0.45842E+02  0.54913E+02
 0.13608E+01  0.00000E+00  0.00000E+00  0.00000E+00  0.41247E+02  0.00000E+00  0.29815E+03  0.00000E+00  0.00000E+00  0.00000E+00  0.00000E+00  0.00000E+00  0.00000E+00  0.00000E+00  0.29815E+03  0.00000E+00  0.00000E+00  0.00000E+00  0.00000E+00  0.00000E+00  0.00000E+00  0.00000E+00  0.00000E+00  0.90712E+01  0.00000E+00  0.90712E+01  0.00000E+00  0.45842E+02  0.45842E+02  0.54913E+02
 0.13592E+01  0.00000E+00  0.00000E+00  0.00000E+00  0.41194E+02  0.00000E+00  0.29815E+03  0.00000E+00  0.00000E+00  0.00000E+00  0.00000E+00  0.00000E+00  0.00000E+00  0.00000E+00  0.29815E+03  0.00000E+00  0.00000E+00  0.00000E+00  0.00000E+00  0.00000E+00  0.00000E+00  0.00000E+00  0.00000E+00  0.90712E+01  0.00000E+00  0.90712E+01  0.00000E+00  0.45842E+02  0.45842E+02  0.54913E+02
 0.14008E+01  0.00000E+00  0.00000E+00  0.00000E+00  0.41194E+02  0.00000E+00  0.29815E+03  0.00000E+00  0.00000E+00  0.00000E+00  0.00000E+00  0.00000E+00  0.00000E+00  0.00000E+00  0.29815E+03  0.00000E+00  0.00000E+00  0.00000E+00  0.00000E+00  0.00000E+00  0.00000E+00  0.00000E+00  0.00000E+00  0.90712E+01  0.00000E+00  0.90712E+01  0.00000E+00  0.45842E+02  0.45842E+02  0.54913E+02
 0.14092E+01  0.00000E+00  0.00000E+00  0.00000E+00  0.41139E+02  0.00000E+00  0.29815E+03  0.00000E+00  0.00000E+00  0.00000E+00  0.00000E+00  0.00000E+00  0.00000E+00  0.00000E+00  0.29815E+03  0.00000E+00  0.00000E+00  0.00000E+00  0.00000E+00  0.00000E+00  0.00000E+00  0.00000E+00  0.00000E+00  0.90712E+01  0.00000E+00  0.90712E+01  0.00000E+00  0.45842E+02  0.45842E+02  0.54913E+02
 0.14508E+01  0.00000E+00  0.00000E+00  0.00000E+00  0.41139E+02  0.00000E+00  0.29815E+03  0.00000E+00  0.00000E+00  0.00000E+00  0.00000E+00  0.00000E+00  0.00000E+00  0.00000E+00  0.29815E+03  0.00000E+00  0.00000E+00  0.00000E+00  0.00000E+00  0.00000E+00  0.00000E+00  0.00000E+00  0.00000E+00  0.90712E+01  0.00000E+00  0.90712E+01  0.00000E+00  0.45842E+02  0.45842E+02  0.54913E+02
 0.14492E+01  0.00000E+00  0.00000E+00  0.00000E+00  0.41074E+02  0.00000E+00  0.29815E+03  0.00000E+00  0.00000E+00  0.00000E+00  0.00000E+00  0.00000E+00  0.00000E+00  0.00000E+00  0.29815E+03  0.00000E+00  0.00000E+00  0.00000E+00  0.00000E+00  0.00000E+00  0.00000E+00  0.00000E+00  0.00000E+00  0.90712E+01  0.00000E+00  0.90712E+01  0.00000E+00  0.45842E+02  0.45842E+02  0.54913E+02
 0.14908E+01  0.00000E+00  0.00000E+00  0.00000E+00  0.41074E+02  0.00000E+00  0.29815E+03  0.00000E+00  0.00000E+00  0.00000E+00  0.00000E+00  0.00000E+00  0.00000E+00  0.00000E+00  0.29815E+03  0.00000E+00  0.00000E+00  0.00000E+00  0.00000E+00  0.00000E+00  0.00000E+00  0.00000E+00  0.00000E+00  0.90712E+01  0.00000E+00  0.90712E+01  0.00000E+00  0.45842E+02  0.45842E+02  0.54913E+02
 0.14892E+01  0.00000E+00  0.00000E+00  0.00000E+00  0.41012E+02  0.00000E+00  0.29815E+03  0.00000E+00  0.00000E+00  0.00000E+00  0.00000E+00  0.00000E+00  0.00000E+00  0.00000E+00  0.29815E+03  0.00000E+00  0.00000E+00  0.00000E+00  0.00000E+00  0.00000E+00  0.00000E+00  0.00000E+00  0.00000E+00  0.90712E+01  0.00000E+00  0.90712E+01  0.00000E+00  0.45842E+02  0.45842E+02  0.54913E+02
 0.15308E+01  0.00000E+00  0.00000E+00  0.00000E+00  0.41012E+02  0.00000E+00  0.29815E+03  0.00000E+00  0.00000E+00  0.00000E+00  0.00000E+00  0.00000E+00  0.00000E+00  0.00000E+00  0.29815E+03  0.00000E+00  0.00000E+00  0.00000E+00  0.00000E+00  0.00000E+00  0.00000E+00  0.00000E+00  0.00000E+00  0.90712E+01  0.00000E+00  0.90712E+01  0.00000E+00  0.45842E+02  0.45842E+02  0.54913E+02
 0.15292E+01  0.00000E+00  0.00000E+00  0.00000E+00  0.40966E+02  0.00000E+00  0.29815E+03  0.00000E+00  0.00000E+00  0.00000E+00  0.00000E+00  0.00000E+00  0.00000E+00  0.00000E+00  0.29815E+03  0.00000E+00  0.00000E+00  0.00000E+00  0.00000E+00  0.00000E+00  0.00000E+00  0.00000E+00  0.00000E+00  0.90712E+01  0.00000E+00  0.90712E+01  0.00000E+00  0.45842E+02  0.45842E+02  0.54913E+02
 0.15708E+01  0.00000E+00  0.00000E+00  0.00000E+00  0.40966E+02  0.00000E+00  0.29815E+03  0.00000E+00  0.00000E+00  0.00000E+00  0.00000E+00  0.00000E+00  0.00000E+00  0.00000E+00  0.29815E+03  0.00000E+00  0.00000E+00  0.00000E+00  0.00000E+00  0.00000E+00  0.00000E+00  0.00000E+00  0.00000E+00  0.90712E+01  0.00000E+00  0.90712E+01  0.00000E+00  0.45842E+02  0.45842E+02  0.54913E+02
 0.15692E+01  0.00000E+00  0.00000E+00  0.00000E+00  0.40930E+02  0.00000E+00  0.29815E+03  0.00000E+00  0.00000E+00  0.00000E+00  0.00000E+00  0.00000E+00  0.00000E+00  0.00000E+00  0.29815E+03  0.00000E+00  0.00000E+00  0.00000E+00  0.00000E+00  0.00000E+00  0.00000E+00  0.00000E+00  0.00000E+00  0.90712E+01  0.00000E+00  0.90712E+01  0.00000E+00  0.45842E+02  0.45842E+02  0.54913E+02
 0.16108E+01  0.00000E+00  0.00000E+00  0.00000E+00  0.40930E+02  0.00000E+00  0.29815E+03  0.00000E+00  0.00000E+00  0.00000E+00  0.00000E+00  0.00000E+00  0.00000E+00  0.00000E+00  0.29815E+03  0.00000E+00  0.00000E+00  0.00000E+00  0.00000E+00  0.00000E+00  0.00000E+00  0.00000E+00  0.00000E+00  0.90712E+01  0.00000E+00  0.90712E+01  0.00000E+00  0.45842E+02  0.45842E+02  0.54913E+02
 0.16092E+01  0.00000E+00  0.00000E+00  0.00000E+00  0.40876E+02  0.00000E+00  0.29815E+03  0.00000E+00  0.00000E+00  0.00000E+00  0.00000E+00  0.00000E+00  0.00000E+00  0.00000E+00  0.29815E+03  0.00000E+00  0.00000E+00  0.00000E+00  0.00000E+00  0.00000E+00  0.00000E+00  0.00000E+00  0.00000E+00  0.90712E+01  0.00000E+00  0.90712E+01  0.00000E+00  0.45842E+02  0.45842E+02  0.54913E+02
 0.16508E+01  0.00000E+00  0.00000E+00  0.00000E+00  0.40876E+02  0.00000E+00  0.29815E+03  0.00000E+00  0.00000E+00  0.00000E+00  0.00000E+00  0.00000E+00  0.00000E+00  0.00000E+00  0.29815E+03  0.00000E+00  0.00000E+00  0.00000E+00  0.00000E+00  0.00000E+00  0.00000E+00  0.00000E+00  0.00000E+00  0.90712E+01  0.00000E+00  0.90712E+01  0.00000E+00  0.45842E+02  0.45842E+02  0.54913E+02
 0.16592E+01  0.00000E+00  0.00000E+00  0.00000E+00  0.40808E+02  0.00000E+00  0.29815E+03  0.00000E+00  0.00000E+00  0.00000E+00  0.00000E+00  0.00000E+00  0.00000E+00  0.00000E+00  0.29815E+03  0.00000E+00  0.00000E+00  0.00000E+00  0.00000E+00  0.00000E+00  0.00000E+00  0.00000E+00  0.00000E+00  0.90712E+01  0.00000E+00  0.90712E+01  0.00000E+00  0.45842E+02  0.45842E+02  0.54913E+02
 0.17008E+01  0.00000E+00  0.00000E+00  0.00000E+00  0.40808E+02  0.00000E+00  0.29815E+03  0.00000E+00  0.00000E+00  0.00000E+00  0.00000E+00  0.00000E+00  0.00000E+00  0.00000E+00  0.29815E+03  0.00000E+00  0.00000E+00  0.00000E+00  0.00000E+00  0.00000E+00  0.00000E+00  0.00000E+00  0.00000E+00  0.90712E+01  0.00000E+00  0.90712E+01  0.00000E+00  0.45842E+02  0.45842E+02  0.54913E+02
 0.16992E+01  0.00000E+00  0.00000E+00  0.00000E+00  0.40763E+02  0.00000E+00  0.29815E+03  0.00000E+00  0.00000E+00  0.00000E+00  0.00000E+00  0.00000E+00  0.00000E+00  0.00000E+00  0.29815E+03  0.00000E+00  0.00000E+00  0.00000E+00  0.00000E+00  0.00000E+00  0.00000E+00  0.00000E+00  0.00000E+00  0.90712E+01  0.00000E+00  0.90712E+01  0.00000E+00  0.45842E+02  0.45842E+02  0.54913E+02
 0.17408E+01  0.00000E+00  0.00000E+00  0.00000E+00  0.40763E+02  0.00000E+00  0.29815E+03  0.00000E+00  0.00000E+00  0.00000E+00  0.00000E+00  0.00000E+00  0.00000E+00  0.00000E+00  0.29815E+03  0.00000E+00  0.00000E+00  0.00000E+00  0.00000E+00  0.00000E+00  0.00000E+00  0.00000E+00  0.00000E+00  0.90712E+01  0.00000E+00  0.90712E+01  0.00000E+00  0.45842E+02  0.45842E+02  0.54913E+02
 0.17392E+01  0.00000E+00  0.00000E+00  0.00000E+00  0.40773E+02  0.00000E+00  0.29815E+03  0.00000E+00  0.00000E+00  0.00000E+00  0.00000E+00  0.00000E+00  0.00000E+00  0.00000E+00  0.29815E+03  0.00000E+00  0.00000E+00  0.00000E+00  0.00000E+00  0.00000E+00  0.00000E+00  0.00000E+00  0.00000E+00  0.90712E+01  0.00000E+00  0.90712E+01  0.00000E+00  0.45842E+02  0.45842E+02  0.54913E+02
 0.17808E+01  0.00000E+00  0.00000E+00  0.00000E+00  0.40773E+02  0.00000E+00  0.29815E+03  0.00000E+00  0.00000E+00  0.00000E+00  0.00000E+00  0.00000E+00  0.00000E+00  0.00000E+00  0.29815E+03  0.00000E+00  0.00000E+00  0.00000E+00  0.00000E+00  0.00000E+00  0.00000E+00  0.00000E+00  0.00000E+00  0.90712E+01  0.00000E+00  0.90712E+01  0.00000E+00  0.45842E+02  0.45842E+02  0.54913E+02
 0.17792E+01  0.00000E+00  0.00000E+00  0.00000E+00  0.40821E+02  0.00000E+00  0.29815E+03  0.00000E+00  0.00000E+00  0.00000E+00  0.00000E+00  0.00000E+00  0.00000E+00  0.00000E+00  0.29815E+03  0.00000E+00  0.00000E+00  0.00000E+00  0.00000E+00  0.00000E+00  0.00000E+00  0.00000E+00  0.00000E+00  0.90712E+01  0.00000E+00  0.90712E+01  0.00000E+00  0.45842E+02  0.45842E+02  0.54913E+02
 0.18208E+01  0.00000E+00  0.00000E+00  0.00000E+00  0.40821E+02  0.00000E+00  0.29815E+03  0.00000E+00  0.00000E+00  0.00000E+00  0.00000E+00  0.00000E+00  0.00000E+00  0.00000E+00  0.29815E+03  0.00000E+00  0.00000E+00  0.00000E+00  0.00000E+00  0.00000E+00  0.00000E+00  0.00000E+00  0.00000E+00  0.90712E+01  0.00000E+00  0.90712E+01  0.00000E+00  0.45842E+02  0.45842E+02  0.54913E+02
 0.18192E+01  0.00000E+00  0.00000E+00  0.00000E+00  0.40845E+02  0.00000E+00  0.29815E+03  0.00000E+00  0.00000E+00  0.00000E+00  0.00000E+00  0.00000E+00  0.00000E+00  0.00000E+00  0.29815E+03  0.00000E+00  0.00000E+00  0.00000E+00  0.00000E+00  0.00000E+00  0.00000E+00  0.00000E+00  0.00000E+00  0.90712E+01  0.00000E+00  0.90712E+01  0.00000E+00  0.45842E+02  0.45842E+02  0.54913E+02
 0.18608E+01  0.00000E+00  0.00000E+00  0.00000E+00  0.40845E+02  0.00000E+00  0.29815E+03  0.00000E+00  0.00000E+00  0.00000E+00  0.00000E+00  0.00000E+00  0.00000E+00  0.00000E+00  0.29815E+03  0.00000E+00  0.00000E+00  0.00000E+00  0.00000E+00  0.00000E+00  0.00000E+00  0.00000E+00  0.00000E+00  0.90712E+01  0.00000E+00  0.90712E+01  0.00000E+00  0.45842E+02  0.45842E+02  0.54913E+02
 0.18592E+01  0.00000E+00  0.00000E+00  0.00000E+00  0.40789E+02  0.00000E+00  0.29815E+03  0.00000E+00  0.00000E+00  0.00000E+00  0.00000E+00  0.00000E+00  0.00000E+00  0.00000E+00  0.29815E+03  0.00000E+00  0.00000E+00  0.00000E+00  0.00000E+00  0.00000E+00  0.00000E+00  0.00000E+00  0.00000E+00  0.90712E+01  0.00000E+00  0.90712E+01  0.00000E+00  0.45842E+02  0.45842E+02  0.54913E+02
 0.19008E+01  0.00000E+00  0.00000E+00  0.00000E+00  0.40789E+02  0.00000E+00  0.29815E+03  0.00000E+00  0.00000E+00  0.00000E+00  0.00000E+00  0.00000E+00  0.00000E+00  0.00000E+00  0.29815E+03  0.00000E+00  0.00000E+00  0.00000E+00  0.00000E+00  0.00000E+00  0.00000E+00  0.00000E+00  0.00000E+00  0.90712E+01  0.00000E+00  0.90712E+01  0.00000E+00  0.45842E+02  0.45842E+02  0.54913E+02
 0.19092E+01  0.00000E+00  0.00000E+00  0.00000E+00  0.40644E+02  0.00000E+00  0.29815E+03  0.00000E+00  0.00000E+00  0.00000E+00  0.00000E+00  0.00000E+00  0.00000E+00  0.00000E+00  0.29815E+03  0.00000E+00  0.00000E+00  0.00000E+00  0.00000E+00  0.00000E+00  0.00000E+00  0.00000E+00  0.00000E+00  0.90712E+01  0.00000E+00  0.90712E+01  0.00000E+00  0.45842E+02  0.45842E+02  0.54913E+02
 0.19508E+01  0.00000E+00  0.00000E+00  0.00000E+00  0.40644E+02  0.00000E+00  0.29815E+03  0.00000E+00  0.00000E+00  0.00000E+00  0.00000E+00  0.00000E+00  0.00000E+00  0.00000E+00  0.29815E+03  0.00000E+00  0.00000E+00  0.00000E+00  0.00000E+00  0.00000E+00  0.00000E+00  0.00000E+00  0.00000E+00  0.90712E+01  0.00000E+00  0.90712E+01  0.00000E+00  0.45842E+02  0.45842E+02  0.54913E+02
 0.19492E+01  0.00000E+00  0.00000E+00  0.00000E+00  0.40456E+02  0.00000E+00  0.29815E+03  0.00000E+00  0.00000E+00  0.00000E+00  0.00000E+00  0.00000E+00  0.00000E+00  0.00000E+00  0.29815E+03  0.00000E+00  0.00000E+00  0.00000E+00  0.00000E+00  0.00000E+00  0.00000E+00  0.00000E+00  0.00000E+00  0.90712E+01  0.00000E+00  0.90712E+01  0.00000E+00  0.45842E+02  0.45842E+02  0.54913E+02
 0.19908E+01  0.00000E+00  0.00000E+00  0.00000E+00  0.40456E+02  0.00000E+00  0.29815E+03  0.00000E+00  0.00000E+00  0.00000E+00  0.00000E+00  0.00000E+00  0.00000E+00  0.00000E+00  0.29815E+03  0.00000E+00  0.00000E+00  0.00000E+00  0.00000E+00  0.00000E+00  0.00000E+00  0.00000E+00  0.00000E+00  0.90712E+01  0.00000E+00  0.90712E+01  0.00000E+00  0.45842E+02  0.45842E+02  0.54913E+02
 0.19892E+01  0.00000E+00  0.00000E+00  0.00000E+00  0.40282E+02  0.00000E+00  0.29815E+03  0.00000E+00  0.00000E+00  0.00000E+00  0.00000E+00  0.00000E+00  0.00000E+00  0.00000E+00  0.29815E+03  0.00000E+00  0.00000E+00  0.00000E+00  0.00000E+00  0.00000E+00  0.00000E+00  0.00000E+00  0.00000E+00  0.90712E+01  0.00000E+00  0.90712E+01  0.00000E+00  0.45842E+02  0.45842E+02  0.54913E+02
 0.20308E+01  0.00000E+00  0.00000E+00  0.00000E+00  0.40282E+02  0.00000E+00  0.29815E+03  0.00000E+00  0.00000E+00  0.00000E+00  0.00000E+00  0.00000E+00  0.00000E+00  0.00000E+00  0.29815E+03  0.00000E+00  0.00000E+00  0.00000E+00  0.00000E+00  0.00000E+00  0.00000E+00  0.00000E+00  0.00000E+00  0.90712E+01  0.00000E+00  0.90712E+01  0.00000E+00  0.45842E+02  0.45842E+02  0.54913E+02
 0.20292E+01  0.00000E+00  0.00000E+00  0.00000E+00  0.40155E+02  0.00000E+00  0.29815E+03  0.00000E+00  0.00000E+00  0.00000E+00  0.00000E+00  0.00000E+00  0.00000E+00  0.00000E+00  0.29815E+03  0.00000E+00  0.00000E+00  0.00000E+00  0.00000E+00  0.00000E+00  0.00000E+00  0.00000E+00  0.00000E+00  0.90712E+01  0.00000E+00  0.90712E+01  0.00000E+00  0.45842E+02  0.45842E+02  0.54913E+02
 0.20708E+01  0.00000E+00  0.00000E+00  0.00000E+00  0.40155E+02  0.00000E+00  0.29815E+03  0.00000E+00  0.00000E+00  0.00000E+00  0.00000E+00  0.00000E+00  0.00000E+00  0.00000E+00  0.29815E+03  0.00000E+00  0.00000E+00  0.00000E+00  0.00000E+00  0.00000E+00  0.00000E+00  0.00000E+00  0.00000E+00  0.90712E+01  0.00000E+00  0.90712E+01  0.00000E+00  0.45842E+02  0.45842E+02  0.54913E+02
 0.20692E+01  0.00000E+00  0.00000E+00  0.00000E+00  0.40077E+02  0.00000E+00  0.29815E+03  0.00000E+00  0.00000E+00  0.00000E+00  0.00000E+00  0.00000E+00  0.00000E+00  0.00000E+00  0.29815E+03  0.00000E+00  0.00000E+00  0.00000E+00  0.00000E+00  0.00000E+00  0.00000E+00  0.00000E+00  0.00000E+00  0.90712E+01  0.00000E+00  0.90712E+01  0.00000E+00  0.45842E+02  0.45842E+02  0.54913E+02
 0.21108E+01  0.00000E+00  0.00000E+00  0.00000E+00  0.40077E+02  0.00000E+00  0.29815E+03  0.00000E+00  0.00000E+00  0.00000E+00  0.00000E+00  0.00000E+00  0.00000E+00  0.00000E+00  0.29815E+03  0.00000E+00  0.00000E+00  0.00000E+00  0.00000E+00  0.00000E+00  0.00000E+00  0.00000E+00  0.00000E+00  0.90712E+01  0.00000E+00  0.90712E+01  0.00000E+00  0.45842E+02  0.45842E+02  0.54913E+02
 0.21092E+01  0.00000E+00  0.00000E+00  0.00000E+00  0.40035E+02  0.00000E+00  0.29815E+03  0.00000E+00  0.00000E+00  0.00000E+00  0.00000E+00  0.00000E+00  0.00000E+00  0.00000E+00  0.29815E+03  0.00000E+00  0.00000E+00  0.00000E+00  0.00000E+00  0.00000E+00  0.00000E+00  0.00000E+00  0.00000E+00  0.90712E+01  0.00000E+00  0.90712E+01  0.00000E+00  0.45842E+02  0.45842E+02  0.54913E+02
 0.21508E+01  0.00000E+00  0.00000E+00  0.00000E+00  0.40035E+02  0.00000E+00  0.29815E+03  0.00000E+00  0.00000E+00  0.00000E+00  0.00000E+00  0.00000E+00  0.00000E+00  0.00000E+00  0.29815E+03  0.00000E+00  0.00000E+00  0.00000E+00  0.00000E+00  0.00000E+00  0.00000E+00  0.00000E+00  0.00000E+00  0.90712E+01  0.00000E+00  0.90712E+01  0.00000E+00  0.45842E+02  0.45842E+02  0.54913E+02
 0.21492E+01  0.00000E+00  0.00000E+00  0.00000E+00  0.40014E+02  0.00000E+00  0.29815E+03  0.00000E+00  0.00000E+00  0.00000E+00  0.00000E+00  0.00000E+00  0.00000E+00  0.00000E+00  0.29815E+03  0.00000E+00  0.00000E+00  0.00000E+00  0.00000E+00  0.00000E+00  0.00000E+00  0.00000E+00  0.00000E+00  0.90712E+01  0.00000E+00  0.90712E+01  0.00000E+00  0.45842E+02  0.45842E+02  0.54913E+02
 0.21908E+01  0.00000E+00  0.00000E+00  0.00000E+00  0.40014E+02  0.00000E+00  0.29815E+03  0.00000E+00  0.00000E+00  0.00000E+00  0.00000E+00  0.00000E+00  0.00000E+00  0.00000E+00  0.29815E+03  0.00000E+00  0.00000E+00  0.00000E+00  0.00000E+00  0.00000E+00  0.00000E+00  0.00000E+00  0.00000E+00  0.90712E+01  0.00000E+00  0.90712E+01  0.00000E+00  0.45842E+02  0.45842E+02  0.54913E+02
 0.21992E+01  0.00000E+00  0.00000E+00  0.00000E+00  0.40006E+02  0.00000E+00  0.29815E+03  0.00000E+00  0.00000E+00  0.00000E+00  0.00000E+00  0.00000E+00  0.00000E+00  0.00000E+00  0.29815E+03  0.00000E+00  0.00000E+00  0.00000E+00  0.00000E+00  0.00000E+00  0.00000E+00  0.00000E+00  0.00000E+00  0.90712E+01  0.00000E+00  0.90712E+01  0.00000E+00  0.45842E+02  0.45842E+02  0.54913E+02
 0.22408E+01  0.00000E+00  0.00000E+00  0.00000E+00  0.40006E+02  0.00000E+00  0.29815E+03  0.00000E+00  0.00000E+00  0.00000E+00  0.00000E+00  0.00000E+00  0.00000E+00  0.00000E+00  0.29815E+03  0.00000E+00  0.00000E+00  0.00000E+00  0.00000E+00  0.00000E+00  0.00000E+00  0.00000E+00  0.00000E+00  0.90712E+01  0.00000E+00  0.90712E+01  0.00000E+00  0.45842E+02  0.45842E+02  0.54913E+02
 0.22392E+01  0.00000E+00  0.00000E+00  0.00000E+00  0.40002E+02  0.00000E+00  0.29815E+03  0.00000E+00  0.00000E+00  0.00000E+00  0.00000E+00  0.00000E+00  0.00000E+00  0.00000E+00  0.29815E+03  0.00000E+00  0.00000E+00  0.00000E+00  0.00000E+00  0.00000E+00  0.00000E+00  0.00000E+00  0.00000E+00  0.90712E+01  0.00000E+00  0.90712E+01  0.00000E+00  0.45842E+02  0.45842E+02  0.54913E+02
 0.22808E+01  0.00000E+00  0.00000E+00  0.00000E+00  0.40002E+02  0.00000E+00  0.29815E+03  0.00000E+00  0.00000E+00  0.00000E+00  0.00000E+00  0.00000E+00  0.00000E+00  0.00000E+00  0.29815E+03  0.00000E+00  0.00000E+00  0.00000E+00  0.00000E+00  0.00000E+00  0.00000E+00  0.00000E+00  0.00000E+00  0.90712E+01  0.00000E+00  0.90712E+01  0.00000E+00  0.45842E+02  0.45842E+02  0.54913E+02
 0.22792E+01  0.00000E+00  0.00000E+00  0.00000E+00  0.40001E+02  0.00000E+00  0.29815E+03  0.00000E+00  0.00000E+00  0.00000E+00  0.00000E+00  0.00000E+00  0.00000E+00  0.00000E+00  0.29815E+03  0.00000E+00  0.00000E+00  0.00000E+00  0.00000E+00  0.00000E+00  0.00000E+00  0.00000E+00  0.00000E+00  0.90712E+01  0.00000E+00  0.90712E+01  0.00000E+00  0.45842E+02  0.45842E+02  0.54913E+02
 0.23208E+01  0.00000E+00  0.00000E+00  0.00000E+00  0.40001E+02  0.00000E+00  0.29815E+03  0.00000E+00  0.00000E+00  0.00000E+00  0.00000E+00  0.00000E+00  0.00000E+00  0.00000E+00  0.29815E+03  0.00000E+00  0.00000E+00  0.00000E+00  0.00000E+00  0.00000E+00  0.00000E+00  0.00000E+00  0.00000E+00  0.90712E+01  0.00000E+00  0.90712E+01  0.00000E+00  0.45842E+02  0.45842E+02  0.54913E+02
 0.23192E+01  0.00000E+00  0.00000E+00  0.00000E+00  0.40000E+02  0.00000E+00  0.29815E+03  0.00000E+00  0.00000E+00  0.00000E+00  0.00000E+00  0.00000E+00  0.00000E+00  0.00000E+00  0.29815E+03  0.00000E+00  0.00000E+00  0.00000E+00  0.00000E+00  0.00000E+00  0.00000E+00  0.00000E+00  0.00000E+00  0.90712E+01  0.00000E+00  0.90712E+01  0.00000E+00  0.45842E+02  0.45842E+02  0.54913E+02
 0.23608E+01  0.00000E+00  0.00000E+00  0.00000E+00  0.40000E+02  0.00000E+00  0.29815E+03  0.00000E+00  0.00000E+00  0.00000E+00  0.00000E+00  0.00000E+00  0.00000E+00  0.00000E+00  0.29815E+03  0.00000E+00  0.00000E+00  0.00000E+00  0.00000E+00  0.00000E+00  0.00000E+00  0.00000E+00  0.00000E+00  0.90712E+01  0.00000E+00  0.90712E+01  0.00000E+00  0.45842E+02  0.45842E+02  0.54913E+02
 0.23592E+01  0.00000E+00  0.00000E+00  0.00000E+00  0.40000E+02  0.00000E+00  0.29815E+03  0.00000E+00  0.00000E+00  0.00000E+00  0.00000E+00  0.00000E+00  0.00000E+00  0.00000E+00  0.29815E+03  0.00000E+00  0.00000E+00  0.00000E+00  0.00000E+00  0.00000E+00  0.00000E+00  0.00000E+00  0.00000E+00  0.90712E+01  0.00000E+00  0.90712E+01  0.00000E+00  0.45842E+02  0.45842E+02  0.54913E+02
 0.24008E+01  0.00000E+00  0.00000E+00  0.00000E+00  0.40000E+02  0.00000E+00  0.29815E+03  0.00000E+00  0.00000E+00  0.00000E+00  0.00000E+00  0.00000E+00  0.00000E+00  0.00000E+00  0.29815E+03  0.00000E+00  0.00000E+00  0.00000E+00  0.00000E+00  0.00000E+00  0.00000E+00  0.00000E+00  0.00000E+00  0.90712E+01  0.00000E+00  0.90712E+01  0.00000E+00  0.45842E+02  0.45842E+02  0.54913E+02
 0.23992E+01  0.00000E+00  0.00000E+00  0.00000E+00  0.40000E+02  0.00000E+00  0.29815E+03  0.00000E+00  0.00000E+00  0.00000E+00  0.00000E+00  0.00000E+00  0.00000E+00  0.00000E+00  0.29815E+03  0.00000E+00  0.00000E+00  0.00000E+00  0.00000E+00  0.00000E+00  0.00000E+00  0.00000E+00  0.00000E+00  0.90712E+01  0.00000E+00  0.90712E+01  0.00000E+00  0.45842E+02  0.45842E+02  0.54913E+02
 0.24408E+01  0.00000E+00  0.00000E+00  0.00000E+00  0.40000E+02  0.00000E+00  0.29815E+03  0.00000E+00  0.00000E+00  0.00000E+00  0.00000E+00  0.00000E+00  0.00000E+00  0.00000E+00  0.29815E+03  0.00000E+00  0.00000E+00  0.00000E+00  0.00000E+00  0.00000E+00  0.00000E+00  0.00000E+00  0.00000E+00  0.90712E+01  0.00000E+00  0.90712E+01  0.00000E+00  0.45842E+02  0.45842E+02  0.54913E+02
 0.24492E+01  0.00000E+00  0.00000E+00  0.00000E+00  0.40000E+02  0.00000E+00  0.29815E+03  0.00000E+00  0.00000E+00  0.00000E+00  0.00000E+00  0.00000E+00  0.00000E+00  0.00000E+00  0.29815E+03  0.00000E+00  0.00000E+00  0.00000E+00  0.00000E+00  0.00000E+00  0.00000E+00  0.00000E+00  0.00000E+00  0.90712E+01  0.00000E+00  0.90712E+01  0.00000E+00  0.45842E+02  0.45842E+02  0.54913E+02
 0.24908E+01  0.00000E+00  0.00000E+00  0.00000E+00  0.40000E+02  0.00000E+00  0.29815E+03  0.00000E+00  0.00000E+00  0.00000E+00  0.00000E+00  0.00000E+00  0.00000E+00  0.00000E+00  0.29815E+03  0.00000E+00  0.00000E+00  0.00000E+00  0.00000E+00  0.00000E+00  0.00000E+00  0.00000E+00  0.00000E+00  0.90712E+01  0.00000E+00  0.90712E+01  0.00000E+00  0.45842E+02  0.45842E+02  0.54913E+02
 0.24892E+01  0.00000E+00  0.00000E+00  0.00000E+00  0.40000E+02  0.00000E+00  0.29815E+03  0.00000E+00  0.00000E+00  0.00000E+00  0.00000E+00  0.00000E+00  0.00000E+00  0.00000E+00  0.29815E+03  0.00000E+00  0.00000E+00  0.00000E+00  0.00000E+00  0.00000E+00  0.00000E+00  0.00000E+00  0.00000E+00  0.90712E+01  0.00000E+00  0.90712E+01  0.00000E+00  0.45842E+02  0.45842E+02  0.54913E+02
 0.25308E+01  0.00000E+00  0.00000E+00  0.00000E+00  0.40000E+02  0.00000E+00  0.29815E+03  0.00000E+00  0.00000E+00  0.00000E+00  0.00000E+00  0.00000E+00  0.00000E+00  0.00000E+00  0.29815E+03  0.00000E+00  0.00000E+00  0.00000E+00  0.00000E+00  0.00000E+00  0.00000E+00  0.00000E+00  0.00000E+00  0.90712E+01  0.00000E+00  0.90712E+01  0.00000E+00  0.45842E+02  0.45842E+02  0.54913E+02
 0.25292E+01  0.00000E+00  0.00000E+00  0.00000E+00  0.40000E+02  0.00000E+00  0.29815E+03  0.00000E+00  0.00000E+00  0.00000E+00  0.00000E+00  0.00000E+00  0.00000E+00  0.00000E+00  0.29815E+03  0.00000E+00  0.00000E+00  0.00000E+00  0.00000E+00  0.00000E+00  0.00000E+00  0.00000E+00  0.00000E+00  0.90712E+01  0.00000E+00  0.90712E+01  0.00000E+00  0.45842E+02  0.45842E+02  0.54913E+02
 0.25708E+01  0.00000E+00  0.00000E+00  0.00000E+00  0.40000E+02  0.00000E+00  0.29815E+03  0.00000E+00  0.00000E+00  0.00000E+00  0.00000E+00  0.00000E+00  0.00000E+00  0.00000E+00  0.29815E+03  0.00000E+00  0.00000E+00  0.00000E+00  0.00000E+00  0.00000E+00  0.00000E+00  0.00000E+00  0.00000E+00  0.90712E+01  0.00000E+00  0.90712E+01  0.00000E+00  0.45842E+02  0.45842E+02  0.54913E+02
 0.25692E+01  0.00000E+00  0.00000E+00  0.00000E+00  0.40000E+02  0.00000E+00  0.29815E+03  0.00000E+00  0.00000E+00  0.00000E+00  0.00000E+00  0.00000E+00  0.00000E+00  0.00000E+00  0.29815E+03  0.00000E+00  0.00000E+00  0.00000E+00  0.00000E+00  0.00000E+00  0.00000E+00  0.00000E+00  0.00000E+00  0.90712E+01  0.00000E+00  0.90712E+01  0.00000E+00  0.45842E+02  0.45842E+02  0.54913E+02
 0.26108E+01  0.00000E+00  0.00000E+00  0.00000E+00  0.40000E+02  0.00000E+00  0.29815E+03  0.00000E+00  0.00000E+00  0.00000E+00  0.00000E+00  0.00000E+00  0.00000E+00  0.00000E+00  0.29815E+03  0.00000E+00  0.00000E+00  0.00000E+00  0.00000E+00  0.00000E+00  0.00000E+00  0.00000E+00  0.00000E+00  0.90712E+01  0.00000E+00  0.90712E+01  0.00000E+00  0.45842E+02  0.45842E+02  0.54913E+02
 0.26092E+01  0.00000E+00  0.00000E+00  0.00000E+00  0.40000E+02  0.00000E+00  0.29815E+03  0.00000E+00  0.00000E+00  0.00000E+00  0.00000E+00  0.00000E+00  0.00000E+00  0.00000E+00  0.29815E+03  0.00000E+00  0.00000E+00  0.00000E+00  0.00000E+00  0.00000E+00  0.00000E+00  0.00000E+00  0.00000E+00  0.90712E+01  0.00000E+00  0.90712E+01  0.00000E+00  0.45842E+02  0.45842E+02  0.54913E+02
 0.26508E+01  0.00000E+00  0.00000E+00  0.00000E+00  0.40000E+02  0.00000E+00  0.29815E+03  0.00000E+00  0.00000E+00  0.00000E+00  0.00000E+00  0.00000E+00  0.00000E+00  0.00000E+00  0.29815E+03  0.00000E+00  0.00000E+00  0.00000E+00  0.00000E+00  0.00000E+00  0.00000E+00  0.00000E+00  0.00000E+00  0.90712E+01  0.00000E+00  0.90712E+01  0.00000E+00  0.45842E+02  0.45842E+02  0.54913E+02
 0.26492E+01  0.00000E+00  0.00000E+00  0.00000E+00  0.40000E+02  0.00000E+00  0.29815E+03  0.00000E+00  0.00000E+00  0.00000E+00  0.00000E+00  0.00000E+00  0.00000E+00  0.00000E+00  0.29815E+03  0.00000E+00  0.00000E+00  0.00000E+00  0.00000E+00  0.00000E+00  0.00000E+00  0.00000E+00  0.00000E+00  0.90712E+01  0.00000E+00  0.90712E+01  0.00000E+00  0.45842E+02  0.45842E+02  0.54913E+02
 0.26908E+01  0.00000E+00  0.00000E+00  0.00000E+00  0.40000E+02  0.00000E+00  0.29815E+03  0.00000E+00  0.00000E+00  0.00000E+00  0.00000E+00  0.00000E+00  0.00000E+00  0.00000E+00  0.29815E+03  0.00000E+00  0.00000E+00  0.00000E+00  0.00000E+00  0.00000E+00  0.00000E+00  0.00000E+00  0.00000E+00  0.90712E+01  0.00000E+00  0.90712E+01  0.00000E+00  0.45842E+02  0.45842E+02  0.54913E+02
 0.26992E+01  0.00000E+00  0.00000E+00  0.00000E+00  0.40000E+02  0.00000E+00  0.29815E+03  0.00000E+00  0.00000E+00  0.00000E+00  0.00000E+00  0.00000E+00  0.00000E+00  0.00000E+00  0.29815E+03  0.00000E+00  0.00000E+00  0.00000E+00  0.00000E+00  0.00000E+00  0.00000E+00  0.00000E+00  0.00000E+00  0.90712E+01  0.00000E+00  0.90712E+01  0.00000E+00  0.45842E+02  0.45842E+02  0.54913E+02
 0.27408E+01  0.00000E+00  0.00000E+00  0.00000E+00  0.40000E+02  0.00000E+00  0.29815E+03  0.00000E+00  0.00000E+00  0.00000E+00  0.00000E+00  0.00000E+00  0.00000E+00  0.00000E+00  0.29815E+03  0.00000E+00  0.00000E+00  0.00000E+00  0.00000E+00  0.00000E+00  0.00000E+00  0.00000E+00  0.00000E+00  0.90712E+01  0.00000E+00  0.90712E+01  0.00000E+00  0.45842E+02  0.45842E+02  0.54913E+02
 0.27392E+01  0.00000E+00  0.00000E+00  0.00000E+00  0.40000E+02  0.00000E+00  0.29815E+03  0.00000E+00  0.00000E+00  0.00000E+00  0.00000E+00  0.00000E+00  0.00000E+00  0.00000E+00  0.29815E+03  0.00000E+00  0.00000E+00  0.00000E+00  0.00000E+00  0.00000E+00  0.00000E+00  0.00000E+00  0.00000E+00  0.90712E+01  0.00000E+00  0.90712E+01  0.00000E+00  0.45842E+02  0.45842E+02  0.54913E+02
 0.27808E+01  0.00000E+00  0.00000E+00  0.00000E+00  0.40000E+02  0.00000E+00  0.29815E+03  0.00000E+00  0.00000E+00  0.00000E+00  0.00000E+00  0.00000E+00  0.00000E+00  0.00000E+00  0.29815E+03  0.00000E+00  0.00000E+00  0.00000E+00  0.00000E+00  0.00000E+00  0.00000E+00  0.00000E+00  0.00000E+00  0.90712E+01  0.00000E+00  0.90712E+01  0.00000E+00  0.45842E+02  0.45842E+02  0.54913E+02
 0.27792E+01  0.00000E+00  0.00000E+00  0.00000E+00  0.40000E+02  0.00000E+00  0.29815E+03  0.00000E+00  0.00000E+00  0.00000E+00  0.00000E+00  0.00000E+00  0.00000E+00  0.00000E+00  0.29815E+03  0.00000E+00  0.00000E+00  0.00000E+00  0.00000E+00  0.00000E+00  0.00000E+00  0.00000E+00  0.00000E+00  0.90712E+01  0.00000E+00  0.90712E+01  0.00000E+00  0.45842E+02  0.45842E+02  0.54913E+02
 0.28208E+01  0.00000E+00  0.00000E+00  0.00000E+00  0.40000E+02  0.00000E+00  0.29815E+03  0.00000E+00  0.00000E+00  0.00000E+00  0.00000E+00  0.00000E+00  0.00000E+00  0.00000E+00  0.29815E+03  0.00000E+00  0.00000E+00  0.00000E+00  0.00000E+00  0.00000E+00  0.00000E+00  0.00000E+00  0.00000E+00  0.90712E+01  0.00000E+00  0.90712E+01  0.00000E+00  0.45842E+02  0.45842E+02  0.54913E+02
 0.28192E+01  0.00000E+00  0.00000E+00  0.00000E+00  0.40000E+02  0.00000E+00  0.29815E+03  0.00000E+00  0.00000E+00  0.00000E+00  0.00000E+00  0.00000E+00  0.00000E+00  0.00000E+00  0.29815E+03  0.00000E+00  0.00000E+00  0.00000E+00  0.00000E+00  0.00000E+00  0.00000E+00  0.00000E+00  0.00000E+00  0.90712E+01  0.00000E+00  0.90712E+01  0.00000E+00  0.45842E+02  0.45842E+02  0.54913E+02
 0.28608E+01  0.00000E+00  0.00000E+00  0.00000E+00  0.40000E+02  0.00000E+00  0.29815E+03  0.00000E+00  0.00000E+00  0.00000E+00  0.00000E+00  0.00000E+00  0.00000E+00  0.00000E+00  0.29815E+03  0.00000E+00  0.00000E+00  0.00000E+00  0.00000E+00  0.00000E+00  0.00000E+00  0.00000E+00  0.00000E+00  0.90712E+01  0.00000E+00  0.90712E+01  0.00000E+00  0.45842E+02  0.45842E+02  0.54913E+02
 0.28592E+01  0.00000E+00  0.00000E+00  0.00000E+00  0.40000E+02  0.00000E+00  0.29815E+03  0.00000E+00  0.00000E+00  0.00000E+00  0.00000E+00  0.00000E+00  0.00000E+00  0.00000E+00  0.29815E+03  0.00000E+00  0.00000E+00  0.00000E+00  0.00000E+00  0.00000E+00  0.00000E+00  0.00000E+00  0.00000E+00  0.90712E+01  0.00000E+00  0.90712E+01  0.00000E+00  0.45842E+02  0.45842E+02  0.54913E+02
 0.29008E+01  0.00000E+00  0.00000E+00  0.00000E+00  0.40000E+02  0.00000E+00  0.29815E+03  0.00000E+00  0.00000E+00  0.00000E+00  0.00000E+00  0.00000E+00  0.00000E+00  0.00000E+00  0.29815E+03  0.00000E+00  0.00000E+00  0.00000E+00  0.00000E+00  0.00000E+00  0.00000E+00  0.00000E+00  0.00000E+00  0.90712E+01  0.00000E+00  0.90712E+01  0.00000E+00  0.45842E+02  0.45842E+02  0.54913E+02
 0.28992E+01  0.00000E+00  0.00000E+00  0.00000E+00  0.40000E+02  0.00000E+00  0.29815E+03  0.00000E+00  0.00000E+00  0.00000E+00  0.00000E+00  0.00000E+00  0.00000E+00  0.00000E+00  0.29815E+03  0.00000E+00  0.00000E+00  0.00000E+00  0.00000E+00  0.00000E+00  0.00000E+00  0.00000E+00  0.00000E+00  0.90712E+01  0.00000E+00  0.90712E+01  0.00000E+00  0.45842E+02  0.45842E+02  0.54913E+02
 0.29408E+01  0.00000E+00  0.00000E+00  0.00000E+00  0.40000E+02  0.00000E+00  0.29815E+03  0.00000E+00  0.00000E+00  0.00000E+00  0.00000E+00  0.00000E+00  0.00000E+00  0.00000E+00  0.29815E+03  0.00000E+00  0.00000E+00  0.00000E+00  0.00000E+00  0.00000E+00  0.00000E+00  0.00000E+00  0.00000E+00  0.90712E+01  0.00000E+00  0.90712E+01  0.00000E+00  0.45842E+02  0.45842E+02  0.54913E+02
 0.29392E+01  0.00000E+00  0.00000E+00  0.00000E+00  0.40000E+02  0.00000E+00  0.29815E+03  0.00000E+00  0.00000E+00  0.00000E+00  0.00000E+00  0.00000E+00  0.00000E+00  0.00000E+00  0.29815E+03  0.00000E+00  0.00000E+00  0.00000E+00  0.00000E+00  0.00000E+00  0.00000E+00  0.00000E+00  0.00000E+00  0.90712E+01  0.00000E+00  0.90712E+01  0.00000E+00  0.45842E+02  0.45842E+02  0.54913E+02
 0.29808E+01  0.00000E+00  0.00000E+00  0.00000E+00  0.40000E+02  0.00000E+00  0.29815E+03  0.00000E+00  0.00000E+00  0.00000E+00  0.00000E+00  0.00000E+00  0.00000E+00  0.00000E+00  0.29815E+03  0.00000E+00  0.00000E+00  0.00000E+00  0.00000E+00  0.00000E+00  0.00000E+00  0.00000E+00  0.00000E+00  0.90712E+01  0.00000E+00  0.90712E+01  0.00000E+00  0.45842E+02  0.45842E+02  0.54913E+02
 0.29892E+01  0.00000E+00  0.00000E+00  0.00000E+00  0.40000E+02  0.00000E+00  0.29815E+03  0.00000E+00  0.00000E+00  0.00000E+00  0.00000E+00  0.00000E+00  0.00000E+00  0.00000E+00  0.29815E+03  0.00000E+00  0.00000E+00  0.00000E+00  0.00000E+00  0.00000E+00  0.00000E+00  0.00000E+00  0.00000E+00  0.90712E+01  0.00000E+00  0.90712E+01  0.00000E+00  0.45842E+02  0.45842E+02  0.54913E+02
 0.30308E+01  0.00000E+00  0.00000E+00  0.00000E+00  0.40000E+02  0.00000E+00  0.29815E+03  0.00000E+00  0.00000E+00  0.00000E+00  0.00000E+00  0.00000E+00  0.00000E+00  0.00000E+00  0.29815E+03  0.00000E+00  0.00000E+00  0.00000E+00  0.00000E+00  0.00000E+00  0.00000E+00  0.00000E+00  0.00000E+00  0.90712E+01  0.00000E+00  0.90712E+01  0.00000E+00  0.45842E+02  0.45842E+02  0.54913E+02
 0.30292E+01  0.00000E+00  0.00000E+00  0.00000E+00  0.40000E+02  0.00000E+00  0.29815E+03  0.00000E+00  0.00000E+00  0.00000E+00  0.00000E+00  0.00000E+00  0.00000E+00  0.00000E+00  0.29815E+03  0.00000E+00  0.00000E+00  0.00000E+00  0.00000E+00  0.00000E+00  0.00000E+00  0.00000E+00  0.00000E+00  0.90712E+01  0.00000E+00  0.90712E+01  0.00000E+00  0.45842E+02  0.45842E+02  0.54913E+02
 0.30708E+01  0.00000E+00  0.00000E+00  0.00000E+00  0.40000E+02  0.00000E+00  0.29815E+03  0.00000E+00  0.00000E+00  0.00000E+00  0.00000E+00  0.00000E+00  0.00000E+00  0.00000E+00  0.29815E+03  0.00000E+00  0.00000E+00  0.00000E+00  0.00000E+00  0.00000E+00  0.00000E+00  0.00000E+00  0.00000E+00  0.90712E+01  0.00000E+00  0.90712E+01  0.00000E+00  0.45842E+02  0.45842E+02  0.54913E+02
 0.30692E+01  0.00000E+00  0.00000E+00  0.00000E+00  0.40000E+02  0.00000E+00  0.29815E+03  0.00000E+00  0.00000E+00  0.00000E+00  0.00000E+00  0.00000E+00  0.00000E+00  0.00000E+00  0.29815E+03  0.00000E+00  0.00000E+00  0.00000E+00  0.00000E+00  0.00000E+00  0.00000E+00  0.00000E+00  0.00000E+00  0.90712E+01  0.00000E+00  0.90712E+01  0.00000E+00  0.45842E+02  0.45842E+02  0.54913E+02
 0.31108E+01  0.00000E+00  0.00000E+00  0.00000E+00  0.40000E+02  0.00000E+00  0.29815E+03  0.00000E+00  0.00000E+00  0.00000E+00  0.00000E+00  0.00000E+00  0.00000E+00  0.00000E+00  0.29815E+03  0.00000E+00  0.00000E+00  0.00000E+00  0.00000E+00  0.00000E+00  0.00000E+00  0.00000E+00  0.00000E+00  0.90712E+01  0.00000E+00  0.90712E+01  0.00000E+00  0.45842E+02  0.45842E+02  0.54913E+02
 0.31092E+01  0.00000E+00  0.00000E+00  0.00000E+00  0.40000E+02  0.00000E+00  0.29815E+03  0.00000E+00  0.00000E+00  0.00000E+00  0.00000E+00  0.00000E+00  0.00000E+00  0.00000E+00  0.29815E+03  0.00000E+00  0.00000E+00  0.00000E+00  0.00000E+00  0.00000E+00  0.00000E+00  0.00000E+00  0.00000E+00  0.90712E+01  0.00000E+00  0.90712E+01  0.00000E+00  0.45842E+02  0.45842E+02  0.54913E+02
 0.31508E+01  0.00000E+00  0.00000E+00  0.00000E+00  0.40000E+02  0.00000E+00  0.29815E+03  0.00000E+00  0.00000E+00  0.00000E+00  0.00000E+00  0.00000E+00  0.00000E+00  0.00000E+00  0.29815E+03  0.00000E+00  0.00000E+00  0.00000E+00  0.00000E+00  0.00000E+00  0.00000E+00  0.00000E+00  0.00000E+00  0.90712E+01  0.00000E+00  0.90712E+01  0.00000E+00  0.45842E+02  0.45842E+02  0.54913E+02
 0.31492E+01  0.00000E+00  0.00000E+00  0.00000E+00  0.40000E+02  0.00000E+00  0.29815E+03  0.00000E+00  0.00000E+00  0.00000E+00  0.00000E+00  0.00000E+00  0.00000E+00  0.00000E+00  0.29815E+03  0.00000E+00  0.00000E+00  0.00000E+00  0.00000E+00  0.00000E+00  0.00000E+00  0.00000E+00  0.00000E+00  0.90712E+01  0.00000E+00  0.90712E+01  0.00000E+00  0.45842E+02  0.45842E+02  0.54913E+02
 0.31908E+01  0.00000E+00  0.00000E+00  0.00000E+00  0.40000E+02  0.00000E+00  0.29815E+03  0.00000E+00  0.00000E+00  0.00000E+00  0.00000E+00  0.00000E+00  0.00000E+00  0.00000E+00  0.29815E+03  0.00000E+00  0.00000E+00  0.00000E+00  0.00000E+00  0.00000E+00  0.00000E+00  0.00000E+00  0.00000E+00  0.90712E+01  0.00000E+00  0.90712E+01  0.00000E+00  0.45842E+02  0.45842E+02  0.54913E+02
 0.31892E+01  0.00000E+00  0.00000E+00  0.00000E+00  0.40000E+02  0.00000E+00  0.29815E+03  0.00000E+00  0.00000E+00  0.00000E+00  0.00000E+00  0.00000E+00  0.00000E+00  0.00000E+00  0.29815E+03  0.00000E+00  0.00000E+00  0.00000E+00  0.00000E+00  0.00000E+00  0.00000E+00  0.00000E+00  0.00000E+00  0.90712E+01  0.00000E+00  0.90712E+01  0.00000E+00  0.45842E+02  0.45842E+02  0.54913E+02
 0.32308E+01  0.00000E+00  0.00000E+00  0.00000E+00  0.40000E+02  0.00000E+00  0.29815E+03  0.00000E+00  0.00000E+00  0.00000E+00  0.00000E+00  0.00000E+00  0.00000E+00  0.00000E+00  0.29815E+03  0.00000E+00  0.00000E+00  0.00000E+00  0.00000E+00  0.00000E+00  0.00000E+00  0.00000E+00  0.00000E+00  0.90712E+01  0.00000E+00  0.90712E+01  0.00000E+00  0.45842E+02  0.45842E+02  0.54913E+02
 0.32392E+01  0.00000E+00  0.00000E+00  0.00000E+00  0.40000E+02  0.00000E+00  0.29815E+03  0.00000E+00  0.00000E+00  0.00000E+00  0.00000E+00  0.00000E+00  0.00000E+00  0.00000E+00  0.29815E+03  0.00000E+00  0.00000E+00  0.00000E+00  0.00000E+00  0.00000E+00  0.00000E+00  0.00000E+00  0.00000E+00  0.90712E+01  0.00000E+00  0.90712E+01  0.00000E+00  0.45842E+02  0.45842E+02  0.54913E+02
 0.32808E+01  0.00000E+00  0.00000E+00  0.00000E+00  0.40000E+02  0.00000E+00  0.29815E+03  0.00000E+00  0.00000E+00  0.00000E+00  0.00000E+00  0.00000E+00  0.00000E+00  0.00000E+00  0.29815E+03  0.00000E+00  0.00000E+00  0.00000E+00  0.00000E+00  0.00000E+00  0.00000E+00  0.00000E+00  0.00000E+00  0.90712E+01  0.00000E+00  0.90712E+01  0.00000E+00  0.45842E+02  0.45842E+02  0.54913E+02
 0.32792E+01  0.00000E+00  0.00000E+00  0.00000E+00  0.40000E+02  0.00000E+00  0.29815E+03  0.00000E+00  0.00000E+00  0.00000E+00  0.00000E+00  0.00000E+00  0.00000E+00  0.00000E+00  0.29815E+03  0.00000E+00  0.00000E+00  0.00000E+00  0.00000E+00  0.00000E+00  0.00000E+00  0.00000E+00  0.00000E+00  0.90712E+01  0.00000E+00  0.90712E+01  0.00000E+00  0.45842E+02  0.45842E+02  0.54913E+02
 0.33208E+01  0.00000E+00  0.00000E+00  0.00000E+00  0.40000E+02  0.00000E+00  0.29815E+03  0.00000E+00  0.00000E+00  0.00000E+00  0.00000E+00  0.00000E+00  0.00000E+00  0.00000E+00  0.29815E+03  0.00000E+00  0.00000E+00  0.00000E+00  0.00000E+00  0.00000E+00  0.00000E+00  0.00000E+00  0.00000E+00  0.90712E+01  0.00000E+00  0.90712E+01  0.00000E+00  0.45842E+02  0.45842E+02  0.54913E+02
 0.33192E+01  0.00000E+00  0.00000E+00  0.00000E+00  0.40000E+02  0.00000E+00  0.29815E+03  0.00000E+00  0.00000E+00  0.00000E+00  0.00000E+00  0.00000E+00  0.00000E+00  0.00000E+00  0.29815E+03  0.00000E+00  0.00000E+00  0.00000E+00  0.00000E+00  0.00000E+00  0.00000E+00  0.00000E+00  0.00000E+00  0.90712E+01  0.00000E+00  0.90712E+01  0.00000E+00  0.45842E+02  0.45842E+02  0.54913E+02
 0.33608E+01  0.00000E+00  0.00000E+00  0.00000E+00  0.40000E+02  0.00000E+00  0.29815E+03  0.00000E+00  0.00000E+00  0.00000E+00  0.00000E+00  0.00000E+00  0.00000E+00  0.00000E+00  0.29815E+03  0.00000E+00  0.00000E+00  0.00000E+00  0.00000E+00  0.00000E+00  0.00000E+00  0.00000E+00  0.00000E+00  0.90712E+01  0.00000E+00  0.90712E+01  0.00000E+00  0.45842E+02  0.45842E+02  0.54913E+02
 0.33592E+01  0.00000E+00  0.00000E+00  0.00000E+00  0.40000E+02  0.00000E+00  0.29815E+03  0.00000E+00  0.00000E+00  0.00000E+00  0.00000E+00  0.00000E+00  0.00000E+00  0.00000E+00  0.29815E+03  0.00000E+00  0.00000E+00  0.00000E+00  0.00000E+00  0.00000E+00  0.00000E+00  0.00000E+00  0.00000E+00  0.90712E+01  0.00000E+00  0.90712E+01  0.00000E+00  0.45842E+02  0.45842E+02  0.54913E+02
 0.34008E+01  0.00000E+00  0.00000E+00  0.00000E+00  0.40000E+02  0.00000E+00  0.29815E+03  0.00000E+00  0.00000E+00  0.00000E+00  0.00000E+00  0.00000E+00  0.00000E+00  0.00000E+00  0.29815E+03  0.00000E+00  0.00000E+00  0.00000E+00  0.00000E+00  0.00000E+00  0.00000E+00  0.00000E+00  0.00000E+00  0.90712E+01  0.00000E+00  0.90712E+01  0.00000E+00  0.45842E+02  0.45842E+02  0.54913E+02
 0.33992E+01  0.00000E+00  0.00000E+00  0.00000E+00  0.40000E+02  0.00000E+00  0.29815E+03  0.00000E+00  0.00000E+00  0.00000E+00  0.00000E+00  0.00000E+00  0.00000E+00  0.00000E+00  0.29815E+03  0.00000E+00  0.00000E+00  0.00000E+00  0.00000E+00  0.00000E+00  0.00000E+00  0.00000E+00  0.00000E+00  0.90712E+01  0.00000E+00  0.90712E+01  0.00000E+00  0.45842E+02  0.45842E+02  0.54913E+02
 0.34408E+01  0.00000E+00  0.00000E+00  0.00000E+00  0.40000E+02  0.00000E+00  0.29815E+03  0.00000E+00  0.00000E+00  0.00000E+00  0.00000E+00  0.00000E+00  0.00000E+00  0.00000E+00  0.29815E+03  0.00000E+00  0.00000E+00  0.00000E+00  0.00000E+00  0.00000E+00  0.00000E+00  0.00000E+00  0.00000E+00  0.90712E+01  0.00000E+00  0.90712E+01  0.00000E+00  0.45842E+02  0.45842E+02  0.54913E+02
 0.34392E+01  0.00000E+00  0.00000E+00  0.00000E+00  0.40000E+02  0.00000E+00  0.29815E+03  0.00000E+00  0.00000E+00  0.00000E+00  0.00000E+00  0.00000E+00  0.00000E+00  0.00000E+00  0.29815E+03  0.00000E+00  0.00000E+00  0.00000E+00  0.00000E+00  0.00000E+00  0.00000E+00  0.00000E+00  0.00000E+00  0.90712E+01  0.00000E+00  0.90712E+01  0.00000E+00  0.45842E+02  0.45842E+02  0.54913E+02
 0.34808E+01  0.00000E+00  0.00000E+00  0.00000E+00  0.40000E+02  0.00000E+00  0.29815E+03  0.00000E+00  0.00000E+00  0.00000E+00  0.00000E+00  0.00000E+00  0.00000E+00  0.00000E+00  0.29815E+03  0.00000E+00  0.00000E+00  0.00000E+00  0.00000E+00  0.00000E+00  0.00000E+00  0.00000E+00  0.00000E+00  0.90712E+01  0.00000E+00  0.90712E+01  0.00000E+00  0.45842E+02  0.45842E+02  0.54913E+02
 0.34892E+01  0.00000E+00  0.00000E+00  0.00000E+00  0.40000E+02  0.00000E+00  0.29815E+03  0.00000E+00  0.00000E+00  0.00000E+00  0.00000E+00  0.00000E+00  0.00000E+00  0.00000E+00  0.29815E+03  0.00000E+00  0.00000E+00  0.00000E+00  0.00000E+00  0.00000E+00  0.00000E+00  0.00000E+00  0.00000E+00  0.90712E+01  0.00000E+00  0.90712E+01  0.00000E+00  0.45842E+02  0.45842E+02  0.54913E+02
 0.35308E+01  0.00000E+00  0.00000E+00  0.00000E+00  0.40000E+02  0.00000E+00  0.29815E+03  0.00000E+00  0.00000E+00  0.00000E+00  0.00000E+00  0.00000E+00  0.00000E+00  0.00000E+00  0.29815E+03  0.00000E+00  0.00000E+00  0.00000E+00  0.00000E+00  0.00000E+00  0.00000E+00  0.00000E+00  0.00000E+00  0.90712E+01  0.00000E+00  0.90712E+01  0.00000E+00  0.45842E+02  0.45842E+02  0.54913E+02
 0.35292E+01  0.00000E+00  0.00000E+00  0.00000E+00  0.40000E+02  0.00000E+00  0.29815E+03  0.00000E+00  0.00000E+00  0.00000E+00  0.00000E+00  0.00000E+00  0.00000E+00  0.00000E+00  0.29815E+03  0.00000E+00  0.00000E+00  0.00000E+00  0.00000E+00  0.00000E+00  0.00000E+00  0.00000E+00  0.00000E+00  0.90712E+01  0.00000E+00  0.90712E+01  0.00000E+00  0.45842E+02  0.45842E+02  0.54913E+02
 0.35708E+01  0.00000E+00  0.00000E+00  0.00000E+00  0.40000E+02  0.00000E+00  0.29815E+03  0.00000E+00  0.00000E+00  0.00000E+00  0.00000E+00  0.00000E+00  0.00000E+00  0.00000E+00  0.29815E+03  0.00000E+00  0.00000E+00  0.00000E+00  0.00000E+00  0.00000E+00  0.00000E+00  0.00000E+00  0.00000E+00  0.90712E+01  0.00000E+00  0.90712E+01  0.00000E+00  0.45842E+02  0.45842E+02  0.54913E+02
 0.35692E+01  0.00000E+00  0.00000E+00  0.00000E+00  0.40000E+02  0.00000E+00  0.29815E+03  0.00000E+00  0.00000E+00  0.00000E+00  0.00000E+00  0.00000E+00  0.00000E+00  0.00000E+00  0.29815E+03  0.00000E+00  0.00000E+00  0.00000E+00  0.00000E+00  0.00000E+00  0.00000E+00  0.00000E+00  0.00000E+00  0.90712E+01  0.00000E+00  0.90712E+01  0.00000E+00  0.45842E+02  0.45842E+02  0.54913E+02
 0.36108E+01  0.00000E+00  0.00000E+00  0.00000E+00  0.40000E+02  0.00000E+00  0.29815E+03  0.00000E+00  0.00000E+00  0.00000E+00  0.00000E+00  0.00000E+00  0.00000E+00  0.00000E+00  0.29815E+03  0.00000E+00  0.00000E+00  0.00000E+00  0.00000E+00  0.00000E+00  0.00000E+00  0.00000E+00  0.00000E+00  0.90712E+01  0.00000E+00  0.90712E+01  0.00000E+00  0.45842E+02  0.45842E+02  0.54913E+02
 0.36092E+01  0.00000E+00  0.00000E+00  0.00000E+00  0.40000E+02  0.00000E+00  0.29815E+03  0.00000E+00  0.00000E+00  0.00000E+00  0.00000E+00  0.00000E+00  0.00000E+00  0.00000E+00  0.29815E+03  0.00000E+00  0.00000E+00  0.00000E+00  0.00000E+00  0.00000E+00  0.00000E+00  0.00000E+00  0.00000E+00  0.90712E+01  0.00000E+00  0.90712E+01  0.00000E+00  0.45842E+02  0.45842E+02  0.54913E+02
 0.36508E+01  0.00000E+00  0.00000E+00  0.00000E+00  0.40000E+02  0.00000E+00  0.29815E+03  0.00000E+00  0.00000E+00  0.00000E+00  0.00000E+00  0.00000E+00  0.00000E+00  0.00000E+00  0.29815E+03  0.00000E+00  0.00000E+00  0.00000E+00  0.00000E+00  0.00000E+00  0.00000E+00  0.00000E+00  0.00000E+00  0.90712E+01  0.00000E+00  0.90712E+01  0.00000E+00  0.45842E+02  0.45842E+02  0.54913E+02
 0.36492E+01  0.00000E+00  0.00000E+00  0.00000E+00  0.40000E+02  0.00000E+00  0.29815E+03  0.00000E+00  0.00000E+00  0.00000E+00  0.00000E+00  0.00000E+00  0.00000E+00  0.00000E+00  0.29815E+03  0.00000E+00  0.00000E+00  0.00000E+00  0.00000E+00  0.00000E+00  0.00000E+00  0.00000E+00  0.00000E+00  0.90712E+01  0.00000E+00  0.90712E+01  0.00000E+00  0.45842E+02  0.45842E+02  0.54913E+02
 0.36908E+01  0.00000E+00  0.00000E+00  0.00000E+00  0.40000E+02  0.00000E+00  0.29815E+03  0.00000E+00  0.00000E+00  0.00000E+00  0.00000E+00  0.00000E+00  0.00000E+00  0.00000E+00  0.29815E+03  0.00000E+00  0.00000E+00  0.00000E+00  0.00000E+00  0.00000E+00  0.00000E+00  0.00000E+00  0.00000E+00  0.90712E+01  0.00000E+00  0.90712E+01  0.00000E+00  0.45842E+02  0.45842E+02  0.54913E+02
 0.36892E+01  0.00000E+00  0.00000E+00  0.00000E+00  0.40000E+02  0.00000E+00  0.29815E+03  0.00000E+00  0.00000E+00  0.00000E+00  0.00000E+00  0.00000E+00  0.00000E+00  0.00000E+00  0.29815E+03  0.00000E+00  0.00000E+00  0.00000E+00  0.00000E+00  0.00000E+00  0.00000E+00  0.00000E+00  0.00000E+00  0.90712E+01  0.00000E+00  0.90712E+01  0.00000E+00  0.45842E+02  0.45842E+02  0.54913E+02
 0.37308E+01  0.00000E+00  0.00000E+00  0.00000E+00  0.40000E+02  0.00000E+00  0.29815E+03  0.00000E+00  0.00000E+00  0.00000E+00  0.00000E+00  0.00000E+00  0.00000E+00  0.00000E+00  0.29815E+03  0.00000E+00  0.00000E+00  0.00000E+00  0.00000E+00  0.00000E+00  0.00000E+00  0.00000E+00  0.00000E+00  0.90712E+01  0.00000E+00  0.90712E+01  0.00000E+00  0.45842E+02  0.45842E+02  0.54913E+02
 0.37392E+01  0.00000E+00  0.00000E+00  0.00000E+00  0.40000E+02  0.00000E+00  0.29815E+03  0.00000E+00  0.00000E+00  0.00000E+00  0.00000E+00  0.00000E+00  0.00000E+00  0.00000E+00  0.29815E+03  0.00000E+00  0.00000E+00  0.00000E+00  0.00000E+00  0.00000E+00  0.00000E+00  0.00000E+00  0.00000E+00  0.90712E+01  0.00000E+00  0.90712E+01  0.00000E+00  0.45842E+02  0.45842E+02  0.54913E+02
 0.37808E+01  0.00000E+00  0.00000E+00  0.00000E+00  0.40000E+02  0.00000E+00  0.29815E+03  0.00000E+00  0.00000E+00  0.00000E+00  0.00000E+00  0.00000E+00  0.00000E+00  0.00000E+00  0.29815E+03  0.00000E+00  0.00000E+00  0.00000E+00  0.00000E+00  0.00000E+00  0.00000E+00  0.00000E+00  0.00000E+00  0.90712E+01  0.00000E+00  0.90712E+01  0.00000E+00  0.45842E+02  0.45842E+02  0.54913E+02
 0.37792E+01  0.00000E+00  0.00000E+00  0.00000E+00  0.40000E+02  0.00000E+00  0.29815E+03  0.00000E+00  0.00000E+00  0.00000E+00  0.00000E+00  0.00000E+00  0.00000E+00  0.00000E+00  0.29815E+03  0.00000E+00  0.00000E+00  0.00000E+00  0.00000E+00  0.00000E+00  0.00000E+00  0.00000E+00  0.00000E+00  0.90712E+01  0.00000E+00  0.90712E+01  0.00000E+00  0.45842E+02  0.45842E+02  0.54913E+02
 0.38208E+01  0.00000E+00  0.00000E+00  0.00000E+00  0.40000E+02  0.00000E+00  0.29815E+03  0.00000E+00  0.00000E+00  0.00000E+00  0.00000E+00  0.00000E+00  0.00000E+00  0.00000E+00  0.29815E+03  0.00000E+00  0.00000E+00  0.00000E+00  0.00000E+00  0.00000E+00  0.00000E+00  0.00000E+00  0.00000E+00  0.90712E+01  0.00000E+00  0.90712E+01  0.00000E+00  0.45842E+02  0.45842E+02  0.54913E+02
 0.38192E+01  0.00000E+00  0.00000E+00  0.00000E+00  0.40000E+02  0.00000E+00  0.29815E+03  0.00000E+00  0.00000E+00  0.00000E+00  0.00000E+00  0.00000E+00  0.00000E+00  0.00000E+00  0.29815E+03  0.00000E+00  0.00000E+00  0.00000E+00  0.00000E+00  0.00000E+00  0.00000E+00  0.00000E+00  0.00000E+00  0.90712E+01  0.00000E+00  0.90712E+01  0.00000E+00  0.45842E+02  0.45842E+02  0.54913E+02
 0.38608E+01  0.00000E+00  0.00000E+00  0.00000E+00  0.40000E+02  0.00000E+00  0.29815E+03  0.00000E+00  0.00000E+00  0.00000E+00  0.00000E+00  0.00000E+00  0.00000E+00  0.00000E+00  0.29815E+03  0.00000E+00  0.00000E+00  0.00000E+00  0.00000E+00  0.00000E+00  0.00000E+00  0.00000E+00  0.00000E+00  0.90712E+01  0.00000E+00  0.90712E+01  0.00000E+00  0.45842E+02  0.45842E+02  0.54913E+02
 0.38592E+01  0.00000E+00  0.00000E+00  0.00000E+00  0.40000E+02  0.00000E+00  0.29815E+03  0.00000E+00  0.00000E+00  0.00000E+00  0.00000E+00  0.00000E+00  0.00000E+00  0.00000E+00  0.29815E+03  0.00000E+00  0.00000E+00  0.00000E+00  0.00000E+00  0.00000E+00  0.00000E+00  0.00000E+00  0.00000E+00  0.90712E+01  0.00000E+00  0.90712E+01  0.00000E+00  0.45842E+02  0.45842E+02  0.54913E+02
 0.39008E+01  0.00000E+00  0.00000E+00  0.00000E+00  0.40000E+02  0.00000E+00  0.29815E+03  0.00000E+00  0.00000E+00  0.00000E+00  0.00000E+00  0.00000E+00  0.00000E+00  0.00000E+00  0.29815E+03  0.00000E+00  0.00000E+00  0.00000E+00  0.00000E+00  0.00000E+00  0.00000E+00  0.00000E+00  0.00000E+00  0.90712E+01  0.00000E+00  0.90712E+01  0.00000E+00  0.45842E+02  0.45842E+02  0.54913E+02
 0.38992E+01  0.00000E+00  0.00000E+00  0.00000E+00  0.40000E+02  0.00000E+00  0.29815E+03  0.00000E+00  0.00000E+00  0.00000E+00  0.00000E+00  0.00000E+00  0.00000E+00  0.00000E+00  0.29815E+03  0.00000E+00  0.00000E+00  0.00000E+00  0.00000E+00  0.00000E+00  0.00000E+00  0.00000E+00  0.00000E+00  0.90712E+01  0.00000E+00  0.90712E+01  0.00000E+00  0.45842E+02  0.45842E+02  0.54913E+02
 0.39408E+01  0.00000E+00  0.00000E+00  0.00000E+00  0.40000E+02  0.00000E+00  0.29815E+03  0.00000E+00  0.00000E+00  0.00000E+00  0.00000E+00  0.00000E+00  0.00000E+00  0.00000E+00  0.29815E+03  0.00000E+00  0.00000E+00  0.00000E+00  0.00000E+00  0.00000E+00  0.00000E+00  0.00000E+00  0.00000E+00  0.90712E+01  0.00000E+00  0.90712E+01  0.00000E+00  0.45842E+02  0.45842E+02  0.54913E+02
 0.39392E+01  0.00000E+00  0.00000E+00  0.00000E+00  0.40000E+02  0.00000E+00  0.29815E+03  0.00000E+00  0.00000E+00  0.00000E+00  0.00000E+00  0.00000E+00  0.00000E+00  0.00000E+00  0.29815E+03  0.00000E+00  0.00000E+00  0.00000E+00  0.00000E+00  0.00000E+00  0.00000E+00  0.00000E+00  0.00000E+00  0.90712E+01  0.00000E+00  0.90712E+01  0.00000E+00  0.45842E+02  0.45842E+02  0.54913E+02
 0.39808E+01  0.00000E+00  0.00000E+00  0.00000E+00  0.40000E+02  0.00000E+00  0.29815E+03  0.00000E+00  0.00000E+00  0.00000E+00  0.00000E+00  0.00000E+00  0.00000E+00  0.00000E+00  0.29815E+03  0.00000E+00  0.00000E+00  0.00000E+00  0.00000E+00  0.00000E+00  0.00000E+00  0.00000E+00  0.00000E+00  0.90712E+01  0.00000E+00  0.90712E+01  0.00000E+00  0.45842E+02  0.45842E+02  0.54913E+02
 0.39792E+01  0.00000E+00  0.00000E+00  0.00000E+00  0.40000E+02  0.00000E+00  0.29815E+03  0.00000E+00  0.00000E+00  0.00000E+00  0.00000E+00  0.00000E+00  0.00000E+00  0.00000E+00  0.29815E+03  0.00000E+00  0.00000E+00  0.00000E+00  0.00000E+00  0.00000E+00  0.00000E+00  0.00000E+00  0.00000E+00  0.90712E+01  0.00000E+00  0.90712E+01  0.00000E+00  0.45842E+02  0.45842E+02  0.54913E+02
 0.40208E+01  0.00000E+00  0.00000E+00  0.00000E+00  0.40000E+02  0.00000E+00  0.29815E+03  0.00000E+00  0.00000E+00  0.00000E+00  0.00000E+00  0.00000E+00  0.00000E+00  0.00000E+00  0.29815E+03  0.00000E+00  0.00000E+00  0.00000E+00  0.00000E+00  0.00000E+00  0.00000E+00  0.00000E+00  0.00000E+00  0.90712E+01  0.00000E+00  0.90712E+01  0.00000E+00  0.45842E+02  0.45842E+02  0.54913E+02
 0.40292E+01  0.00000E+00  0.00000E+00  0.00000E+00  0.40000E+02  0.00000E+00  0.29815E+03  0.00000E+00  0.00000E+00  0.00000E+00  0.00000E+00  0.00000E+00  0.00000E+00  0.00000E+00  0.29815E+03  0.00000E+00  0.00000E+00  0.00000E+00  0.00000E+00  0.00000E+00  0.00000E+00  0.00000E+00  0.00000E+00  0.90712E+01  0.00000E+00  0.90712E+01  0.00000E+00  0.45842E+02  0.45842E+02  0.54913E+02
 0.40708E+01  0.00000E+00  0.00000E+00  0.00000E+00  0.40000E+02  0.00000E+00  0.29815E+03  0.00000E+00  0.00000E+00  0.00000E+00  0.00000E+00  0.00000E+00  0.00000E+00  0.00000E+00  0.29815E+03  0.00000E+00  0.00000E+00  0.00000E+00  0.00000E+00  0.00000E+00  0.00000E+00  0.00000E+00  0.00000E+00  0.90712E+01  0.00000E+00  0.90712E+01  0.00000E+00  0.45842E+02  0.45842E+02  0.54913E+02
 0.40692E+01  0.00000E+00  0.00000E+00  0.00000E+00  0.40000E+02  0.00000E+00  0.29815E+03  0.00000E+00  0.00000E+00  0.00000E+00  0.00000E+00  0.00000E+00  0.00000E+00  0.00000E+00  0.29815E+03  0.00000E+00  0.00000E+00  0.00000E+00  0.00000E+00  0.00000E+00  0.00000E+00  0.00000E+00  0.00000E+00  0.90712E+01  0.00000E+00  0.90712E+01  0.00000E+00  0.45842E+02  0.45842E+02  0.54913E+02
 0.41108E+01  0.00000E+00  0.00000E+00  0.00000E+00  0.40000E+02  0.00000E+00  0.29815E+03  0.00000E+00  0.00000E+00  0.00000E+00  0.00000E+00  0.00000E+00  0.00000E+00  0.00000E+00  0.29815E+03  0.00000E+00  0.00000E+00  0.00000E+00  0.00000E+00  0.00000E+00  0.00000E+00  0.00000E+00  0.00000E+00  0.90712E+01  0.00000E+00  0.90712E+01  0.00000E+00  0.45842E+02  0.45842E+02  0.54913E+02
 0.41092E+01  0.00000E+00  0.00000E+00  0.00000E+00  0.40000E+02  0.00000E+00  0.29815E+03  0.00000E+00  0.00000E+00  0.00000E+00  0.00000E+00  0.00000E+00  0.00000E+00  0.00000E+00  0.29815E+03  0.00000E+00  0.00000E+00  0.00000E+00  0.00000E+00  0.00000E+00  0.00000E+00  0.00000E+00  0.00000E+00  0.90712E+01  0.00000E+00  0.90712E+01  0.00000E+00  0.45842E+02  0.45842E+02  0.54913E+02
 0.41508E+01  0.00000E+00  0.00000E+00  0.00000E+00  0.40000E+02  0.00000E+00  0.29815E+03  0.00000E+00  0.00000E+00  0.00000E+00  0.00000E+00  0.00000E+00  0.00000E+00  0.00000E+00  0.29815E+03  0.00000E+00  0.00000E+00  0.00000E+00  0.00000E+00  0.00000E+00  0.00000E+00  0.00000E+00  0.00000E+00  0.90712E+01  0.00000E+00  0.90712E+01  0.00000E+00  0.45842E+02  0.45842E+02  0.54913E+02
 0.41492E+01  0.00000E+00  0.00000E+00  0.00000E+00  0.40000E+02  0.00000E+00  0.29815E+03  0.00000E+00  0.00000E+00  0.00000E+00  0.00000E+00  0.00000E+00  0.00000E+00  0.00000E+00  0.29815E+03  0.00000E+00  0.00000E+00  0.00000E+00  0.00000E+00  0.00000E+00  0.00000E+00  0.00000E+00  0.00000E+00  0.90712E+01  0.00000E+00  0.90712E+01  0.00000E+00  0.45842E+02  0.45842E+02  0.54913E+02
 0.41908E+01  0.00000E+00  0.00000E+00  0.00000E+00  0.40000E+02  0.00000E+00  0.29815E+03  0.00000E+00  0.00000E+00  0.00000E+00  0.00000E+00  0.00000E+00  0.00000E+00  0.00000E+00  0.29815E+03  0.00000E+00  0.00000E+00  0.00000E+00  0.00000E+00  0.00000E+00  0.00000E+00  0.00000E+00  0.00000E+00  0.90712E+01  0.00000E+00  0.90712E+01  0.00000E+00  0.45842E+02  0.45842E+02  0.54913E+02
 0.41892E+01  0.00000E+00  0.00000E+00  0.00000E+00  0.40000E+02  0.00000E+00  0.29815E+03  0.00000E+00  0.00000E+00  0.00000E+00  0.00000E+00  0.00000E+00  0.00000E+00  0.00000E+00  0.29815E+03  0.00000E+00  0.00000E+00  0.00000E+00  0.00000E+00  0.00000E+00  0.00000E+00  0.00000E+00  0.00000E+00  0.90712E+01  0.00000E+00  0.90712E+01  0.00000E+00  0.45842E+02  0.45842E+02  0.54913E+02
 0.42308E+01  0.00000E+00  0.00000E+00  0.00000E+00  0.40000E+02  0.00000E+00  0.29815E+03  0.00000E+00  0.00000E+00  0.00000E+00  0.00000E+00  0.00000E+00  0.00000E+00  0.00000E+00  0.29815E+03  0.00000E+00  0.00000E+00  0.00000E+00  0.00000E+00  0.00000E+00  0.00000E+00  0.00000E+00  0.00000E+00  0.90712E+01  0.00000E+00  0.90712E+01  0.00000E+00  0.45842E+02  0.45842E+02  0.54913E+02
 0.42292E+01  0.00000E+00  0.00000E+00  0.00000E+00  0.40000E+02  0.00000E+00  0.29815E+03  0.00000E+00  0.00000E+00  0.00000E+00  0.00000E+00  0.00000E+00  0.00000E+00  0.00000E+00  0.29815E+03  0.00000E+00  0.00000E+00  0.00000E+00  0.00000E+00  0.00000E+00  0.00000E+00  0.00000E+00  0.00000E+00  0.90712E+01  0.00000E+00  0.90712E+01  0.00000E+00  0.45842E+02  0.45842E+02  0.54913E+02
 0.42708E+01  0.00000E+00  0.00000E+00  0.00000E+00  0.40000E+02  0.00000E+00  0.29815E+03  0.00000E+00  0.00000E+00  0.00000E+00  0.00000E+00  0.00000E+00  0.00000E+00  0.00000E+00  0.29815E+03  0.00000E+00  0.00000E+00  0.00000E+00  0.00000E+00  0.00000E+00  0.00000E+00  0.00000E+00  0.00000E+00  0.90712E+01  0.00000E+00  0.90712E+01  0.00000E+00  0.45842E+02  0.45842E+02  0.54913E+02
 0.42792E+01  0.00000E+00  0.00000E+00  0.00000E+00  0.40000E+02  0.00000E+00  0.29815E+03  0.00000E+00  0.00000E+00  0.00000E+00  0.00000E+00  0.00000E+00  0.00000E+00  0.00000E+00  0.29815E+03  0.00000E+00  0.00000E+00  0.00000E+00  0.00000E+00  0.00000E+00  0.00000E+00  0.00000E+00  0.00000E+00  0.90712E+01  0.00000E+00  0.90712E+01  0.00000E+00  0.45842E+02  0.45842E+02  0.54913E+02
 0.43208E+01  0.00000E+00  0.00000E+00  0.00000E+00  0.40000E+02  0.00000E+00  0.29815E+03  0.00000E+00  0.00000E+00  0.00000E+00  0.00000E+00  0.00000E+00  0.00000E+00  0.00000E+00  0.29815E+03  0.00000E+00  0.00000E+00  0.00000E+00  0.00000E+00  0.00000E+00  0.00000E+00  0.00000E+00  0.00000E+00  0.90712E+01  0.00000E+00  0.90712E+01  0.00000E+00  0.45842E+02  0.45842E+02  0.54913E+02
 0.43192E+01  0.00000E+00  0.00000E+00  0.00000E+00  0.40000E+02  0.00000E+00  0.29815E+03  0.00000E+00  0.00000E+00  0.00000E+00  0.00000E+00  0.00000E+00  0.00000E+00  0.00000E+00  0.29815E+03  0.00000E+00  0.00000E+00  0.00000E+00  0.00000E+00  0.00000E+00  0.00000E+00  0.00000E+00  0.00000E+00  0.90712E+01  0.00000E+00  0.90712E+01  0.00000E+00  0.45842E+02  0.45842E+02  0.54913E+02
 0.43608E+01  0.00000E+00  0.00000E+00  0.00000E+00  0.40000E+02  0.00000E+00  0.29815E+03  0.00000E+00  0.00000E+00  0.00000E+00  0.00000E+00  0.00000E+00  0.00000E+00  0.00000E+00  0.29815E+03  0.00000E+00  0.00000E+00  0.00000E+00  0.00000E+00  0.00000E+00  0.00000E+00  0.00000E+00  0.00000E+00  0.90712E+01  0.00000E+00  0.90712E+01  0.00000E+00  0.45842E+02  0.45842E+02  0.54913E+02
 0.43592E+01  0.00000E+00  0.00000E+00  0.00000E+00  0.40000E+02  0.00000E+00  0.29815E+03  0.00000E+00  0.00000E+00  0.00000E+00  0.00000E+00  0.00000E+00  0.00000E+00  0.00000E+00  0.29815E+03  0.00000E+00  0.00000E+00  0.00000E+00  0.00000E+00  0.00000E+00  0.00000E+00  0.00000E+00  0.00000E+00  0.90712E+01  0.00000E+00  0.90712E+01  0.00000E+00  0.45842E+02  0.45842E+02  0.54913E+02
 0.44008E+01  0.00000E+00  0.00000E+00  0.00000E+00  0.40000E+02  0.00000E+00  0.29815E+03  0.00000E+00  0.00000E+00  0.00000E+00  0.00000E+00  0.00000E+00  0.00000E+00  0.00000E+00  0.29815E+03  0.00000E+00  0.00000E+00  0.00000E+00  0.00000E+00  0.00000E+00  0.00000E+00  0.00000E+00  0.00000E+00  0.90712E+01  0.00000E+00  0.90712E+01  0.00000E+00  0.45842E+02  0.45842E+02  0.54913E+02
 0.43992E+01  0.00000E+00  0.00000E+00  0.00000E+00  0.40000E+02  0.00000E+00  0.29815E+03  0.00000E+00  0.00000E+00  0.00000E+00  0.00000E+00  0.00000E+00  0.00000E+00  0.00000E+00  0.29815E+03  0.00000E+00  0.00000E+00  0.00000E+00  0.00000E+00  0.00000E+00  0.00000E+00  0.00000E+00  0.00000E+00  0.90712E+01  0.00000E+00  0.90712E+01  0.00000E+00  0.45842E+02  0.45842E+02  0.54913E+02
 0.44408E+01  0.00000E+00  0.00000E+00  0.00000E+00  0.40000E+02  0.00000E+00  0.29815E+03  0.00000E+00  0.00000E+00  0.00000E+00  0.00000E+00  0.00000E+00  0.00000E+00  0.00000E+00  0.29815E+03  0.00000E+00  0.00000E+00  0.00000E+00  0.00000E+00  0.00000E+00  0.00000E+00  0.00000E+00  0.00000E+00  0.90712E+01  0.00000E+00  0.90712E+01  0.00000E+00  0.45842E+02  0.45842E+02  0.54913E+02
 0.44392E+01  0.00000E+00  0.00000E+00  0.00000E+00  0.40000E+02  0.00000E+00  0.29815E+03  0.00000E+00  0.00000E+00  0.00000E+00  0.00000E+00  0.00000E+00  0.00000E+00  0.00000E+00  0.29815E+03  0.00000E+00  0.00000E+00  0.00000E+00  0.00000E+00  0.00000E+00  0.00000E+00  0.00000E+00  0.00000E+00  0.90712E+01  0.00000E+00  0.90712E+01  0.00000E+00  0.45842E+02  0.45842E+02  0.54913E+02
 0.44808E+01  0.00000E+00  0.00000E+00  0.00000E+00  0.40000E+02  0.00000E+00  0.29815E+03  0.00000E+00  0.00000E+00  0.00000E+00  0.00000E+00  0.00000E+00  0.00000E+00  0.00000E+00  0.29815E+03  0.00000E+00  0.00000E+00  0.00000E+00  0.00000E+00  0.00000E+00  0.00000E+00  0.00000E+00  0.00000E+00  0.90712E+01  0.00000E+00  0.90712E+01  0.00000E+00  0.45842E+02  0.45842E+02  0.54913E+02
 0.44792E+01  0.00000E+00  0.00000E+00  0.00000E+00  0.40000E+02  0.00000E+00  0.29815E+03  0.00000E+00  0.00000E+00  0.00000E+00  0.00000E+00  0.00000E+00  0.00000E+00  0.00000E+00  0.29815E+03  0.00000E+00  0.00000E+00  0.00000E+00  0.00000E+00  0.00000E+00  0.00000E+00  0.00000E+00  0.00000E+00  0.90712E+01  0.00000E+00  0.90712E+01  0.00000E+00  0.45842E+02  0.45842E+02  0.54913E+02
 0.45208E+01  0.00000E+00  0.00000E+00  0.00000E+00  0.40000E+02  0.00000E+00  0.29815E+03  0.00000E+00  0.00000E+00  0.00000E+00  0.00000E+00  0.00000E+00  0.00000E+00  0.00000E+00  0.29815E+03  0.00000E+00  0.00000E+00  0.00000E+00  0.00000E+00  0.00000E+00  0.00000E+00  0.00000E+00  0.00000E+00  0.90712E+01  0.00000E+00  0.90712E+01  0.00000E+00  0.45842E+02  0.45842E+02  0.54913E+02
 0.45292E+01  0.00000E+00  0.00000E+00  0.00000E+00  0.40000E+02  0.00000E+00  0.29815E+03  0.00000E+00  0.00000E+00  0.00000E+00  0.00000E+00  0.00000E+00  0.00000E+00  0.00000E+00  0.29815E+03  0.00000E+00  0.00000E+00  0.00000E+00  0.00000E+00  0.00000E+00  0.00000E+00  0.00000E+00  0.00000E+00  0.90712E+01  0.00000E+00  0.90712E+01  0.00000E+00  0.45842E+02  0.45842E+02  0.54913E+02
 0.45708E+01  0.00000E+00  0.00000E+00  0.00000E+00  0.40000E+02  0.00000E+00  0.29815E+03  0.00000E+00  0.00000E+00  0.00000E+00  0.00000E+00  0.00000E+00  0.00000E+00  0.00000E+00  0.29815E+03  0.00000E+00  0.00000E+00  0.00000E+00  0.00000E+00  0.00000E+00  0.00000E+00  0.00000E+00  0.00000E+00  0.90712E+01  0.00000E+00  0.90712E+01  0.00000E+00  0.45842E+02  0.45842E+02  0.54913E+02
 0.45692E+01  0.00000E+00  0.00000E+00  0.00000E+00  0.40000E+02  0.00000E+00  0.29815E+03  0.00000E+00  0.00000E+00  0.00000E+00  0.00000E+00  0.00000E+00  0.00000E+00  0.00000E+00  0.29815E+03  0.00000E+00  0.00000E+00  0.00000E+00  0.00000E+00  0.00000E+00  0.00000E+00  0.00000E+00  0.00000E+00  0.90712E+01  0.00000E+00  0.90712E+01  0.00000E+00  0.45842E+02  0.45842E+02  0.54913E+02
 0.46108E+01  0.00000E+00  0.00000E+00  0.00000E+00  0.40000E+02  0.00000E+00  0.29815E+03  0.00000E+00  0.00000E+00  0.00000E+00  0.00000E+00  0.00000E+00  0.00000E+00  0.00000E+00  0.29815E+03  0.00000E+00  0.00000E+00  0.00000E+00  0.00000E+00  0.00000E+00  0.00000E+00  0.00000E+00  0.00000E+00  0.90712E+01  0.00000E+00  0.90712E+01  0.00000E+00  0.45842E+02  0.45842E+02  0.54913E+02
 0.46092E+01  0.00000E+00  0.00000E+00  0.00000E+00  0.40000E+02  0.00000E+00  0.29815E+03  0.00000E+00  0.00000E+00  0.00000E+00  0.00000E+00  0.00000E+00  0.00000E+00  0.00000E+00  0.29815E+03  0.00000E+00  0.00000E+00  0.00000E+00  0.00000E+00  0.00000E+00  0.00000E+00  0.00000E+00  0.00000E+00  0.90712E+01  0.00000E+00  0.90712E+01  0.00000E+00  0.45842E+02  0.45842E+02  0.54913E+02
 0.46508E+01  0.00000E+00  0.00000E+00  0.00000E+00  0.40000E+02  0.00000E+00  0.29815E+03  0.00000E+00  0.00000E+00  0.00000E+00  0.00000E+00  0.00000E+00  0.00000E+00  0.00000E+00  0.29815E+03  0.00000E+00  0.00000E+00  0.00000E+00  0.00000E+00  0.00000E+00  0.00000E+00  0.00000E+00  0.00000E+00  0.90712E+01  0.00000E+00  0.90712E+01  0.00000E+00  0.45842E+02  0.45842E+02  0.54913E+02
 0.46492E+01  0.00000E+00  0.00000E+00  0.00000E+00  0.40000E+02  0.00000E+00  0.29815E+03  0.00000E+00  0.00000E+00  0.00000E+00  0.00000E+00  0.00000E+00  0.00000E+00  0.00000E+00  0.29815E+03  0.00000E+00  0.00000E+00  0.00000E+00  0.00000E+00  0.00000E+00  0.00000E+00  0.00000E+00  0.00000E+00  0.90712E+01  0.00000E+00  0.90712E+01  0.00000E+00  0.45842E+02  0.45842E+02  0.54913E+02
 0.46908E+01  0.00000E+00  0.00000E+00  0.00000E+00  0.40000E+02  0.00000E+00  0.29815E+03  0.00000E+00  0.00000E+00  0.00000E+00  0.00000E+00  0.00000E+00  0.00000E+00  0.00000E+00  0.29815E+03  0.00000E+00  0.00000E+00  0.00000E+00  0.00000E+00  0.00000E+00  0.00000E+00  0.00000E+00  0.00000E+00  0.90712E+01  0.00000E+00  0.90712E+01  0.00000E+00  0.45842E+02  0.45842E+02  0.54913E+02
 0.46892E+01  0.00000E+00  0.00000E+00  0.00000E+00  0.40000E+02  0.00000E+00  0.29815E+03  0.00000E+00  0.00000E+00  0.00000E+00  0.00000E+00  0.00000E+00  0.00000E+00  0.00000E+00  0.29815E+03  0.00000E+00  0.00000E+00  0.00000E+00  0.00000E+00  0.00000E+00  0.00000E+00  0.00000E+00  0.00000E+00  0.90712E+01  0.00000E+00  0.90712E+01  0.00000E+00  0.45842E+02  0.45842E+02  0.54913E+02
 0.47308E+01  0.00000E+00  0.00000E+00  0.00000E+00  0.40000E+02  0.00000E+00  0.29815E+03  0.00000E+00  0.00000E+00  0.00000E+00  0.00000E+00  0.00000E+00  0.00000E+00  0.00000E+00  0.29815E+03  0.00000E+00  0.00000E+00  0.00000E+00  0.00000E+00  0.00000E+00  0.00000E+00  0.00000E+00  0.00000E+00  0.90712E+01  0.00000E+00  0.90712E+01  0.00000E+00  0.45842E+02  0.45842E+02  0.54913E+02
 0.47292E+01  0.00000E+00  0.00000E+00  0.00000E+00  0.40000E+02  0.00000E+00  0.29815E+03  0.00000E+00  0.00000E+00  0.00000E+00  0.00000E+00  0.00000E+00  0.00000E+00  0.00000E+00  0.29815E+03  0.00000E+00  0.00000E+00  0.00000E+00  0.00000E+00  0.00000E+00  0.00000E+00  0.00000E+00  0.00000E+00  0.90712E+01  0.00000E+00  0.90712E+01  0.00000E+00  0.45842E+02  0.45842E+02  0.54913E+02
 0.47708E+01  0.00000E+00  0.00000E+00  0.00000E+00  0.40000E+02  0.00000E+00  0.29815E+03  0.00000E+00  0.00000E+00  0.00000E+00  0.00000E+00  0.00000E+00  0.00000E+00  0.00000E+00  0.29815E+03  0.00000E+00  0.00000E+00  0.00000E+00  0.00000E+00  0.00000E+00  0.00000E+00  0.00000E+00  0.00000E+00  0.90712E+01  0.00000E+00  0.90712E+01  0.00000E+00  0.45842E+02  0.45842E+02  0.54913E+02
