 0.10000E+03
 0.27050E-01  0.00000E+00  0.00000E+00  0.00000E+00  0.39806E+02  0.00000E+00  0.29815E+03  0.00000E+00  0.00000E+00  0.00000E+00  0.00000E+00  0.00000E+00  0.00000E+00  0.00000E+00  0.34982E+03  0.00000E+00  0.00000E+00  0.00000E+00  0.00000E+00  0.00000E+00  0.00000E+00  0.00000E+00  0.00000E+00  0.00000E+00  0.00000E+00  0.00000E+00  0.00000E+00  0.00000E+00  0.00000E+00  0.00000E+00
 0.81150E-01  0.00000E+00  0.00000E+00  0.00000E+00  0.39806E+02  0.00000E+00  0.29815E+03  0.00000E+00  0.00000E+00  0.00000E+00  0.00000E+00  0.00000E+00  0.00000E+00  0.00000E+00  0.34982E+03  0.00000E+00  0.00000E+00  0.00000E+00  0.00000E+00  0.00000E+00  0.00000E+00  0.00000E+00  0.00000E+00  0.00000E+00  0.00000E+00  0.00000E+00  0.00000E+00  0.00000E+00  0.00000E+00  0.00000E+00
 0.81150E-01  0.00000E+00  0.00000E+00  0.00000E+00  0.39805E+02  0.00000E+00  0.29815E+03  0.00000E+00  0.00000E+00  0.00000E+00  0.00000E+00  0.00000E+00  0.00000E+00  0.00000E+00  0.33600E+03  0.00000E+00  0.00000E+00  0.00000E+00  0.00000E+00  0.00000E+00  0.00000E+00  0.00000E+00  0.00000E+00  0.00000E+00  0.00000E+00  0.00000E+00  0.00000E+00  0.00000E+00  0.00000E+00  0.00000E+00
 0.13525E+00  0.00000E+00  0.00000E+00  0.00000E+00  0.39805E+02  0.00000E+00  0.29815E+03  0.00000E+00  0.00000E+00  0.00000E+00  0.00000E+00  0.00000E+00  0.00000E+00  0.00000E+00  0.33600E+03  0.00000E+00  0.00000E+00  0.00000E+00  0.00000E+00  0.00000E+00  0.00000E+00  0.00000E+00  0.00000E+00  0.00000E+00  0.00000E+00  0.00000E+00  0.00000E+00  0.00000E+00  0.00000E+00  0.00000E+00
 0.13525E+00  0.00000E+00  0.00000E+00  0.00000E+00  0.39802E+02  0.00000E+00  0.29815E+03  0.00000E+00  0.00000E+00  0.00000E+00  0.00000E+00  0.00000E+00  0.00000E+00  0.00000E+00  0.33600E+03  0.00000E+00  0.00000E+00  0.00000E+00  0.00000E+00  0.00000E+00  0.00000E+00  0.00000E+00  0.00000E+00  0.00000E+00  0.00000E+00  0.00000E+00  0.00000E+00  0.00000E+00  0.00000E+00  0.00000E+00
 0.18935E+00  0.00000E+00  0.00000E+00  0.00000E+00  0.39802E+02  0.00000E+00  0.29815E+03  0.00000E+00  0.00000E+00  0.00000E+00  0.00000E+00  0.00000E+00  0.00000E+00  0.00000E+00  0.33600E+03  0.00000E+00  0.00000E+00  0.00000E+00  0.00000E+00  0.00000E+00  0.00000E+00  0.00000E+00  0.00000E+00  0.00000E+00  0.00000E+00  0.00000E+00  0.00000E+00  0.00000E+00  0.00000E+00  0.00000E+00
 0.18935E+00  0.00000E+00  0.00000E+00  0.00000E+00  0.39798E+02  0.00000E+00  0.29815E+03  0.00000E+00  0.00000E+00  0.00000E+00  0.00000E+00  0.00000E+00  0.00000E+00  0.00000E+00  0.33600E+03  0.00000E+00  0.00000E+00  0.00000E+00  0.00000E+00  0.00000E+00  0.00000E+00  0.00000E+00  0.00000E+00  0.00000E+00  0.00000E+00  0.00000E+00  0.00000E+00  0.00000E+00  0.00000E+00  0.00000E+00
 0.24345E+00  0.00000E+00  0.00000E+00  0.00000E+00  0.39798E+02  0.00000E+00  0.29815E+03  0.00000E+00  0.00000E+00  0.00000E+00  0.00000E+00  0.00000E+00  0.00000E+00  0.00000E+00  0.33600E+03  0.00000E+00  0.00000E+00  0.00000E+00  0.00000E+00  0.00000E+00  0.00000E+00  0.00000E+00  0.00000E+00  0.00000E+00  0.00000E+00  0.00000E+00  0.00000E+00  0.00000E+00  0.00000E+00  0.00000E+00
 0.24345E+00  0.00000E+00  0.00000E+00  0.00000E+00  0.39794E+02  0.00000E+00  0.29815E+03  0.00000E+00  0.00000E+00  0.00000E+00  0.00000E+00  0.00000E+00  0.00000E+00  0.00000E+00  0.33600E+03  0.00000E+00  0.00000E+00  0.00000E+00  0.00000E+00  0.00000E+00  0.00000E+00  0.00000E+00  0.00000E+00  0.00000E+00  0.00000E+00  0.00000E+00  0.00000E+00  0.00000E+00  0.00000E+00  0.00000E+00
 0.29755E+00  0.00000E+00  0.00000E+00  0.00000E+00  0.39794E+02  0.00000E+00  0.29815E+03  0.00000E+00  0.00000E+00  0.00000E+00  0.00000E+00  0.00000E+00  0.00000E+00  0.00000E+00  0.33600E+03  0.00000E+00  0.00000E+00  0.00000E+00  0.00000E+00  0.00000E+00  0.00000E+00  0.00000E+00  0.00000E+00  0.00000E+00  0.00000E+00  0.00000E+00  0.00000E+00  0.00000E+00  0.00000E+00  0.00000E+00
 0.29755E+00  0.00000E+00  0.00000E+00  0.00000E+00  0.39792E+02  0.00000E+00  0.29815E+03  0.00000E+00  0.00000E+00  0.00000E+00  0.00000E+00  0.00000E+00  0.00000E+00  0.00000E+00  0.33600E+03  0.00000E+00  0.00000E+00  0.00000E+00  0.00000E+00  0.00000E+00  0.00000E+00  0.00000E+00  0.00000E+00  0.00000E+00  0.00000E+00  0.00000E+00  0.00000E+00  0.00000E+00  0.00000E+00  0.00000E+00
 0.35165E+00  0.00000E+00  0.00000E+00  0.00000E+00  0.39792E+02  0.00000E+00  0.29815E+03  0.00000E+00  0.00000E+00  0.00000E+00  0.00000E+00  0.00000E+00  0.00000E+00  0.00000E+00  0.33600E+03  0.00000E+00  0.00000E+00  0.00000E+00  0.00000E+00  0.00000E+00  0.00000E+00  0.00000E+00  0.00000E+00  0.00000E+00  0.00000E+00  0.00000E+00  0.00000E+00  0.00000E+00  0.00000E+00  0.00000E+00
 0.35155E+00  0.00000E+00  0.00000E+00  0.00000E+00  0.39790E+02  0.00000E+00  0.29815E+03  0.00000E+00  0.00000E+00  0.00000E+00  0.00000E+00  0.00000E+00  0.00000E+00  0.00000E+00  0.33600E+03  0.00000E+00  0.00000E+00  0.00000E+00  0.00000E+00  0.00000E+00  0.00000E+00  0.00000E+00  0.00000E+00  0.00000E+00  0.00000E+00  0.00000E+00  0.00000E+00  0.00000E+00  0.00000E+00  0.00000E+00
 0.40565E+00  0.00000E+00  0.00000E+00  0.00000E+00  0.39790E+02  0.00000E+00  0.29815E+03  0.00000E+00  0.00000E+00  0.00000E+00  0.00000E+00  0.00000E+00  0.00000E+00  0.00000E+00  0.33600E+03  0.00000E+00  0.00000E+00  0.00000E+00  0.00000E+00  0.00000E+00  0.00000E+00  0.00000E+00  0.00000E+00  0.00000E+00  0.00000E+00  0.00000E+00  0.00000E+00  0.00000E+00  0.00000E+00  0.00000E+00
 0.40565E+00  0.00000E+00  0.00000E+00  0.00000E+00  0.39786E+02  0.00000E+00  0.29815E+03  0.00000E+00  0.00000E+00  0.00000E+00  0.00000E+00  0.00000E+00  0.00000E+00  0.00000E+00  0.33600E+03  0.00000E+00  0.00000E+00  0.00000E+00  0.00000E+00  0.00000E+00  0.00000E+00  0.00000E+00  0.00000E+00  0.00000E+00  0.00000E+00  0.00000E+00  0.00000E+00  0.00000E+00  0.00000E+00  0.00000E+00
 0.45975E+00  0.00000E+00  0.00000E+00  0.00000E+00  0.39786E+02  0.00000E+00  0.29815E+03  0.00000E+00  0.00000E+00  0.00000E+00  0.00000E+00  0.00000E+00  0.00000E+00  0.00000E+00  0.33600E+03  0.00000E+00  0.00000E+00  0.00000E+00  0.00000E+00  0.00000E+00  0.00000E+00  0.00000E+00  0.00000E+00  0.00000E+00  0.00000E+00  0.00000E+00  0.00000E+00  0.00000E+00  0.00000E+00  0.00000E+00
 0.45975E+00  0.00000E+00  0.00000E+00  0.00000E+00  0.39782E+02  0.00000E+00  0.29815E+03  0.00000E+00  0.00000E+00  0.00000E+00  0.00000E+00  0.00000E+00  0.00000E+00  0.00000E+00  0.33600E+03  0.00000E+00  0.00000E+00  0.00000E+00  0.00000E+00  0.00000E+00  0.00000E+00  0.00000E+00  0.00000E+00  0.00000E+00  0.00000E+00  0.00000E+00  0.00000E+00  0.00000E+00  0.00000E+00  0.00000E+00
 0.51385E+00  0.00000E+00  0.00000E+00  0.00000E+00  0.39782E+02  0.00000E+00  0.29815E+03  0.00000E+00  0.00000E+00  0.00000E+00  0.00000E+00  0.00000E+00  0.00000E+00  0.00000E+00  0.33600E+03  0.00000E+00  0.00000E+00  0.00000E+00  0.00000E+00  0.00000E+00  0.00000E+00  0.00000E+00  0.00000E+00  0.00000E+00  0.00000E+00  0.00000E+00  0.00000E+00  0.00000E+00  0.00000E+00  0.00000E+00
 0.51385E+00  0.10399E+02  0.00000E+00  0.10399E+02  0.39776E+02  0.10399E+02  0.29815E+03  0.00000E+00  0.00000E+00  0.00000E+00  0.00000E+00  0.10399E+02  0.00000E+00  0.36252E+01  0.13440E+04  0.00000E+00  0.00000E+00  0.00000E+00  0.00000E+00  0.00000E+00  0.00000E+00  0.44746E-01  0.00000E+00  0.12606E+02  0.00000E+00  0.12606E+02  0.00000E+00  0.00000E+00  0.00000E+00  0.12606E+02
 0.56795E+00  0.10399E+02  0.00000E+00  0.10399E+02  0.39776E+02  0.10399E+02  0.29815E+03  0.00000E+00  0.00000E+00  0.00000E+00  0.00000E+00  0.10399E+02  0.00000E+00  0.36252E+01  0.13440E+04  0.00000E+00  0.00000E+00  0.00000E+00  0.00000E+00  0.00000E+00  0.00000E+00  0.44746E-01  0.00000E+00  0.12606E+02  0.00000E+00  0.12606E+02  0.00000E+00  0.00000E+00  0.00000E+00  0.12606E+02
 0.56795E+00  0.89777E+01  0.00000E+00  0.89777E+01  0.39765E+02  0.89777E+01  0.29815E+03  0.00000E+00  0.00000E+00  0.00000E+00  0.00000E+00  0.89777E+01  0.00000E+00  0.75933E+00  0.21189E+04  0.00000E+00  0.00000E+00  0.00000E+00  0.00000E+00  0.00000E+00  0.00000E+00  0.20984E+06  0.00000E+00  0.23488E+02  0.00000E+00  0.23488E+02  0.00000E+00  0.00000E+00  0.00000E+00  0.23488E+02
 0.62205E+00  0.89777E+01  0.00000E+00  0.89777E+01  0.39765E+02  0.89777E+01  0.29815E+03  0.00000E+00  0.00000E+00  0.00000E+00  0.00000E+00  0.89777E+01  0.00000E+00  0.75933E+00  0.21189E+04  0.00000E+00  0.00000E+00  0.00000E+00  0.00000E+00  0.00000E+00  0.00000E+00  0.20984E+06  0.00000E+00  0.23488E+02  0.00000E+00  0.23488E+02  0.00000E+00  0.00000E+00  0.00000E+00  0.23488E+02
 0.61521E+00  0.81694E+01  0.00000E+00  0.81694E+01  0.39755E+02  0.81694E+01  0.29815E+03  0.00000E+00  0.00000E+00  0.00000E+00  0.00000E+00  0.81694E+01  0.00000E+00  0.16364E+01  0.21071E+04  0.00000E+00  0.00000E+00  0.00000E+00  0.00000E+00  0.00000E+00  0.00000E+00  0.20984E+06  0.00000E+00  0.30860E+02  0.00000E+00  0.30860E+02  0.00000E+00  0.00000E+00  0.00000E+00  0.30860E+02
 0.65679E+00  0.81694E+01  0.00000E+00  0.81694E+01  0.39755E+02  0.81694E+01  0.29815E+03  0.00000E+00  0.00000E+00  0.00000E+00  0.00000E+00  0.81694E+01  0.00000E+00  0.16364E+01  0.21071E+04  0.00000E+00  0.00000E+00  0.00000E+00  0.00000E+00  0.00000E+00  0.00000E+00  0.20984E+06  0.00000E+00  0.30860E+02  0.00000E+00  0.30860E+02  0.00000E+00  0.00000E+00  0.00000E+00  0.30860E+02
 0.65721E+00  0.49407E+01  0.00000E+00  0.49407E+01  0.39743E+02  0.49407E+01  0.29815E+03  0.00000E+00  0.00000E+00  0.00000E+00  0.00000E+00  0.49407E+01  0.00000E+00  0.24409E+01  0.22098E+04  0.00000E+00  0.00000E+00  0.00000E+00  0.00000E+00  0.00000E+00  0.00000E+00  0.37368E+06  0.00000E+00  0.35481E+02  0.00000E+00  0.35481E+02  0.00000E+00  0.00000E+00  0.00000E+00  0.35481E+02
 0.69879E+00  0.49407E+01  0.00000E+00  0.49407E+01  0.39743E+02  0.49407E+01  0.29815E+03  0.00000E+00  0.00000E+00  0.00000E+00  0.00000E+00  0.49407E+01  0.00000E+00  0.24409E+01  0.22098E+04  0.00000E+00  0.00000E+00  0.00000E+00  0.00000E+00  0.00000E+00  0.00000E+00  0.37368E+06  0.00000E+00  0.35481E+02  0.00000E+00  0.35481E+02  0.00000E+00  0.00000E+00  0.00000E+00  0.35481E+02
 0.69821E+00  0.83652E+01  0.00000E+00  0.83652E+01  0.39730E+02  0.83652E+01  0.29815E+03  0.00000E+00  0.00000E+00  0.00000E+00  0.00000E+00  0.83652E+01  0.00000E+00  0.19236E+01  0.20577E+04  0.00000E+00  0.00000E+00  0.00000E+00  0.00000E+00  0.00000E+00  0.00000E+00  0.71821E+05  0.00000E+00  0.43580E+02  0.00000E+00  0.43580E+02  0.00000E+00  0.00000E+00  0.00000E+00  0.43580E+02
 0.73979E+00  0.83652E+01  0.00000E+00  0.83652E+01  0.39730E+02  0.83652E+01  0.29815E+03  0.00000E+00  0.00000E+00  0.00000E+00  0.00000E+00  0.83652E+01  0.00000E+00  0.19236E+01  0.20577E+04  0.00000E+00  0.00000E+00  0.00000E+00  0.00000E+00  0.00000E+00  0.00000E+00  0.71821E+05  0.00000E+00  0.43580E+02  0.00000E+00  0.43580E+02  0.00000E+00  0.00000E+00  0.00000E+00  0.43580E+02
 0.74021E+00  0.92848E+01  0.00000E+00  0.92848E+01  0.39708E+02  0.92848E+01  0.29815E+03  0.00000E+00  0.00000E+00  0.00000E+00  0.00000E+00  0.92848E+01  0.00000E+00  0.19440E+01  0.21848E+04  0.00000E+00  0.00000E+00  0.00000E+00  0.00000E+00  0.00000E+00  0.00000E+00  0.37368E+06  0.00000E+00  0.52875E+02  0.00000E+00  0.52875E+02  0.00000E+00  0.00000E+00  0.00000E+00  0.52875E+02
 0.78179E+00  0.92848E+01  0.00000E+00  0.92848E+01  0.39708E+02  0.92848E+01  0.29815E+03  0.00000E+00  0.00000E+00  0.00000E+00  0.00000E+00  0.92848E+01  0.00000E+00  0.19440E+01  0.21848E+04  0.00000E+00  0.00000E+00  0.00000E+00  0.00000E+00  0.00000E+00  0.00000E+00  0.37368E+06  0.00000E+00  0.52875E+02  0.00000E+00  0.52875E+02  0.00000E+00  0.00000E+00  0.00000E+00  0.52875E+02
 0.78121E+00  0.00000E+00  0.00000E+00  0.89937E+01  0.39683E+02  0.89937E+01  0.23270E+04  0.00000E+00  0.89937E+01  0.89937E+01  0.90704E+01  0.90704E+01  0.84622E-02  0.18794E+00  0.11871E+04  0.16968E+02  0.26311E+04  0.89397E+02  0.00000E+00  0.00000E+00  0.00000E+00  0.89612E+05  0.00000E+00  0.52875E+02  0.00000E+00  0.52875E+02  0.00000E+00  0.74078E+01  0.74078E+01  0.60283E+02
 0.82279E+00  0.00000E+00  0.00000E+00  0.89937E+01  0.39683E+02  0.89937E+01  0.23270E+04  0.00000E+00  0.89937E+01  0.89937E+01  0.90704E+01  0.90704E+01  0.84622E-02  0.18794E+00  0.11871E+04  0.16968E+02  0.26311E+04  0.89397E+02  0.00000E+00  0.00000E+00  0.00000E+00  0.89612E+05  0.00000E+00  0.52875E+02  0.00000E+00  0.52875E+02  0.00000E+00  0.74078E+01  0.74078E+01  0.60283E+02
 0.82321E+00  0.00000E+00  0.00000E+00  0.91162E+01  0.39655E+02  0.91162E+01  0.23292E+04  0.00000E+00  0.91162E+01  0.91162E+01  0.92050E+01  0.92050E+01  0.96534E-02  0.21470E+00  0.11623E+04 -0.38039E-02  0.28048E+04  0.90280E+02  0.00000E+00  0.00000E+00  0.00000E+00  0.85905E+05  0.00000E+00  0.52875E+02  0.00000E+00  0.52875E+02  0.00000E+00  0.15155E+02  0.15155E+02  0.68030E+02
 0.86479E+00  0.00000E+00  0.00000E+00  0.91162E+01  0.39655E+02  0.91162E+01  0.23292E+04  0.00000E+00  0.91162E+01  0.91162E+01  0.92050E+01  0.92050E+01  0.96534E-02  0.21470E+00  0.11623E+04 -0.38039E-02  0.28048E+04  0.90280E+02  0.00000E+00  0.00000E+00  0.00000E+00  0.85905E+05  0.00000E+00  0.52875E+02  0.00000E+00  0.52875E+02  0.00000E+00  0.15155E+02  0.15155E+02  0.68030E+02
 0.86521E+00  0.00000E+00  0.00000E+00  0.92633E+01  0.39624E+02  0.92633E+01  0.23395E+04  0.00000E+00  0.92633E+01  0.92633E+01  0.93755E+01  0.93755E+01  0.11961E-01  0.26677E+00  0.10656E+04 -0.48955E-02  0.31765E+04  0.96991E+02  0.00000E+00  0.00000E+00  0.00000E+00  0.70277E+05  0.00000E+00  0.52875E+02  0.00000E+00  0.52875E+02  0.00000E+00  0.23271E+02  0.23271E+02  0.76146E+02
 0.90679E+00  0.00000E+00  0.00000E+00  0.92633E+01  0.39624E+02  0.92633E+01  0.23395E+04  0.00000E+00  0.92633E+01  0.92633E+01  0.93755E+01  0.93755E+01  0.11961E-01  0.26677E+00  0.10656E+04 -0.48955E-02  0.31765E+04  0.96991E+02  0.00000E+00  0.00000E+00  0.00000E+00  0.70277E+05  0.00000E+00  0.52875E+02  0.00000E+00  0.52875E+02  0.00000E+00  0.23271E+02  0.23271E+02  0.76146E+02
 0.90621E+00  0.00000E+00  0.00000E+00  0.93536E+01  0.39591E+02  0.93536E+01  0.23409E+04  0.00000E+00  0.93536E+01  0.93536E+01  0.94178E+01  0.94178E+01  0.68090E-02  0.15092E+00  0.10359E+04 -0.37933E-02  0.24582E+04  0.98398E+02  0.00000E+00  0.00000E+00  0.00000E+00  0.68067E+05  0.00000E+00  0.52875E+02  0.00000E+00  0.52875E+02  0.00000E+00  0.31710E+02  0.31710E+02  0.84585E+02
 0.94779E+00  0.00000E+00  0.00000E+00  0.93536E+01  0.39591E+02  0.93536E+01  0.23409E+04  0.00000E+00  0.93536E+01  0.93536E+01  0.94178E+01  0.94178E+01  0.68090E-02  0.15092E+00  0.10359E+04 -0.37933E-02  0.24582E+04  0.98398E+02  0.00000E+00  0.00000E+00  0.00000E+00  0.68067E+05  0.00000E+00  0.52875E+02  0.00000E+00  0.52875E+02  0.00000E+00  0.31710E+02  0.31710E+02  0.84585E+02
 0.94821E+00  0.00000E+00  0.00000E+00  0.94064E+01  0.39560E+02  0.94064E+01  0.23431E+04  0.00000E+00  0.94064E+01  0.94064E+01  0.94828E+01  0.94828E+01  0.80639E-02  0.17901E+00  0.98917E+03 -0.23310E-02  0.26436E+04  0.10152E+03  0.00000E+00  0.00000E+00  0.00000E+00  0.63835E+05  0.00000E+00  0.52875E+02  0.00000E+00  0.52875E+02  0.00000E+00  0.40444E+02  0.40444E+02  0.93319E+02
 0.98979E+00  0.00000E+00  0.00000E+00  0.94064E+01  0.39560E+02  0.94064E+01  0.23431E+04  0.00000E+00  0.94064E+01  0.94064E+01  0.94828E+01  0.94828E+01  0.80639E-02  0.17901E+00  0.98917E+03 -0.23310E-02  0.26436E+04  0.10152E+03  0.00000E+00  0.00000E+00  0.00000E+00  0.63835E+05  0.00000E+00  0.52875E+02  0.00000E+00  0.52875E+02  0.00000E+00  0.40444E+02  0.40444E+02  0.93319E+02
 0.98921E+00  0.00000E+00  0.00000E+00  0.94225E+01  0.39532E+02  0.94225E+01  0.23456E+04  0.00000E+00  0.94225E+01  0.94225E+01  0.95153E+01  0.95153E+01  0.97541E-02  0.21697E+00  0.95089E+03 -0.76811E-03  0.28935E+04  0.10440E+03  0.00000E+00  0.00000E+00  0.00000E+00  0.59536E+05  0.00000E+00  0.52875E+02  0.00000E+00  0.52875E+02  0.00000E+00  0.49440E+02  0.49440E+02  0.10231E+03
 0.10308E+01  0.00000E+00  0.00000E+00  0.94225E+01  0.39532E+02  0.94225E+01  0.23456E+04  0.00000E+00  0.94225E+01  0.94225E+01  0.95153E+01  0.95153E+01  0.97541E-02  0.21697E+00  0.95089E+03 -0.76811E-03  0.28935E+04  0.10440E+03  0.00000E+00  0.00000E+00  0.00000E+00  0.59536E+05  0.00000E+00  0.52875E+02  0.00000E+00  0.52875E+02  0.00000E+00  0.49440E+02  0.49440E+02  0.10231E+03
 0.10292E+01  0.00000E+00  0.00000E+00  0.94121E+01  0.39508E+02  0.94121E+01  0.23473E+04  0.00000E+00  0.94121E+01  0.94121E+01  0.95237E+01  0.95237E+01  0.11720E-01  0.26131E+00  0.92282E+03  0.53385E-03  0.31821E+04  0.10675E+03  0.00000E+00  0.00000E+00  0.00000E+00  0.56644E+05  0.00000E+00  0.52875E+02  0.00000E+00  0.52875E+02  0.00000E+00  0.58672E+02  0.58672E+02  0.11155E+03
 0.10708E+01  0.00000E+00  0.00000E+00  0.94121E+01  0.39508E+02  0.94121E+01  0.23473E+04  0.00000E+00  0.94121E+01  0.94121E+01  0.95237E+01  0.95237E+01  0.11720E-01  0.26131E+00  0.92282E+03  0.53385E-03  0.31821E+04  0.10675E+03  0.00000E+00  0.00000E+00  0.00000E+00  0.56644E+05  0.00000E+00  0.52875E+02  0.00000E+00  0.52875E+02  0.00000E+00  0.58672E+02  0.58672E+02  0.11155E+03
 0.10692E+01  0.00000E+00  0.00000E+00  0.93838E+01  0.39490E+02  0.93838E+01  0.23477E+04  0.00000E+00  0.93838E+01  0.93838E+01  0.95140E+01  0.95140E+01  0.13687E-01  0.30592E+00  0.90346E+03  0.15228E-02  0.34664E+04  0.10855E+03  0.00000E+00  0.00000E+00  0.00000E+00  0.56013E+05  0.00000E+00  0.52875E+02  0.00000E+00  0.52875E+02  0.00000E+00  0.68122E+02  0.68122E+02  0.12100E+03
 0.11108E+01  0.00000E+00  0.00000E+00  0.93838E+01  0.39490E+02  0.93838E+01  0.23477E+04  0.00000E+00  0.93838E+01  0.93838E+01  0.95140E+01  0.95140E+01  0.13687E-01  0.30592E+00  0.90346E+03  0.15228E-02  0.34664E+04  0.10855E+03  0.00000E+00  0.00000E+00  0.00000E+00  0.56013E+05  0.00000E+00  0.52875E+02  0.00000E+00  0.52875E+02  0.00000E+00  0.68122E+02  0.68122E+02  0.12100E+03
 0.11192E+01  0.00000E+00  0.00000E+00  0.93413E+01  0.39479E+02  0.93413E+01  0.23466E+04  0.00000E+00  0.93413E+01  0.93413E+01  0.94888E+01  0.94888E+01  0.15547E-01  0.34827E+00  0.89012E+03  0.22957E-02  0.37275E+04  0.10996E+03  0.00000E+00  0.00000E+00  0.00000E+00  0.57902E+05  0.00000E+00  0.52875E+02  0.00000E+00  0.52875E+02  0.00000E+00  0.77775E+02  0.77775E+02  0.13065E+03
 0.11608E+01  0.00000E+00  0.00000E+00  0.93413E+01  0.39479E+02  0.93413E+01  0.23466E+04  0.00000E+00  0.93413E+01  0.93413E+01  0.94888E+01  0.94888E+01  0.15547E-01  0.34827E+00  0.89012E+03  0.22957E-02  0.37275E+04  0.10996E+03  0.00000E+00  0.00000E+00  0.00000E+00  0.57902E+05  0.00000E+00  0.52875E+02  0.00000E+00  0.52875E+02  0.00000E+00  0.77775E+02  0.77775E+02  0.13065E+03
 0.11592E+01  0.00000E+00  0.00000E+00  0.92841E+01  0.39475E+02  0.92841E+01  0.23437E+04  0.00000E+00  0.92841E+01  0.92841E+01  0.94449E+01  0.94449E+01  0.17028E-01  0.38214E+00  0.88243E+03  0.29661E-02  0.39232E+04  0.11101E+03  0.00000E+00  0.00000E+00  0.00000E+00  0.62899E+05  0.00000E+00  0.52875E+02  0.00000E+00  0.52875E+02  0.00000E+00  0.87611E+02  0.87611E+02  0.14049E+03
 0.12008E+01  0.00000E+00  0.00000E+00  0.92841E+01  0.39475E+02  0.92841E+01  0.23437E+04  0.00000E+00  0.92841E+01  0.92841E+01  0.94449E+01  0.94449E+01  0.17028E-01  0.38214E+00  0.88243E+03  0.29661E-02  0.39232E+04  0.11101E+03  0.00000E+00  0.00000E+00  0.00000E+00  0.62899E+05  0.00000E+00  0.52875E+02  0.00000E+00  0.52875E+02  0.00000E+00  0.87611E+02  0.87611E+02  0.14049E+03
 0.11992E+01  0.00000E+00  0.00000E+00  0.92075E+01  0.39481E+02  0.92075E+01  0.23391E+04  0.00000E+00  0.92075E+01  0.92075E+01  0.93755E+01  0.93755E+01  0.17920E-01  0.40259E+00  0.88002E+03  0.36112E-02  0.40223E+04  0.11177E+03  0.00000E+00  0.00000E+00  0.00000E+00  0.70823E+05  0.00000E+00  0.52875E+02  0.00000E+00  0.52875E+02  0.00000E+00  0.97608E+02  0.97608E+02  0.15048E+03
 0.12408E+01  0.00000E+00  0.00000E+00  0.92075E+01  0.39481E+02  0.92075E+01  0.23391E+04  0.00000E+00  0.92075E+01  0.92075E+01  0.93755E+01  0.93755E+01  0.17920E-01  0.40259E+00  0.88002E+03  0.36112E-02  0.40223E+04  0.11177E+03  0.00000E+00  0.00000E+00  0.00000E+00  0.70823E+05  0.00000E+00  0.52875E+02  0.00000E+00  0.52875E+02  0.00000E+00  0.97608E+02  0.97608E+02  0.15048E+03
 0.12392E+01  0.00000E+00  0.00000E+00  0.91033E+01  0.39493E+02  0.91033E+01  0.23325E+04  0.00000E+00  0.91033E+01  0.91033E+01  0.91472E+01  0.91472E+01  0.47890E-02  0.10589E+00  0.88027E+03  0.42868E-02  0.21470E+04  0.11251E+03  0.00000E+00  0.00000E+00  0.00000E+00  0.80594E+05  0.00000E+00  0.52875E+02  0.00000E+00  0.52875E+02  0.00000E+00  0.10773E+03  0.10773E+03  0.16060E+03
 0.12808E+01  0.00000E+00  0.00000E+00  0.91033E+01  0.39493E+02  0.91033E+01  0.23325E+04  0.00000E+00  0.91033E+01  0.91033E+01  0.91472E+01  0.91472E+01  0.47890E-02  0.10589E+00  0.88027E+03  0.42868E-02  0.21470E+04  0.11251E+03  0.00000E+00  0.00000E+00  0.00000E+00  0.80594E+05  0.00000E+00  0.52875E+02  0.00000E+00  0.52875E+02  0.00000E+00  0.10773E+03  0.10773E+03  0.16060E+03
 0.12792E+01  0.00000E+00  0.00000E+00  0.89603E+01  0.39511E+02  0.89603E+01  0.23244E+04  0.00000E+00  0.89603E+01  0.89603E+01  0.90034E+01  0.90034E+01  0.47810E-02  0.10571E+00  0.88386E+03  0.50573E-02  0.21185E+04  0.11339E+03  0.00000E+00  0.00000E+00  0.00000E+00  0.94277E+05  0.00000E+00  0.52875E+02  0.00000E+00  0.52875E+02  0.00000E+00  0.11793E+03  0.11793E+03  0.17080E+03
 0.13208E+01  0.00000E+00  0.00000E+00  0.89603E+01  0.39511E+02  0.89603E+01  0.23244E+04  0.00000E+00  0.89603E+01  0.89603E+01  0.90034E+01  0.90034E+01  0.47810E-02  0.10571E+00  0.88386E+03  0.50573E-02  0.21185E+04  0.11339E+03  0.00000E+00  0.00000E+00  0.00000E+00  0.94277E+05  0.00000E+00  0.52875E+02  0.00000E+00  0.52875E+02  0.00000E+00  0.11793E+03  0.11793E+03  0.17080E+03
 0.13192E+01  0.00000E+00  0.00000E+00  0.87490E+01  0.39529E+02  0.87490E+01  0.23149E+04  0.00000E+00  0.87490E+01  0.87490E+01  0.87906E+01  0.87906E+01  0.47337E-02  0.10466E+00  0.89263E+03  0.61912E-02  0.20801E+04  0.11466E+03  0.00000E+00  0.00000E+00  0.00000E+00  0.14544E+06  0.00000E+00  0.52875E+02  0.00000E+00  0.52875E+02  0.00000E+00  0.12811E+03  0.12811E+03  0.18099E+03
 0.13608E+01  0.00000E+00  0.00000E+00  0.87490E+01  0.39529E+02  0.87490E+01  0.23149E+04  0.00000E+00  0.87490E+01  0.87490E+01  0.87906E+01  0.87906E+01  0.47337E-02  0.10466E+00  0.89263E+03  0.61912E-02  0.20801E+04  0.11466E+03  0.00000E+00  0.00000E+00  0.00000E+00  0.14544E+06  0.00000E+00  0.52875E+02  0.00000E+00  0.52875E+02  0.00000E+00  0.12811E+03  0.12811E+03  0.18099E+03
 0.13592E+01  0.00000E+00  0.00000E+00  0.83247E+01  0.39545E+02  0.83247E+01  0.23025E+04  0.00000E+00  0.83247E+01  0.83247E+01  0.84750E+01  0.84750E+01  0.17736E-01  0.39837E+00  0.90944E+03  0.76796E-02  0.37676E+04  0.11802E+03  0.00000E+00  0.00000E+00  0.00000E+00  0.32642E+06  0.00000E+00  0.52875E+02  0.00000E+00  0.52875E+02  0.00000E+00  0.13802E+03  0.13802E+03  0.19090E+03
 0.14008E+01  0.00000E+00  0.00000E+00  0.83247E+01  0.39545E+02  0.83247E+01  0.23025E+04  0.00000E+00  0.83247E+01  0.83247E+01  0.84750E+01  0.84750E+01  0.17736E-01  0.39837E+00  0.90944E+03  0.76796E-02  0.37676E+04  0.11802E+03  0.00000E+00  0.00000E+00  0.00000E+00  0.32642E+06  0.00000E+00  0.52875E+02  0.00000E+00  0.52875E+02  0.00000E+00  0.13802E+03  0.13802E+03  0.19090E+03
 0.14092E+01  0.66294E+01  0.00000E+00  0.66296E+01  0.39554E+02  0.66296E+01  0.23024E+04  0.00000E+00  0.12122E-03  0.12122E-03  0.13226E-03  0.66296E+01  0.83477E-01  0.20387E+01  0.19785E+04  0.12378E-01  0.86639E+03  0.16559E+03  0.00000E+00  0.00000E+00  0.00000E+00  0.32642E+06  0.00000E+00  0.63000E+02  0.00000E+00  0.63000E+02  0.00000E+00  0.13802E+03  0.13802E+03  0.20102E+03
 0.14508E+01  0.66294E+01  0.00000E+00  0.66296E+01  0.39554E+02  0.66296E+01  0.23024E+04  0.00000E+00  0.12122E-03  0.12122E-03  0.13226E-03  0.66296E+01  0.83477E-01  0.20387E+01  0.19785E+04  0.12378E-01  0.86639E+03  0.16559E+03  0.00000E+00  0.00000E+00  0.00000E+00  0.32642E+06  0.00000E+00  0.63000E+02  0.00000E+00  0.63000E+02  0.00000E+00  0.13802E+03  0.13802E+03  0.20102E+03
 0.14492E+01  0.64288E+01  0.00000E+00  0.64288E+01  0.39556E+02  0.64288E+01  0.29815E+03  0.00000E+00  0.00000E+00  0.00000E+00  0.00000E+00  0.64288E+01  0.00000E+00  0.17904E+01  0.16942E+04  0.00000E+00  0.00000E+00  0.00000E+00  0.00000E+00  0.00000E+00  0.00000E+00  0.37368E+06  0.00000E+00  0.73031E+02  0.00000E+00  0.73031E+02  0.00000E+00  0.13802E+03  0.13802E+03  0.21106E+03
 0.14908E+01  0.64288E+01  0.00000E+00  0.64288E+01  0.39556E+02  0.64288E+01  0.29815E+03  0.00000E+00  0.00000E+00  0.00000E+00  0.00000E+00  0.64288E+01  0.00000E+00  0.17904E+01  0.16942E+04  0.00000E+00  0.00000E+00  0.00000E+00  0.00000E+00  0.00000E+00  0.00000E+00  0.37368E+06  0.00000E+00  0.73031E+02  0.00000E+00  0.73031E+02  0.00000E+00  0.13802E+03  0.13802E+03  0.21106E+03
 0.14892E+01  0.60872E+01  0.00000E+00  0.60872E+01  0.39551E+02  0.60872E+01  0.29815E+03  0.00000E+00  0.00000E+00  0.00000E+00  0.00000E+00  0.60872E+01  0.00000E+00  0.12894E+01  0.18198E+04  0.00000E+00  0.00000E+00  0.00000E+00  0.00000E+00  0.00000E+00  0.00000E+00  0.37368E+06  0.00000E+00  0.82728E+02  0.00000E+00  0.82728E+02  0.00000E+00  0.13802E+03  0.13802E+03  0.22075E+03
 0.15308E+01  0.60872E+01  0.00000E+00  0.60872E+01  0.39551E+02  0.60872E+01  0.29815E+03  0.00000E+00  0.00000E+00  0.00000E+00  0.00000E+00  0.60872E+01  0.00000E+00  0.12894E+01  0.18198E+04  0.00000E+00  0.00000E+00  0.00000E+00  0.00000E+00  0.00000E+00  0.00000E+00  0.37368E+06  0.00000E+00  0.82728E+02  0.00000E+00  0.82728E+02  0.00000E+00  0.13802E+03  0.13802E+03  0.22075E+03
 0.15292E+01  0.52100E+01  0.00000E+00  0.52100E+01  0.39541E+02  0.52100E+01  0.29815E+03  0.00000E+00  0.00000E+00  0.00000E+00  0.00000E+00  0.52100E+01  0.00000E+00  0.13205E+01  0.15465E+04  0.00000E+00  0.00000E+00  0.00000E+00  0.00000E+00  0.00000E+00  0.00000E+00  0.37368E+06  0.00000E+00  0.91200E+02  0.00000E+00  0.91200E+02  0.00000E+00  0.13802E+03  0.13802E+03  0.22922E+03
 0.15708E+01  0.52100E+01  0.00000E+00  0.52100E+01  0.39541E+02  0.52100E+01  0.29815E+03  0.00000E+00  0.00000E+00  0.00000E+00  0.00000E+00  0.52100E+01  0.00000E+00  0.13205E+01  0.15465E+04  0.00000E+00  0.00000E+00  0.00000E+00  0.00000E+00  0.00000E+00  0.00000E+00  0.37368E+06  0.00000E+00  0.91200E+02  0.00000E+00  0.91200E+02  0.00000E+00  0.13802E+03  0.13802E+03  0.22922E+03
 0.15692E+01  0.36549E+01  0.00000E+00  0.36549E+01  0.39527E+02  0.36549E+01  0.29815E+03  0.00000E+00  0.00000E+00  0.00000E+00  0.00000E+00  0.36549E+01  0.00000E+00  0.14061E+01  0.16712E+04  0.00000E+00  0.00000E+00  0.00000E+00  0.00000E+00  0.00000E+00  0.00000E+00  0.37368E+06  0.00000E+00  0.97263E+02  0.00000E+00  0.97263E+02  0.00000E+00  0.13802E+03  0.13802E+03  0.23529E+03
 0.16108E+01  0.36549E+01  0.00000E+00  0.36549E+01  0.39527E+02  0.36549E+01  0.29815E+03  0.00000E+00  0.00000E+00  0.00000E+00  0.00000E+00  0.36549E+01  0.00000E+00  0.14061E+01  0.16712E+04  0.00000E+00  0.00000E+00  0.00000E+00  0.00000E+00  0.00000E+00  0.00000E+00  0.37368E+06  0.00000E+00  0.97263E+02  0.00000E+00  0.97263E+02  0.00000E+00  0.13802E+03  0.13802E+03  0.23529E+03
 0.16092E+01  0.32297E+01  0.00000E+00  0.32297E+01  0.39512E+02  0.32297E+01  0.29815E+03  0.00000E+00  0.00000E+00  0.00000E+00  0.00000E+00  0.32297E+01  0.00000E+00  0.13585E+01  0.15463E+04  0.00000E+00  0.00000E+00  0.00000E+00  0.00000E+00  0.00000E+00  0.00000E+00  0.37368E+06  0.00000E+00  0.10273E+03  0.00000E+00  0.10273E+03  0.00000E+00  0.13802E+03  0.13802E+03  0.24075E+03
 0.16508E+01  0.32297E+01  0.00000E+00  0.32297E+01  0.39512E+02  0.32297E+01  0.29815E+03  0.00000E+00  0.00000E+00  0.00000E+00  0.00000E+00  0.32297E+01  0.00000E+00  0.13585E+01  0.15463E+04  0.00000E+00  0.00000E+00  0.00000E+00  0.00000E+00  0.00000E+00  0.00000E+00  0.37368E+06  0.00000E+00  0.10273E+03  0.00000E+00  0.10273E+03  0.00000E+00  0.13802E+03  0.13802E+03  0.24075E+03
 0.16592E+01  0.31134E+01  0.00000E+00  0.31134E+01  0.39497E+02  0.31134E+01  0.29815E+03  0.00000E+00  0.00000E+00  0.00000E+00  0.00000E+00  0.31134E+01  0.00000E+00  0.13348E+01  0.15022E+04  0.00000E+00  0.00000E+00  0.00000E+00  0.00000E+00  0.00000E+00  0.00000E+00  0.37368E+06  0.00000E+00  0.10810E+03  0.00000E+00  0.10810E+03  0.00000E+00  0.13802E+03  0.13802E+03  0.24612E+03
 0.17008E+01  0.31134E+01  0.00000E+00  0.31134E+01  0.39497E+02  0.31134E+01  0.29815E+03  0.00000E+00  0.00000E+00  0.00000E+00  0.00000E+00  0.31134E+01  0.00000E+00  0.13348E+01  0.15022E+04  0.00000E+00  0.00000E+00  0.00000E+00  0.00000E+00  0.00000E+00  0.00000E+00  0.37368E+06  0.00000E+00  0.10810E+03  0.00000E+00  0.10810E+03  0.00000E+00  0.13802E+03  0.13802E+03  0.24612E+03
 0.16992E+01  0.30089E+01  0.00000E+00  0.30089E+01  0.39484E+02  0.30089E+01  0.29815E+03  0.00000E+00  0.00000E+00  0.00000E+00  0.00000E+00  0.30089E+01  0.00000E+00  0.13080E+01  0.14604E+04  0.00000E+00  0.00000E+00  0.00000E+00  0.00000E+00  0.00000E+00  0.00000E+00  0.37368E+06  0.00000E+00  0.11338E+03  0.00000E+00  0.11338E+03  0.00000E+00  0.13802E+03  0.13802E+03  0.25141E+03
 0.17408E+01  0.30089E+01  0.00000E+00  0.30089E+01  0.39484E+02  0.30089E+01  0.29815E+03  0.00000E+00  0.00000E+00  0.00000E+00  0.00000E+00  0.30089E+01  0.00000E+00  0.13080E+01  0.14604E+04  0.00000E+00  0.00000E+00  0.00000E+00  0.00000E+00  0.00000E+00  0.00000E+00  0.37368E+06  0.00000E+00  0.11338E+03  0.00000E+00  0.11338E+03  0.00000E+00  0.13802E+03  0.13802E+03  0.25141E+03
 0.17392E+01  0.29015E+01  0.00000E+00  0.29015E+01  0.39474E+02  0.29015E+01  0.29815E+03  0.00000E+00  0.00000E+00  0.00000E+00  0.00000E+00  0.29015E+01  0.00000E+00  0.12747E+01  0.14163E+04  0.00000E+00  0.00000E+00  0.00000E+00  0.00000E+00  0.00000E+00  0.00000E+00  0.37368E+06  0.00000E+00  0.11858E+03  0.00000E+00  0.11858E+03  0.00000E+00  0.13802E+03  0.13802E+03  0.25660E+03
 0.17808E+01  0.29015E+01  0.00000E+00  0.29015E+01  0.39474E+02  0.29015E+01  0.29815E+03  0.00000E+00  0.00000E+00  0.00000E+00  0.00000E+00  0.29015E+01  0.00000E+00  0.12747E+01  0.14163E+04  0.00000E+00  0.00000E+00  0.00000E+00  0.00000E+00  0.00000E+00  0.00000E+00  0.37368E+06  0.00000E+00  0.11858E+03  0.00000E+00  0.11858E+03  0.00000E+00  0.13802E+03  0.13802E+03  0.25660E+03
 0.17792E+01  0.27861E+01  0.00000E+00  0.27861E+01  0.39468E+02  0.27861E+01  0.29815E+03  0.00000E+00  0.00000E+00  0.00000E+00  0.00000E+00  0.27861E+01  0.00000E+00  0.12313E+01  0.13673E+04  0.00000E+00  0.00000E+00  0.00000E+00  0.00000E+00  0.00000E+00  0.00000E+00  0.37368E+06  0.00000E+00  0.12366E+03  0.00000E+00  0.12366E+03  0.00000E+00  0.13802E+03  0.13802E+03  0.26168E+03
 0.18208E+01  0.27861E+01  0.00000E+00  0.27861E+01  0.39468E+02  0.27861E+01  0.29815E+03  0.00000E+00  0.00000E+00  0.00000E+00  0.00000E+00  0.27861E+01  0.00000E+00  0.12313E+01  0.13673E+04  0.00000E+00  0.00000E+00  0.00000E+00  0.00000E+00  0.00000E+00  0.00000E+00  0.37368E+06  0.00000E+00  0.12366E+03  0.00000E+00  0.12366E+03  0.00000E+00  0.13802E+03  0.13802E+03  0.26168E+03
 0.18192E+01  0.26590E+01  0.00000E+00  0.26590E+01  0.39465E+02  0.26590E+01  0.29815E+03  0.00000E+00  0.00000E+00  0.00000E+00  0.00000E+00  0.26590E+01  0.00000E+00  0.11692E+01  0.13121E+04  0.00000E+00  0.00000E+00  0.00000E+00  0.00000E+00  0.00000E+00  0.00000E+00  0.37368E+06  0.00000E+00  0.12860E+03  0.00000E+00  0.12860E+03  0.00000E+00  0.13802E+03  0.13802E+03  0.26662E+03
 0.18608E+01  0.26590E+01  0.00000E+00  0.26590E+01  0.39465E+02  0.26590E+01  0.29815E+03  0.00000E+00  0.00000E+00  0.00000E+00  0.00000E+00  0.26590E+01  0.00000E+00  0.11692E+01  0.13121E+04  0.00000E+00  0.00000E+00  0.00000E+00  0.00000E+00  0.00000E+00  0.00000E+00  0.37368E+06  0.00000E+00  0.12860E+03  0.00000E+00  0.12860E+03  0.00000E+00  0.13802E+03  0.13802E+03  0.26662E+03
 0.18592E+01  0.25241E+01  0.00000E+00  0.25241E+01  0.39465E+02  0.25241E+01  0.29815E+03  0.00000E+00  0.00000E+00  0.00000E+00  0.00000E+00  0.25241E+01  0.00000E+00  0.10833E+01  0.12581E+04  0.00000E+00  0.00000E+00  0.00000E+00  0.00000E+00  0.00000E+00  0.00000E+00  0.37368E+06  0.00000E+00  0.13336E+03  0.00000E+00  0.13336E+03  0.00000E+00  0.13802E+03  0.13802E+03  0.27139E+03
 0.19008E+01  0.25241E+01  0.00000E+00  0.25241E+01  0.39465E+02  0.25241E+01  0.29815E+03  0.00000E+00  0.00000E+00  0.00000E+00  0.00000E+00  0.25241E+01  0.00000E+00  0.10833E+01  0.12581E+04  0.00000E+00  0.00000E+00  0.00000E+00  0.00000E+00  0.00000E+00  0.00000E+00  0.37368E+06  0.00000E+00  0.13336E+03  0.00000E+00  0.13336E+03  0.00000E+00  0.13802E+03  0.13802E+03  0.27139E+03
 0.19092E+01  0.23838E+01  0.00000E+00  0.23838E+01  0.39468E+02  0.23838E+01  0.29815E+03  0.00000E+00  0.00000E+00  0.00000E+00  0.00000E+00  0.23838E+01  0.00000E+00  0.96507E+00  0.12136E+04  0.00000E+00  0.00000E+00  0.00000E+00  0.00000E+00  0.00000E+00  0.00000E+00  0.37368E+06  0.00000E+00  0.13795E+03  0.00000E+00  0.13795E+03  0.00000E+00  0.13802E+03  0.13802E+03  0.27597E+03
 0.19508E+01  0.23838E+01  0.00000E+00  0.23838E+01  0.39468E+02  0.23838E+01  0.29815E+03  0.00000E+00  0.00000E+00  0.00000E+00  0.00000E+00  0.23838E+01  0.00000E+00  0.96507E+00  0.12136E+04  0.00000E+00  0.00000E+00  0.00000E+00  0.00000E+00  0.00000E+00  0.00000E+00  0.37368E+06  0.00000E+00  0.13795E+03  0.00000E+00  0.13795E+03  0.00000E+00  0.13802E+03  0.13802E+03  0.27597E+03
 0.19492E+01  0.22417E+01  0.00000E+00  0.22417E+01  0.39474E+02  0.22417E+01  0.29815E+03  0.00000E+00  0.00000E+00  0.00000E+00  0.00000E+00  0.22417E+01  0.00000E+00  0.80588E+00  0.11848E+04  0.00000E+00  0.00000E+00  0.00000E+00  0.00000E+00  0.00000E+00  0.00000E+00  0.37368E+06  0.00000E+00  0.14233E+03  0.00000E+00  0.14233E+03  0.00000E+00  0.13802E+03  0.13802E+03  0.28035E+03
 0.19908E+01  0.22417E+01  0.00000E+00  0.22417E+01  0.39474E+02  0.22417E+01  0.29815E+03  0.00000E+00  0.00000E+00  0.00000E+00  0.00000E+00  0.22417E+01  0.00000E+00  0.80588E+00  0.11848E+04  0.00000E+00  0.00000E+00  0.00000E+00  0.00000E+00  0.00000E+00  0.00000E+00  0.37368E+06  0.00000E+00  0.14233E+03  0.00000E+00  0.14233E+03  0.00000E+00  0.13802E+03  0.13802E+03  0.28035E+03
 0.19892E+01  0.21083E+01  0.00000E+00  0.21083E+01  0.39482E+02  0.21083E+01  0.29815E+03  0.00000E+00  0.00000E+00  0.00000E+00  0.00000E+00  0.21083E+01  0.00000E+00  0.95950E-01  0.15703E+04  0.00000E+00  0.00000E+00  0.00000E+00  0.00000E+00  0.00000E+00  0.00000E+00  0.37368E+06  0.00000E+00  0.14652E+03  0.00000E+00  0.14652E+03  0.00000E+00  0.13802E+03  0.13802E+03  0.28454E+03
 0.20308E+01  0.21083E+01  0.00000E+00  0.21083E+01  0.39482E+02  0.21083E+01  0.29815E+03  0.00000E+00  0.00000E+00  0.00000E+00  0.00000E+00  0.21083E+01  0.00000E+00  0.95950E-01  0.15703E+04  0.00000E+00  0.00000E+00  0.00000E+00  0.00000E+00  0.00000E+00  0.00000E+00  0.37368E+06  0.00000E+00  0.14652E+03  0.00000E+00  0.14652E+03  0.00000E+00  0.13802E+03  0.13802E+03  0.28454E+03
 0.20292E+01  0.19810E+01  0.00000E+00  0.19810E+01  0.39492E+02  0.19810E+01  0.29815E+03  0.00000E+00  0.00000E+00  0.00000E+00  0.00000E+00  0.19810E+01  0.00000E+00  0.94790E-01  0.15263E+04  0.00000E+00  0.00000E+00  0.00000E+00  0.00000E+00  0.00000E+00  0.00000E+00  0.37368E+06  0.00000E+00  0.15052E+03  0.00000E+00  0.15052E+03  0.00000E+00  0.13802E+03  0.13802E+03  0.28855E+03
 0.20708E+01  0.19810E+01  0.00000E+00  0.19810E+01  0.39492E+02  0.19810E+01  0.29815E+03  0.00000E+00  0.00000E+00  0.00000E+00  0.00000E+00  0.19810E+01  0.00000E+00  0.94790E-01  0.15263E+04  0.00000E+00  0.00000E+00  0.00000E+00  0.00000E+00  0.00000E+00  0.00000E+00  0.37368E+06  0.00000E+00  0.15052E+03  0.00000E+00  0.15052E+03  0.00000E+00  0.13802E+03  0.13802E+03  0.28855E+03
 0.20692E+01  0.18526E+01  0.00000E+00  0.18526E+01  0.39505E+02  0.18526E+01  0.29815E+03  0.00000E+00  0.00000E+00  0.00000E+00  0.00000E+00  0.18526E+01  0.00000E+00  0.93573E-01  0.14764E+04  0.00000E+00  0.00000E+00  0.00000E+00  0.00000E+00  0.00000E+00  0.00000E+00  0.37368E+06  0.00000E+00  0.15433E+03  0.00000E+00  0.15433E+03  0.00000E+00  0.13802E+03  0.13802E+03  0.29235E+03
 0.21108E+01  0.18526E+01  0.00000E+00  0.18526E+01  0.39505E+02  0.18526E+01  0.29815E+03  0.00000E+00  0.00000E+00  0.00000E+00  0.00000E+00  0.18526E+01  0.00000E+00  0.93573E-01  0.14764E+04  0.00000E+00  0.00000E+00  0.00000E+00  0.00000E+00  0.00000E+00  0.00000E+00  0.37368E+06  0.00000E+00  0.15433E+03  0.00000E+00  0.15433E+03  0.00000E+00  0.13802E+03  0.13802E+03  0.29235E+03
 0.21092E+01  0.16949E+01  0.00000E+00  0.16949E+01  0.39520E+02  0.16949E+01  0.29815E+03  0.00000E+00  0.00000E+00  0.00000E+00  0.00000E+00  0.16949E+01  0.00000E+00  0.91860E-01  0.14061E+04  0.00000E+00  0.00000E+00  0.00000E+00  0.00000E+00  0.00000E+00  0.00000E+00  0.37368E+06  0.00000E+00  0.15786E+03  0.00000E+00  0.15786E+03  0.00000E+00  0.13802E+03  0.13802E+03  0.29589E+03
 0.21508E+01  0.16949E+01  0.00000E+00  0.16949E+01  0.39520E+02  0.16949E+01  0.29815E+03  0.00000E+00  0.00000E+00  0.00000E+00  0.00000E+00  0.16949E+01  0.00000E+00  0.91860E-01  0.14061E+04  0.00000E+00  0.00000E+00  0.00000E+00  0.00000E+00  0.00000E+00  0.00000E+00  0.37368E+06  0.00000E+00  0.15786E+03  0.00000E+00  0.15786E+03  0.00000E+00  0.13802E+03  0.13802E+03  0.29589E+03
 0.21492E+01  0.14219E+01  0.00000E+00  0.14219E+01  0.39537E+02  0.14219E+01  0.29815E+03  0.00000E+00  0.00000E+00  0.00000E+00  0.00000E+00  0.14219E+01  0.00000E+00  0.88045E-01  0.12550E+04  0.00000E+00  0.00000E+00  0.00000E+00  0.00000E+00  0.00000E+00  0.00000E+00  0.37368E+06  0.00000E+00  0.16088E+03  0.00000E+00  0.16088E+03  0.00000E+00  0.13802E+03  0.13802E+03  0.29890E+03
 0.21908E+01  0.14219E+01  0.00000E+00  0.14219E+01  0.39537E+02  0.14219E+01  0.29815E+03  0.00000E+00  0.00000E+00  0.00000E+00  0.00000E+00  0.14219E+01  0.00000E+00  0.88045E-01  0.12550E+04  0.00000E+00  0.00000E+00  0.00000E+00  0.00000E+00  0.00000E+00  0.00000E+00  0.37368E+06  0.00000E+00  0.16088E+03  0.00000E+00  0.16088E+03  0.00000E+00  0.13802E+03  0.13802E+03  0.29890E+03
 0.21992E+01  0.47525E+00  0.00000E+00  0.47525E+00  0.39557E+02  0.47525E+00  0.29815E+03  0.00000E+00  0.00000E+00  0.00000E+00  0.00000E+00  0.47525E+00  0.00000E+00  0.00000E+00  0.38507E+03  0.00000E+00  0.00000E+00  0.00000E+00  0.00000E+00  0.00000E+00  0.00000E+00  0.37368E+06  0.00000E+00  0.16190E+03  0.00000E+00  0.16190E+03  0.00000E+00  0.13802E+03  0.13802E+03  0.29992E+03
 0.22408E+01  0.47525E+00  0.00000E+00  0.47525E+00  0.39557E+02  0.47525E+00  0.29815E+03  0.00000E+00  0.00000E+00  0.00000E+00  0.00000E+00  0.47525E+00  0.00000E+00  0.00000E+00  0.38507E+03  0.00000E+00  0.00000E+00  0.00000E+00  0.00000E+00  0.00000E+00  0.00000E+00  0.37368E+06  0.00000E+00  0.16190E+03  0.00000E+00  0.16190E+03  0.00000E+00  0.13802E+03  0.13802E+03  0.29992E+03
 0.22392E+01  0.34837E-03  0.00000E+00  0.34837E-03  0.39578E+02  0.34837E-03  0.29815E+03  0.00000E+00  0.00000E+00  0.00000E+00  0.00000E+00  0.34837E-03  0.00000E+00  0.00000E+00  0.34252E+03  0.00000E+00  0.00000E+00  0.00000E+00  0.00000E+00  0.00000E+00  0.00000E+00  0.37368E+06  0.00000E+00  0.16190E+03  0.00000E+00  0.16190E+03  0.00000E+00  0.13802E+03  0.13802E+03  0.29992E+03
 0.22808E+01  0.34837E-03  0.00000E+00  0.34837E-03  0.39578E+02  0.34837E-03  0.29815E+03  0.00000E+00  0.00000E+00  0.00000E+00  0.00000E+00  0.34837E-03  0.00000E+00  0.00000E+00  0.34252E+03  0.00000E+00  0.00000E+00  0.00000E+00  0.00000E+00  0.00000E+00  0.00000E+00  0.37368E+06  0.00000E+00  0.16190E+03  0.00000E+00  0.16190E+03  0.00000E+00  0.13802E+03  0.13802E+03  0.29992E+03
 0.22792E+01  0.00000E+00  0.00000E+00  0.00000E+00  0.39601E+02  0.00000E+00  0.29815E+03  0.00000E+00  0.00000E+00  0.00000E+00  0.00000E+00  0.00000E+00  0.00000E+00  0.00000E+00  0.33600E+03  0.00000E+00  0.00000E+00  0.00000E+00  0.00000E+00  0.00000E+00  0.00000E+00  0.12344E+06  0.00000E+00  0.16190E+03  0.00000E+00  0.16190E+03  0.00000E+00  0.13802E+03  0.13802E+03  0.29992E+03
 0.23208E+01  0.00000E+00  0.00000E+00  0.00000E+00  0.39601E+02  0.00000E+00  0.29815E+03  0.00000E+00  0.00000E+00  0.00000E+00  0.00000E+00  0.00000E+00  0.00000E+00  0.00000E+00  0.33600E+03  0.00000E+00  0.00000E+00  0.00000E+00  0.00000E+00  0.00000E+00  0.00000E+00  0.12344E+06  0.00000E+00  0.16190E+03  0.00000E+00  0.16190E+03  0.00000E+00  0.13802E+03  0.13802E+03  0.29992E+03
 0.23192E+01  0.00000E+00  0.00000E+00  0.00000E+00  0.39627E+02  0.00000E+00  0.29815E+03  0.00000E+00  0.00000E+00  0.00000E+00  0.00000E+00  0.00000E+00  0.00000E+00  0.00000E+00  0.33600E+03  0.00000E+00  0.00000E+00  0.00000E+00  0.00000E+00  0.00000E+00  0.00000E+00  0.12344E+06  0.00000E+00  0.16190E+03  0.00000E+00  0.16190E+03  0.00000E+00  0.13802E+03  0.13802E+03  0.29992E+03
 0.23608E+01  0.00000E+00  0.00000E+00  0.00000E+00  0.39627E+02  0.00000E+00  0.29815E+03  0.00000E+00  0.00000E+00  0.00000E+00  0.00000E+00  0.00000E+00  0.00000E+00  0.00000E+00  0.33600E+03  0.00000E+00  0.00000E+00  0.00000E+00  0.00000E+00  0.00000E+00  0.00000E+00  0.12344E+06  0.00000E+00  0.16190E+03  0.00000E+00  0.16190E+03  0.00000E+00  0.13802E+03  0.13802E+03  0.29992E+03
 0.23592E+01  0.00000E+00  0.00000E+00  0.00000E+00  0.39654E+02  0.00000E+00  0.29815E+03  0.00000E+00  0.00000E+00  0.00000E+00  0.00000E+00  0.00000E+00  0.00000E+00  0.00000E+00  0.33600E+03  0.00000E+00  0.00000E+00  0.00000E+00  0.00000E+00  0.00000E+00  0.00000E+00  0.12344E+06  0.00000E+00  0.16190E+03  0.00000E+00  0.16190E+03  0.00000E+00  0.13802E+03  0.13802E+03  0.29992E+03
 0.24008E+01  0.00000E+00  0.00000E+00  0.00000E+00  0.39654E+02  0.00000E+00  0.29815E+03  0.00000E+00  0.00000E+00  0.00000E+00  0.00000E+00  0.00000E+00  0.00000E+00  0.00000E+00  0.33600E+03  0.00000E+00  0.00000E+00  0.00000E+00  0.00000E+00  0.00000E+00  0.00000E+00  0.12344E+06  0.00000E+00  0.16190E+03  0.00000E+00  0.16190E+03  0.00000E+00  0.13802E+03  0.13802E+03  0.29992E+03
 0.23992E+01  0.00000E+00  0.00000E+00  0.00000E+00  0.39682E+02  0.00000E+00  0.29815E+03  0.00000E+00  0.00000E+00  0.00000E+00  0.00000E+00  0.00000E+00  0.00000E+00  0.00000E+00  0.33600E+03  0.00000E+00  0.00000E+00  0.00000E+00  0.00000E+00  0.00000E+00  0.00000E+00  0.12344E+06  0.00000E+00  0.16190E+03  0.00000E+00  0.16190E+03  0.00000E+00  0.13802E+03  0.13802E+03  0.29992E+03
 0.24408E+01  0.00000E+00  0.00000E+00  0.00000E+00  0.39682E+02  0.00000E+00  0.29815E+03  0.00000E+00  0.00000E+00  0.00000E+00  0.00000E+00  0.00000E+00  0.00000E+00  0.00000E+00  0.33600E+03  0.00000E+00  0.00000E+00  0.00000E+00  0.00000E+00  0.00000E+00  0.00000E+00  0.12344E+06  0.00000E+00  0.16190E+03  0.00000E+00  0.16190E+03  0.00000E+00  0.13802E+03  0.13802E+03  0.29992E+03
 0.24492E+01  0.00000E+00  0.00000E+00  0.00000E+00  0.39712E+02  0.00000E+00  0.29815E+03  0.00000E+00  0.00000E+00  0.00000E+00  0.00000E+00  0.00000E+00  0.00000E+00  0.00000E+00  0.33600E+03  0.00000E+00  0.00000E+00  0.00000E+00  0.00000E+00  0.00000E+00  0.00000E+00  0.12344E+06  0.00000E+00  0.16190E+03  0.00000E+00  0.16190E+03  0.00000E+00  0.13802E+03  0.13802E+03  0.29992E+03
 0.24908E+01  0.00000E+00  0.00000E+00  0.00000E+00  0.39712E+02  0.00000E+00  0.29815E+03  0.00000E+00  0.00000E+00  0.00000E+00  0.00000E+00  0.00000E+00  0.00000E+00  0.00000E+00  0.33600E+03  0.00000E+00  0.00000E+00  0.00000E+00  0.00000E+00  0.00000E+00  0.00000E+00  0.12344E+06  0.00000E+00  0.16190E+03  0.00000E+00  0.16190E+03  0.00000E+00  0.13802E+03  0.13802E+03  0.29992E+03
 0.24892E+01  0.00000E+00  0.00000E+00  0.00000E+00  0.39743E+02  0.00000E+00  0.29815E+03  0.00000E+00  0.00000E+00  0.00000E+00  0.00000E+00  0.00000E+00  0.00000E+00  0.00000E+00  0.33600E+03  0.00000E+00  0.00000E+00  0.00000E+00  0.00000E+00  0.00000E+00  0.00000E+00  0.12344E+06  0.00000E+00  0.16190E+03  0.00000E+00  0.16190E+03  0.00000E+00  0.13802E+03  0.13802E+03  0.29992E+03
 0.25308E+01  0.00000E+00  0.00000E+00  0.00000E+00  0.39743E+02  0.00000E+00  0.29815E+03  0.00000E+00  0.00000E+00  0.00000E+00  0.00000E+00  0.00000E+00  0.00000E+00  0.00000E+00  0.33600E+03  0.00000E+00  0.00000E+00  0.00000E+00  0.00000E+00  0.00000E+00  0.00000E+00  0.12344E+06  0.00000E+00  0.16190E+03  0.00000E+00  0.16190E+03  0.00000E+00  0.13802E+03  0.13802E+03  0.29992E+03
 0.25292E+01  0.00000E+00  0.00000E+00  0.00000E+00  0.39774E+02  0.00000E+00  0.29815E+03  0.00000E+00  0.00000E+00  0.00000E+00  0.00000E+00  0.00000E+00  0.00000E+00  0.00000E+00  0.33600E+03  0.00000E+00  0.00000E+00  0.00000E+00  0.00000E+00  0.00000E+00  0.00000E+00  0.12344E+06  0.00000E+00  0.16190E+03  0.00000E+00  0.16190E+03  0.00000E+00  0.13802E+03  0.13802E+03  0.29992E+03
 0.25708E+01  0.00000E+00  0.00000E+00  0.00000E+00  0.39774E+02  0.00000E+00  0.29815E+03  0.00000E+00  0.00000E+00  0.00000E+00  0.00000E+00  0.00000E+00  0.00000E+00  0.00000E+00  0.33600E+03  0.00000E+00  0.00000E+00  0.00000E+00  0.00000E+00  0.00000E+00  0.00000E+00  0.12344E+06  0.00000E+00  0.16190E+03  0.00000E+00  0.16190E+03  0.00000E+00  0.13802E+03  0.13802E+03  0.29992E+03
 0.25692E+01  0.00000E+00  0.00000E+00  0.00000E+00  0.39807E+02  0.00000E+00  0.29815E+03  0.00000E+00  0.00000E+00  0.00000E+00  0.00000E+00  0.00000E+00  0.00000E+00  0.00000E+00  0.33600E+03  0.00000E+00  0.00000E+00  0.00000E+00  0.00000E+00  0.00000E+00  0.00000E+00  0.12344E+06  0.00000E+00  0.16190E+03  0.00000E+00  0.16190E+03  0.00000E+00  0.13802E+03  0.13802E+03  0.29992E+03
 0.26108E+01  0.00000E+00  0.00000E+00  0.00000E+00  0.39807E+02  0.00000E+00  0.29815E+03  0.00000E+00  0.00000E+00  0.00000E+00  0.00000E+00  0.00000E+00  0.00000E+00  0.00000E+00  0.33600E+03  0.00000E+00  0.00000E+00  0.00000E+00  0.00000E+00  0.00000E+00  0.00000E+00  0.12344E+06  0.00000E+00  0.16190E+03  0.00000E+00  0.16190E+03  0.00000E+00  0.13802E+03  0.13802E+03  0.29992E+03
 0.26092E+01  0.00000E+00  0.00000E+00  0.00000E+00  0.39839E+02  0.00000E+00  0.29815E+03  0.00000E+00  0.00000E+00  0.00000E+00  0.00000E+00  0.00000E+00  0.00000E+00  0.00000E+00  0.33600E+03  0.00000E+00  0.00000E+00  0.00000E+00  0.00000E+00  0.00000E+00  0.00000E+00  0.12344E+06  0.00000E+00  0.16190E+03  0.00000E+00  0.16190E+03  0.00000E+00  0.13802E+03  0.13802E+03  0.29992E+03
 0.26508E+01  0.00000E+00  0.00000E+00  0.00000E+00  0.39839E+02  0.00000E+00  0.29815E+03  0.00000E+00  0.00000E+00  0.00000E+00  0.00000E+00  0.00000E+00  0.00000E+00  0.00000E+00  0.33600E+03  0.00000E+00  0.00000E+00  0.00000E+00  0.00000E+00  0.00000E+00  0.00000E+00  0.12344E+06  0.00000E+00  0.16190E+03  0.00000E+00  0.16190E+03  0.00000E+00  0.13802E+03  0.13802E+03  0.29992E+03
 0.26492E+01  0.00000E+00  0.00000E+00  0.00000E+00  0.39872E+02  0.00000E+00  0.29815E+03  0.00000E+00  0.00000E+00  0.00000E+00  0.00000E+00  0.00000E+00  0.00000E+00  0.00000E+00  0.33600E+03  0.00000E+00  0.00000E+00  0.00000E+00  0.00000E+00  0.00000E+00  0.00000E+00  0.12344E+06  0.00000E+00  0.16190E+03  0.00000E+00  0.16190E+03  0.00000E+00  0.13802E+03  0.13802E+03  0.29992E+03
 0.26908E+01  0.00000E+00  0.00000E+00  0.00000E+00  0.39872E+02  0.00000E+00  0.29815E+03  0.00000E+00  0.00000E+00  0.00000E+00  0.00000E+00  0.00000E+00  0.00000E+00  0.00000E+00  0.33600E+03  0.00000E+00  0.00000E+00  0.00000E+00  0.00000E+00  0.00000E+00  0.00000E+00  0.12344E+06  0.00000E+00  0.16190E+03  0.00000E+00  0.16190E+03  0.00000E+00  0.13802E+03  0.13802E+03  0.29992E+03
 0.26992E+01  0.00000E+00  0.00000E+00  0.00000E+00  0.39905E+02  0.00000E+00  0.29815E+03  0.00000E+00  0.00000E+00  0.00000E+00  0.00000E+00  0.00000E+00  0.00000E+00  0.00000E+00  0.33600E+03  0.00000E+00  0.00000E+00  0.00000E+00  0.00000E+00  0.00000E+00  0.00000E+00  0.12344E+06  0.00000E+00  0.16190E+03  0.00000E+00  0.16190E+03  0.00000E+00  0.13802E+03  0.13802E+03  0.29992E+03
 0.27408E+01  0.00000E+00  0.00000E+00  0.00000E+00  0.39905E+02  0.00000E+00  0.29815E+03  0.00000E+00  0.00000E+00  0.00000E+00  0.00000E+00  0.00000E+00  0.00000E+00  0.00000E+00  0.33600E+03  0.00000E+00  0.00000E+00  0.00000E+00  0.00000E+00  0.00000E+00  0.00000E+00  0.12344E+06  0.00000E+00  0.16190E+03  0.00000E+00  0.16190E+03  0.00000E+00  0.13802E+03  0.13802E+03  0.29992E+03
 0.27392E+01  0.00000E+00  0.00000E+00  0.00000E+00  0.39937E+02  0.00000E+00  0.29815E+03  0.00000E+00  0.00000E+00  0.00000E+00  0.00000E+00  0.00000E+00  0.00000E+00  0.00000E+00  0.33600E+03  0.00000E+00  0.00000E+00  0.00000E+00  0.00000E+00  0.00000E+00  0.00000E+00  0.12344E+06  0.00000E+00  0.16190E+03  0.00000E+00  0.16190E+03  0.00000E+00  0.13802E+03  0.13802E+03  0.29992E+03
 0.27808E+01  0.00000E+00  0.00000E+00  0.00000E+00  0.39937E+02  0.00000E+00  0.29815E+03  0.00000E+00  0.00000E+00  0.00000E+00  0.00000E+00  0.00000E+00  0.00000E+00  0.00000E+00  0.33600E+03  0.00000E+00  0.00000E+00  0.00000E+00  0.00000E+00  0.00000E+00  0.00000E+00  0.12344E+06  0.00000E+00  0.16190E+03  0.00000E+00  0.16190E+03  0.00000E+00  0.13802E+03  0.13802E+03  0.29992E+03
 0.27792E+01  0.00000E+00  0.00000E+00  0.00000E+00  0.39968E+02  0.00000E+00  0.29815E+03  0.00000E+00  0.00000E+00  0.00000E+00  0.00000E+00  0.00000E+00  0.00000E+00  0.00000E+00  0.33600E+03  0.00000E+00  0.00000E+00  0.00000E+00  0.00000E+00  0.00000E+00  0.00000E+00  0.12344E+06  0.00000E+00  0.16190E+03  0.00000E+00  0.16190E+03  0.00000E+00  0.13802E+03  0.13802E+03  0.29992E+03
 0.28208E+01  0.00000E+00  0.00000E+00  0.00000E+00  0.39968E+02  0.00000E+00  0.29815E+03  0.00000E+00  0.00000E+00  0.00000E+00  0.00000E+00  0.00000E+00  0.00000E+00  0.00000E+00  0.33600E+03  0.00000E+00  0.00000E+00  0.00000E+00  0.00000E+00  0.00000E+00  0.00000E+00  0.12344E+06  0.00000E+00  0.16190E+03  0.00000E+00  0.16190E+03  0.00000E+00  0.13802E+03  0.13802E+03  0.29992E+03
 0.28192E+01  0.00000E+00  0.00000E+00  0.00000E+00  0.39997E+02  0.00000E+00  0.29815E+03  0.00000E+00  0.00000E+00  0.00000E+00  0.00000E+00  0.00000E+00  0.00000E+00  0.00000E+00  0.33600E+03  0.00000E+00  0.00000E+00  0.00000E+00  0.00000E+00  0.00000E+00  0.00000E+00  0.12344E+06  0.00000E+00  0.16190E+03  0.00000E+00  0.16190E+03  0.00000E+00  0.13802E+03  0.13802E+03  0.29992E+03
 0.28608E+01  0.00000E+00  0.00000E+00  0.00000E+00  0.39997E+02  0.00000E+00  0.29815E+03  0.00000E+00  0.00000E+00  0.00000E+00  0.00000E+00  0.00000E+00  0.00000E+00  0.00000E+00  0.33600E+03  0.00000E+00  0.00000E+00  0.00000E+00  0.00000E+00  0.00000E+00  0.00000E+00  0.12344E+06  0.00000E+00  0.16190E+03  0.00000E+00  0.16190E+03  0.00000E+00  0.13802E+03  0.13802E+03  0.29992E+03
 0.28592E+01  0.00000E+00  0.00000E+00  0.00000E+00  0.40026E+02  0.00000E+00  0.29815E+03  0.00000E+00  0.00000E+00  0.00000E+00  0.00000E+00  0.00000E+00  0.00000E+00  0.00000E+00  0.33600E+03  0.00000E+00  0.00000E+00  0.00000E+00  0.00000E+00  0.00000E+00  0.00000E+00  0.12344E+06  0.00000E+00  0.16190E+03  0.00000E+00  0.16190E+03  0.00000E+00  0.13802E+03  0.13802E+03  0.29992E+03
 0.29008E+01  0.00000E+00  0.00000E+00  0.00000E+00  0.40026E+02  0.00000E+00  0.29815E+03  0.00000E+00  0.00000E+00  0.00000E+00  0.00000E+00  0.00000E+00  0.00000E+00  0.00000E+00  0.33600E+03  0.00000E+00  0.00000E+00  0.00000E+00  0.00000E+00  0.00000E+00  0.00000E+00  0.12344E+06  0.00000E+00  0.16190E+03  0.00000E+00  0.16190E+03  0.00000E+00  0.13802E+03  0.13802E+03  0.29992E+03
 0.28992E+01  0.00000E+00  0.00000E+00  0.00000E+00  0.40053E+02  0.00000E+00  0.29815E+03  0.00000E+00  0.00000E+00  0.00000E+00  0.00000E+00  0.00000E+00  0.00000E+00  0.00000E+00  0.33600E+03  0.00000E+00  0.00000E+00  0.00000E+00  0.00000E+00  0.00000E+00  0.00000E+00  0.12344E+06  0.00000E+00  0.16190E+03  0.00000E+00  0.16190E+03  0.00000E+00  0.13802E+03  0.13802E+03  0.29992E+03
 0.29408E+01  0.00000E+00  0.00000E+00  0.00000E+00  0.40053E+02  0.00000E+00  0.29815E+03  0.00000E+00  0.00000E+00  0.00000E+00  0.00000E+00  0.00000E+00  0.00000E+00  0.00000E+00  0.33600E+03  0.00000E+00  0.00000E+00  0.00000E+00  0.00000E+00  0.00000E+00  0.00000E+00  0.12344E+06  0.00000E+00  0.16190E+03  0.00000E+00  0.16190E+03  0.00000E+00  0.13802E+03  0.13802E+03  0.29992E+03
 0.29392E+01  0.00000E+00  0.00000E+00  0.00000E+00  0.40079E+02  0.00000E+00  0.29815E+03  0.00000E+00  0.00000E+00  0.00000E+00  0.00000E+00  0.00000E+00  0.00000E+00  0.00000E+00  0.33600E+03  0.00000E+00  0.00000E+00  0.00000E+00  0.00000E+00  0.00000E+00  0.00000E+00  0.12344E+06  0.00000E+00  0.16190E+03  0.00000E+00  0.16190E+03  0.00000E+00  0.13802E+03  0.13802E+03  0.29992E+03
 0.29808E+01  0.00000E+00  0.00000E+00  0.00000E+00  0.40079E+02  0.00000E+00  0.29815E+03  0.00000E+00  0.00000E+00  0.00000E+00  0.00000E+00  0.00000E+00  0.00000E+00  0.00000E+00  0.33600E+03  0.00000E+00  0.00000E+00  0.00000E+00  0.00000E+00  0.00000E+00  0.00000E+00  0.12344E+06  0.00000E+00  0.16190E+03  0.00000E+00  0.16190E+03  0.00000E+00  0.13802E+03  0.13802E+03  0.29992E+03
 0.29892E+01  0.00000E+00  0.00000E+00  0.00000E+00  0.40103E+02  0.00000E+00  0.29815E+03  0.00000E+00  0.00000E+00  0.00000E+00  0.00000E+00  0.00000E+00  0.00000E+00  0.00000E+00  0.33600E+03  0.00000E+00  0.00000E+00  0.00000E+00  0.00000E+00  0.00000E+00  0.00000E+00  0.12344E+06  0.00000E+00  0.16190E+03  0.00000E+00  0.16190E+03  0.00000E+00  0.13802E+03  0.13802E+03  0.29992E+03
 0.30308E+01  0.00000E+00  0.00000E+00  0.00000E+00  0.40103E+02  0.00000E+00  0.29815E+03  0.00000E+00  0.00000E+00  0.00000E+00  0.00000E+00  0.00000E+00  0.00000E+00  0.00000E+00  0.33600E+03  0.00000E+00  0.00000E+00  0.00000E+00  0.00000E+00  0.00000E+00  0.00000E+00  0.12344E+06  0.00000E+00  0.16190E+03  0.00000E+00  0.16190E+03  0.00000E+00  0.13802E+03  0.13802E+03  0.29992E+03
 0.30292E+01  0.00000E+00  0.00000E+00  0.00000E+00  0.40126E+02  0.00000E+00  0.29815E+03  0.00000E+00  0.00000E+00  0.00000E+00  0.00000E+00  0.00000E+00  0.00000E+00  0.00000E+00  0.33600E+03  0.00000E+00  0.00000E+00  0.00000E+00  0.00000E+00  0.00000E+00  0.00000E+00  0.12344E+06  0.00000E+00  0.16190E+03  0.00000E+00  0.16190E+03  0.00000E+00  0.13802E+03  0.13802E+03  0.29992E+03
 0.30708E+01  0.00000E+00  0.00000E+00  0.00000E+00  0.40126E+02  0.00000E+00  0.29815E+03  0.00000E+00  0.00000E+00  0.00000E+00  0.00000E+00  0.00000E+00  0.00000E+00  0.00000E+00  0.33600E+03  0.00000E+00  0.00000E+00  0.00000E+00  0.00000E+00  0.00000E+00  0.00000E+00  0.12344E+06  0.00000E+00  0.16190E+03  0.00000E+00  0.16190E+03  0.00000E+00  0.13802E+03  0.13802E+03  0.29992E+03
 0.30692E+01  0.00000E+00  0.00000E+00  0.00000E+00  0.40149E+02  0.00000E+00  0.29815E+03  0.00000E+00  0.00000E+00  0.00000E+00  0.00000E+00  0.00000E+00  0.00000E+00  0.00000E+00  0.33600E+03  0.00000E+00  0.00000E+00  0.00000E+00  0.00000E+00  0.00000E+00  0.00000E+00  0.12344E+06  0.00000E+00  0.16190E+03  0.00000E+00  0.16190E+03  0.00000E+00  0.13802E+03  0.13802E+03  0.29992E+03
 0.31108E+01  0.00000E+00  0.00000E+00  0.00000E+00  0.40149E+02  0.00000E+00  0.29815E+03  0.00000E+00  0.00000E+00  0.00000E+00  0.00000E+00  0.00000E+00  0.00000E+00  0.00000E+00  0.33600E+03  0.00000E+00  0.00000E+00  0.00000E+00  0.00000E+00  0.00000E+00  0.00000E+00  0.12344E+06  0.00000E+00  0.16190E+03  0.00000E+00  0.16190E+03  0.00000E+00  0.13802E+03  0.13802E+03  0.29992E+03
 0.31092E+01  0.00000E+00  0.00000E+00  0.00000E+00  0.40171E+02  0.00000E+00  0.29815E+03  0.00000E+00  0.00000E+00  0.00000E+00  0.00000E+00  0.00000E+00  0.00000E+00  0.00000E+00  0.33600E+03  0.00000E+00  0.00000E+00  0.00000E+00  0.00000E+00  0.00000E+00  0.00000E+00  0.12344E+06  0.00000E+00  0.16190E+03  0.00000E+00  0.16190E+03  0.00000E+00  0.13802E+03  0.13802E+03  0.29992E+03
 0.31508E+01  0.00000E+00  0.00000E+00  0.00000E+00  0.40171E+02  0.00000E+00  0.29815E+03  0.00000E+00  0.00000E+00  0.00000E+00  0.00000E+00  0.00000E+00  0.00000E+00  0.00000E+00  0.33600E+03  0.00000E+00  0.00000E+00  0.00000E+00  0.00000E+00  0.00000E+00  0.00000E+00  0.12344E+06  0.00000E+00  0.16190E+03  0.00000E+00  0.16190E+03  0.00000E+00  0.13802E+03  0.13802E+03  0.29992E+03
 0.31492E+01  0.00000E+00  0.00000E+00  0.00000E+00  0.40193E+02  0.00000E+00  0.29815E+03  0.00000E+00  0.00000E+00  0.00000E+00  0.00000E+00  0.00000E+00  0.00000E+00  0.00000E+00  0.33600E+03  0.00000E+00  0.00000E+00  0.00000E+00  0.00000E+00  0.00000E+00  0.00000E+00  0.12344E+06  0.00000E+00  0.16190E+03  0.00000E+00  0.16190E+03  0.00000E+00  0.13802E+03  0.13802E+03  0.29992E+03
 0.31908E+01  0.00000E+00  0.00000E+00  0.00000E+00  0.40193E+02  0.00000E+00  0.29815E+03  0.00000E+00  0.00000E+00  0.00000E+00  0.00000E+00  0.00000E+00  0.00000E+00  0.00000E+00  0.33600E+03  0.00000E+00  0.00000E+00  0.00000E+00  0.00000E+00  0.00000E+00  0.00000E+00  0.12344E+06  0.00000E+00  0.16190E+03  0.00000E+00  0.16190E+03  0.00000E+00  0.13802E+03  0.13802E+03  0.29992E+03
 0.31892E+01  0.00000E+00  0.00000E+00  0.00000E+00  0.40215E+02  0.00000E+00  0.29815E+03  0.00000E+00  0.00000E+00  0.00000E+00  0.00000E+00  0.00000E+00  0.00000E+00  0.00000E+00  0.33600E+03  0.00000E+00  0.00000E+00  0.00000E+00  0.00000E+00  0.00000E+00  0.00000E+00  0.12344E+06  0.00000E+00  0.16190E+03  0.00000E+00  0.16190E+03  0.00000E+00  0.13802E+03  0.13802E+03  0.29992E+03
 0.32308E+01  0.00000E+00  0.00000E+00  0.00000E+00  0.40215E+02  0.00000E+00  0.29815E+03  0.00000E+00  0.00000E+00  0.00000E+00  0.00000E+00  0.00000E+00  0.00000E+00  0.00000E+00  0.33600E+03  0.00000E+00  0.00000E+00  0.00000E+00  0.00000E+00  0.00000E+00  0.00000E+00  0.12344E+06  0.00000E+00  0.16190E+03  0.00000E+00  0.16190E+03  0.00000E+00  0.13802E+03  0.13802E+03  0.29992E+03
 0.32392E+01  0.00000E+00  0.00000E+00  0.00000E+00  0.40237E+02  0.00000E+00  0.29815E+03  0.00000E+00  0.00000E+00  0.00000E+00  0.00000E+00  0.00000E+00  0.00000E+00  0.00000E+00  0.33600E+03  0.00000E+00  0.00000E+00  0.00000E+00  0.00000E+00  0.00000E+00  0.00000E+00  0.12344E+06  0.00000E+00  0.16190E+03  0.00000E+00  0.16190E+03  0.00000E+00  0.13802E+03  0.13802E+03  0.29992E+03
 0.32808E+01  0.00000E+00  0.00000E+00  0.00000E+00  0.40237E+02  0.00000E+00  0.29815E+03  0.00000E+00  0.00000E+00  0.00000E+00  0.00000E+00  0.00000E+00  0.00000E+00  0.00000E+00  0.33600E+03  0.00000E+00  0.00000E+00  0.00000E+00  0.00000E+00  0.00000E+00  0.00000E+00  0.12344E+06  0.00000E+00  0.16190E+03  0.00000E+00  0.16190E+03  0.00000E+00  0.13802E+03  0.13802E+03  0.29992E+03
 0.32792E+01  0.00000E+00  0.00000E+00  0.00000E+00  0.40260E+02  0.00000E+00  0.29815E+03  0.00000E+00  0.00000E+00  0.00000E+00  0.00000E+00  0.00000E+00  0.00000E+00  0.00000E+00  0.33600E+03  0.00000E+00  0.00000E+00  0.00000E+00  0.00000E+00  0.00000E+00  0.00000E+00  0.12344E+06  0.00000E+00  0.16190E+03  0.00000E+00  0.16190E+03  0.00000E+00  0.13802E+03  0.13802E+03  0.29992E+03
 0.33208E+01  0.00000E+00  0.00000E+00  0.00000E+00  0.40260E+02  0.00000E+00  0.29815E+03  0.00000E+00  0.00000E+00  0.00000E+00  0.00000E+00  0.00000E+00  0.00000E+00  0.00000E+00  0.33600E+03  0.00000E+00  0.00000E+00  0.00000E+00  0.00000E+00  0.00000E+00  0.00000E+00  0.12344E+06  0.00000E+00  0.16190E+03  0.00000E+00  0.16190E+03  0.00000E+00  0.13802E+03  0.13802E+03  0.29992E+03
 0.33192E+01  0.00000E+00  0.00000E+00  0.00000E+00  0.40283E+02  0.00000E+00  0.29815E+03  0.00000E+00  0.00000E+00  0.00000E+00  0.00000E+00  0.00000E+00  0.00000E+00  0.00000E+00  0.33600E+03  0.00000E+00  0.00000E+00  0.00000E+00  0.00000E+00  0.00000E+00  0.00000E+00  0.12344E+06  0.00000E+00  0.16190E+03  0.00000E+00  0.16190E+03  0.00000E+00  0.13802E+03  0.13802E+03  0.29992E+03
 0.33608E+01  0.00000E+00  0.00000E+00  0.00000E+00  0.40283E+02  0.00000E+00  0.29815E+03  0.00000E+00  0.00000E+00  0.00000E+00  0.00000E+00  0.00000E+00  0.00000E+00  0.00000E+00  0.33600E+03  0.00000E+00  0.00000E+00  0.00000E+00  0.00000E+00  0.00000E+00  0.00000E+00  0.12344E+06  0.00000E+00  0.16190E+03  0.00000E+00  0.16190E+03  0.00000E+00  0.13802E+03  0.13802E+03  0.29992E+03
 0.33592E+01  0.00000E+00  0.00000E+00  0.00000E+00  0.40306E+02  0.00000E+00  0.29815E+03  0.00000E+00  0.00000E+00  0.00000E+00  0.00000E+00  0.00000E+00  0.00000E+00  0.00000E+00  0.33600E+03  0.00000E+00  0.00000E+00  0.00000E+00  0.00000E+00  0.00000E+00  0.00000E+00  0.12344E+06  0.00000E+00  0.16190E+03  0.00000E+00  0.16190E+03  0.00000E+00  0.13802E+03  0.13802E+03  0.29992E+03
 0.34008E+01  0.00000E+00  0.00000E+00  0.00000E+00  0.40306E+02  0.00000E+00  0.29815E+03  0.00000E+00  0.00000E+00  0.00000E+00  0.00000E+00  0.00000E+00  0.00000E+00  0.00000E+00  0.33600E+03  0.00000E+00  0.00000E+00  0.00000E+00  0.00000E+00  0.00000E+00  0.00000E+00  0.12344E+06  0.00000E+00  0.16190E+03  0.00000E+00  0.16190E+03  0.00000E+00  0.13802E+03  0.13802E+03  0.29992E+03
 0.33992E+01  0.00000E+00  0.00000E+00  0.00000E+00  0.40329E+02  0.00000E+00  0.29815E+03  0.00000E+00  0.00000E+00  0.00000E+00  0.00000E+00  0.00000E+00  0.00000E+00  0.00000E+00  0.33600E+03  0.00000E+00  0.00000E+00  0.00000E+00  0.00000E+00  0.00000E+00  0.00000E+00  0.12344E+06  0.00000E+00  0.16190E+03  0.00000E+00  0.16190E+03  0.00000E+00  0.13802E+03  0.13802E+03  0.29992E+03
 0.34408E+01  0.00000E+00  0.00000E+00  0.00000E+00  0.40329E+02  0.00000E+00  0.29815E+03  0.00000E+00  0.00000E+00  0.00000E+00  0.00000E+00  0.00000E+00  0.00000E+00  0.00000E+00  0.33600E+03  0.00000E+00  0.00000E+00  0.00000E+00  0.00000E+00  0.00000E+00  0.00000E+00  0.12344E+06  0.00000E+00  0.16190E+03  0.00000E+00  0.16190E+03  0.00000E+00  0.13802E+03  0.13802E+03  0.29992E+03
 0.34392E+01  0.00000E+00  0.00000E+00  0.00000E+00  0.40352E+02  0.00000E+00  0.29815E+03  0.00000E+00  0.00000E+00  0.00000E+00  0.00000E+00  0.00000E+00  0.00000E+00  0.00000E+00  0.33600E+03  0.00000E+00  0.00000E+00  0.00000E+00  0.00000E+00  0.00000E+00  0.00000E+00  0.12344E+06  0.00000E+00  0.16190E+03  0.00000E+00  0.16190E+03  0.00000E+00  0.13802E+03  0.13802E+03  0.29992E+03
 0.34808E+01  0.00000E+00  0.00000E+00  0.00000E+00  0.40352E+02  0.00000E+00  0.29815E+03  0.00000E+00  0.00000E+00  0.00000E+00  0.00000E+00  0.00000E+00  0.00000E+00  0.00000E+00  0.33600E+03  0.00000E+00  0.00000E+00  0.00000E+00  0.00000E+00  0.00000E+00  0.00000E+00  0.12344E+06  0.00000E+00  0.16190E+03  0.00000E+00  0.16190E+03  0.00000E+00  0.13802E+03  0.13802E+03  0.29992E+03
 0.34892E+01  0.00000E+00  0.00000E+00  0.00000E+00  0.40375E+02  0.00000E+00  0.29815E+03  0.00000E+00  0.00000E+00  0.00000E+00  0.00000E+00  0.00000E+00  0.00000E+00  0.00000E+00  0.33600E+03  0.00000E+00  0.00000E+00  0.00000E+00  0.00000E+00  0.00000E+00  0.00000E+00  0.12344E+06  0.00000E+00  0.16190E+03  0.00000E+00  0.16190E+03  0.00000E+00  0.13802E+03  0.13802E+03  0.29992E+03
 0.35308E+01  0.00000E+00  0.00000E+00  0.00000E+00  0.40375E+02  0.00000E+00  0.29815E+03  0.00000E+00  0.00000E+00  0.00000E+00  0.00000E+00  0.00000E+00  0.00000E+00  0.00000E+00  0.33600E+03  0.00000E+00  0.00000E+00  0.00000E+00  0.00000E+00  0.00000E+00  0.00000E+00  0.12344E+06  0.00000E+00  0.16190E+03  0.00000E+00  0.16190E+03  0.00000E+00  0.13802E+03  0.13802E+03  0.29992E+03
 0.35292E+01  0.00000E+00  0.00000E+00  0.00000E+00  0.40398E+02  0.00000E+00  0.29815E+03  0.00000E+00  0.00000E+00  0.00000E+00  0.00000E+00  0.00000E+00  0.00000E+00  0.00000E+00  0.33600E+03  0.00000E+00  0.00000E+00  0.00000E+00  0.00000E+00  0.00000E+00  0.00000E+00  0.12344E+06  0.00000E+00  0.16190E+03  0.00000E+00  0.16190E+03  0.00000E+00  0.13802E+03  0.13802E+03  0.29992E+03
 0.35708E+01  0.00000E+00  0.00000E+00  0.00000E+00  0.40398E+02  0.00000E+00  0.29815E+03  0.00000E+00  0.00000E+00  0.00000E+00  0.00000E+00  0.00000E+00  0.00000E+00  0.00000E+00  0.33600E+03  0.00000E+00  0.00000E+00  0.00000E+00  0.00000E+00  0.00000E+00  0.00000E+00  0.12344E+06  0.00000E+00  0.16190E+03  0.00000E+00  0.16190E+03  0.00000E+00  0.13802E+03  0.13802E+03  0.29992E+03
 0.35692E+01  0.00000E+00  0.00000E+00  0.00000E+00  0.40421E+02  0.00000E+00  0.29815E+03  0.00000E+00  0.00000E+00  0.00000E+00  0.00000E+00  0.00000E+00  0.00000E+00  0.00000E+00  0.33600E+03  0.00000E+00  0.00000E+00  0.00000E+00  0.00000E+00  0.00000E+00  0.00000E+00  0.12344E+06  0.00000E+00  0.16190E+03  0.00000E+00  0.16190E+03  0.00000E+00  0.13802E+03  0.13802E+03  0.29992E+03
 0.36108E+01  0.00000E+00  0.00000E+00  0.00000E+00  0.40421E+02  0.00000E+00  0.29815E+03  0.00000E+00  0.00000E+00  0.00000E+00  0.00000E+00  0.00000E+00  0.00000E+00  0.00000E+00  0.33600E+03  0.00000E+00  0.00000E+00  0.00000E+00  0.00000E+00  0.00000E+00  0.00000E+00  0.12344E+06  0.00000E+00  0.16190E+03  0.00000E+00  0.16190E+03  0.00000E+00  0.13802E+03  0.13802E+03  0.29992E+03
 0.36092E+01  0.00000E+00  0.00000E+00  0.00000E+00  0.40442E+02  0.00000E+00  0.29815E+03  0.00000E+00  0.00000E+00  0.00000E+00  0.00000E+00  0.00000E+00  0.00000E+00  0.00000E+00  0.33600E+03  0.00000E+00  0.00000E+00  0.00000E+00  0.00000E+00  0.00000E+00  0.00000E+00  0.12344E+06  0.00000E+00  0.16190E+03  0.00000E+00  0.16190E+03  0.00000E+00  0.13802E+03  0.13802E+03  0.29992E+03
 0.36508E+01  0.00000E+00  0.00000E+00  0.00000E+00  0.40442E+02  0.00000E+00  0.29815E+03  0.00000E+00  0.00000E+00  0.00000E+00  0.00000E+00  0.00000E+00  0.00000E+00  0.00000E+00  0.33600E+03  0.00000E+00  0.00000E+00  0.00000E+00  0.00000E+00  0.00000E+00  0.00000E+00  0.12344E+06  0.00000E+00  0.16190E+03  0.00000E+00  0.16190E+03  0.00000E+00  0.13802E+03  0.13802E+03  0.29992E+03
 0.36492E+01  0.00000E+00  0.00000E+00  0.00000E+00  0.40464E+02  0.00000E+00  0.29815E+03  0.00000E+00  0.00000E+00  0.00000E+00  0.00000E+00  0.00000E+00  0.00000E+00  0.00000E+00  0.33600E+03  0.00000E+00  0.00000E+00  0.00000E+00  0.00000E+00  0.00000E+00  0.00000E+00  0.12344E+06  0.00000E+00  0.16190E+03  0.00000E+00  0.16190E+03  0.00000E+00  0.13802E+03  0.13802E+03  0.29992E+03
 0.36908E+01  0.00000E+00  0.00000E+00  0.00000E+00  0.40464E+02  0.00000E+00  0.29815E+03  0.00000E+00  0.00000E+00  0.00000E+00  0.00000E+00  0.00000E+00  0.00000E+00  0.00000E+00  0.33600E+03  0.00000E+00  0.00000E+00  0.00000E+00  0.00000E+00  0.00000E+00  0.00000E+00  0.12344E+06  0.00000E+00  0.16190E+03  0.00000E+00  0.16190E+03  0.00000E+00  0.13802E+03  0.13802E+03  0.29992E+03
 0.36892E+01  0.00000E+00  0.00000E+00  0.00000E+00  0.40484E+02  0.00000E+00  0.29815E+03  0.00000E+00  0.00000E+00  0.00000E+00  0.00000E+00  0.00000E+00  0.00000E+00  0.00000E+00  0.33600E+03  0.00000E+00  0.00000E+00  0.00000E+00  0.00000E+00  0.00000E+00  0.00000E+00  0.12344E+06  0.00000E+00  0.16190E+03  0.00000E+00  0.16190E+03  0.00000E+00  0.13802E+03  0.13802E+03  0.29992E+03
 0.37308E+01  0.00000E+00  0.00000E+00  0.00000E+00  0.40484E+02  0.00000E+00  0.29815E+03  0.00000E+00  0.00000E+00  0.00000E+00  0.00000E+00  0.00000E+00  0.00000E+00  0.00000E+00  0.33600E+03  0.00000E+00  0.00000E+00  0.00000E+00  0.00000E+00  0.00000E+00  0.00000E+00  0.12344E+06  0.00000E+00  0.16190E+03  0.00000E+00  0.16190E+03  0.00000E+00  0.13802E+03  0.13802E+03  0.29992E+03
 0.37392E+01  0.00000E+00  0.00000E+00  0.00000E+00  0.40504E+02  0.00000E+00  0.29815E+03  0.00000E+00  0.00000E+00  0.00000E+00  0.00000E+00  0.00000E+00  0.00000E+00  0.00000E+00  0.33600E+03  0.00000E+00  0.00000E+00  0.00000E+00  0.00000E+00  0.00000E+00  0.00000E+00  0.12344E+06  0.00000E+00  0.16190E+03  0.00000E+00  0.16190E+03  0.00000E+00  0.13802E+03  0.13802E+03  0.29992E+03
 0.37808E+01  0.00000E+00  0.00000E+00  0.00000E+00  0.40504E+02  0.00000E+00  0.29815E+03  0.00000E+00  0.00000E+00  0.00000E+00  0.00000E+00  0.00000E+00  0.00000E+00  0.00000E+00  0.33600E+03  0.00000E+00  0.00000E+00  0.00000E+00  0.00000E+00  0.00000E+00  0.00000E+00  0.12344E+06  0.00000E+00  0.16190E+03  0.00000E+00  0.16190E+03  0.00000E+00  0.13802E+03  0.13802E+03  0.29992E+03
 0.37792E+01  0.00000E+00  0.00000E+00  0.00000E+00  0.40524E+02  0.00000E+00  0.29815E+03  0.00000E+00  0.00000E+00  0.00000E+00  0.00000E+00  0.00000E+00  0.00000E+00  0.00000E+00  0.33600E+03  0.00000E+00  0.00000E+00  0.00000E+00  0.00000E+00  0.00000E+00  0.00000E+00  0.12344E+06  0.00000E+00  0.16190E+03  0.00000E+00  0.16190E+03  0.00000E+00  0.13802E+03  0.13802E+03  0.29992E+03
 0.38208E+01  0.00000E+00  0.00000E+00  0.00000E+00  0.40524E+02  0.00000E+00  0.29815E+03  0.00000E+00  0.00000E+00  0.00000E+00  0.00000E+00  0.00000E+00  0.00000E+00  0.00000E+00  0.33600E+03  0.00000E+00  0.00000E+00  0.00000E+00  0.00000E+00  0.00000E+00  0.00000E+00  0.12344E+06  0.00000E+00  0.16190E+03  0.00000E+00  0.16190E+03  0.00000E+00  0.13802E+03  0.13802E+03  0.29992E+03
 0.38192E+01  0.00000E+00  0.00000E+00  0.00000E+00  0.40543E+02  0.00000E+00  0.29815E+03  0.00000E+00  0.00000E+00  0.00000E+00  0.00000E+00  0.00000E+00  0.00000E+00  0.00000E+00  0.33600E+03  0.00000E+00  0.00000E+00  0.00000E+00  0.00000E+00  0.00000E+00  0.00000E+00  0.12344E+06  0.00000E+00  0.16190E+03  0.00000E+00  0.16190E+03  0.00000E+00  0.13802E+03  0.13802E+03  0.29992E+03
 0.38608E+01  0.00000E+00  0.00000E+00  0.00000E+00  0.40543E+02  0.00000E+00  0.29815E+03  0.00000E+00  0.00000E+00  0.00000E+00  0.00000E+00  0.00000E+00  0.00000E+00  0.00000E+00  0.33600E+03  0.00000E+00  0.00000E+00  0.00000E+00  0.00000E+00  0.00000E+00  0.00000E+00  0.12344E+06  0.00000E+00  0.16190E+03  0.00000E+00  0.16190E+03  0.00000E+00  0.13802E+03  0.13802E+03  0.29992E+03
 0.38592E+01  0.00000E+00  0.00000E+00  0.00000E+00  0.40562E+02  0.00000E+00  0.29815E+03  0.00000E+00  0.00000E+00  0.00000E+00  0.00000E+00  0.00000E+00  0.00000E+00  0.00000E+00  0.33600E+03  0.00000E+00  0.00000E+00  0.00000E+00  0.00000E+00  0.00000E+00  0.00000E+00  0.12344E+06  0.00000E+00  0.16190E+03  0.00000E+00  0.16190E+03  0.00000E+00  0.13802E+03  0.13802E+03  0.29992E+03
 0.39008E+01  0.00000E+00  0.00000E+00  0.00000E+00  0.40562E+02  0.00000E+00  0.29815E+03  0.00000E+00  0.00000E+00  0.00000E+00  0.00000E+00  0.00000E+00  0.00000E+00  0.00000E+00  0.33600E+03  0.00000E+00  0.00000E+00  0.00000E+00  0.00000E+00  0.00000E+00  0.00000E+00  0.12344E+06  0.00000E+00  0.16190E+03  0.00000E+00  0.16190E+03  0.00000E+00  0.13802E+03  0.13802E+03  0.29992E+03
 0.38992E+01  0.00000E+00  0.00000E+00  0.00000E+00  0.40580E+02  0.00000E+00  0.29815E+03  0.00000E+00  0.00000E+00  0.00000E+00  0.00000E+00  0.00000E+00  0.00000E+00  0.00000E+00  0.33600E+03  0.00000E+00  0.00000E+00  0.00000E+00  0.00000E+00  0.00000E+00  0.00000E+00  0.12344E+06  0.00000E+00  0.16190E+03  0.00000E+00  0.16190E+03  0.00000E+00  0.13802E+03  0.13802E+03  0.29992E+03
 0.39408E+01  0.00000E+00  0.00000E+00  0.00000E+00  0.40580E+02  0.00000E+00  0.29815E+03  0.00000E+00  0.00000E+00  0.00000E+00  0.00000E+00  0.00000E+00  0.00000E+00  0.00000E+00  0.33600E+03  0.00000E+00  0.00000E+00  0.00000E+00  0.00000E+00  0.00000E+00  0.00000E+00  0.12344E+06  0.00000E+00  0.16190E+03  0.00000E+00  0.16190E+03  0.00000E+00  0.13802E+03  0.13802E+03  0.29992E+03
 0.39392E+01  0.00000E+00  0.00000E+00  0.00000E+00  0.40598E+02  0.00000E+00  0.29815E+03  0.00000E+00  0.00000E+00  0.00000E+00  0.00000E+00  0.00000E+00  0.00000E+00  0.00000E+00  0.33600E+03  0.00000E+00  0.00000E+00  0.00000E+00  0.00000E+00  0.00000E+00  0.00000E+00  0.12344E+06  0.00000E+00  0.16190E+03  0.00000E+00  0.16190E+03  0.00000E+00  0.13802E+03  0.13802E+03  0.29992E+03
 0.39808E+01  0.00000E+00  0.00000E+00  0.00000E+00  0.40598E+02  0.00000E+00  0.29815E+03  0.00000E+00  0.00000E+00  0.00000E+00  0.00000E+00  0.00000E+00  0.00000E+00  0.00000E+00  0.33600E+03  0.00000E+00  0.00000E+00  0.00000E+00  0.00000E+00  0.00000E+00  0.00000E+00  0.12344E+06  0.00000E+00  0.16190E+03  0.00000E+00  0.16190E+03  0.00000E+00  0.13802E+03  0.13802E+03  0.29992E+03
 0.39792E+01  0.00000E+00  0.00000E+00  0.00000E+00  0.40616E+02  0.00000E+00  0.29815E+03  0.00000E+00  0.00000E+00  0.00000E+00  0.00000E+00  0.00000E+00  0.00000E+00  0.00000E+00  0.33600E+03  0.00000E+00  0.00000E+00  0.00000E+00  0.00000E+00  0.00000E+00  0.00000E+00  0.12344E+06  0.00000E+00  0.16190E+03  0.00000E+00  0.16190E+03  0.00000E+00  0.13802E+03  0.13802E+03  0.29992E+03
 0.40208E+01  0.00000E+00  0.00000E+00  0.00000E+00  0.40616E+02  0.00000E+00  0.29815E+03  0.00000E+00  0.00000E+00  0.00000E+00  0.00000E+00  0.00000E+00  0.00000E+00  0.00000E+00  0.33600E+03  0.00000E+00  0.00000E+00  0.00000E+00  0.00000E+00  0.00000E+00  0.00000E+00  0.12344E+06  0.00000E+00  0.16190E+03  0.00000E+00  0.16190E+03  0.00000E+00  0.13802E+03  0.13802E+03  0.29992E+03
 0.40292E+01  0.00000E+00  0.00000E+00  0.00000E+00  0.40634E+02  0.00000E+00  0.29815E+03  0.00000E+00  0.00000E+00  0.00000E+00  0.00000E+00  0.00000E+00  0.00000E+00  0.00000E+00  0.33600E+03  0.00000E+00  0.00000E+00  0.00000E+00  0.00000E+00  0.00000E+00  0.00000E+00  0.12344E+06  0.00000E+00  0.16190E+03  0.00000E+00  0.16190E+03  0.00000E+00  0.13802E+03  0.13802E+03  0.29992E+03
 0.40708E+01  0.00000E+00  0.00000E+00  0.00000E+00  0.40634E+02  0.00000E+00  0.29815E+03  0.00000E+00  0.00000E+00  0.00000E+00  0.00000E+00  0.00000E+00  0.00000E+00  0.00000E+00  0.33600E+03  0.00000E+00  0.00000E+00  0.00000E+00  0.00000E+00  0.00000E+00  0.00000E+00  0.12344E+06  0.00000E+00  0.16190E+03  0.00000E+00  0.16190E+03  0.00000E+00  0.13802E+03  0.13802E+03  0.29992E+03
 0.40692E+01  0.00000E+00  0.00000E+00  0.00000E+00  0.40651E+02  0.00000E+00  0.29815E+03  0.00000E+00  0.00000E+00  0.00000E+00  0.00000E+00  0.00000E+00  0.00000E+00  0.00000E+00  0.33600E+03  0.00000E+00  0.00000E+00  0.00000E+00  0.00000E+00  0.00000E+00  0.00000E+00  0.12344E+06  0.00000E+00  0.16190E+03  0.00000E+00  0.16190E+03  0.00000E+00  0.13802E+03  0.13802E+03  0.29992E+03
 0.41108E+01  0.00000E+00  0.00000E+00  0.00000E+00  0.40651E+02  0.00000E+00  0.29815E+03  0.00000E+00  0.00000E+00  0.00000E+00  0.00000E+00  0.00000E+00  0.00000E+00  0.00000E+00  0.33600E+03  0.00000E+00  0.00000E+00  0.00000E+00  0.00000E+00  0.00000E+00  0.00000E+00  0.12344E+06  0.00000E+00  0.16190E+03  0.00000E+00  0.16190E+03  0.00000E+00  0.13802E+03  0.13802E+03  0.29992E+03
 0.41092E+01  0.00000E+00  0.00000E+00  0.00000E+00  0.40667E+02  0.00000E+00  0.29815E+03  0.00000E+00  0.00000E+00  0.00000E+00  0.00000E+00  0.00000E+00  0.00000E+00  0.00000E+00  0.33600E+03  0.00000E+00  0.00000E+00  0.00000E+00  0.00000E+00  0.00000E+00  0.00000E+00  0.12344E+06  0.00000E+00  0.16190E+03  0.00000E+00  0.16190E+03  0.00000E+00  0.13802E+03  0.13802E+03  0.29992E+03
 0.41508E+01  0.00000E+00  0.00000E+00  0.00000E+00  0.40667E+02  0.00000E+00  0.29815E+03  0.00000E+00  0.00000E+00  0.00000E+00  0.00000E+00  0.00000E+00  0.00000E+00  0.00000E+00  0.33600E+03  0.00000E+00  0.00000E+00  0.00000E+00  0.00000E+00  0.00000E+00  0.00000E+00  0.12344E+06  0.00000E+00  0.16190E+03  0.00000E+00  0.16190E+03  0.00000E+00  0.13802E+03  0.13802E+03  0.29992E+03
 0.41492E+01  0.00000E+00  0.00000E+00  0.00000E+00  0.40683E+02  0.00000E+00  0.29815E+03  0.00000E+00  0.00000E+00  0.00000E+00  0.00000E+00  0.00000E+00  0.00000E+00  0.00000E+00  0.33600E+03  0.00000E+00  0.00000E+00  0.00000E+00  0.00000E+00  0.00000E+00  0.00000E+00  0.12344E+06  0.00000E+00  0.16190E+03  0.00000E+00  0.16190E+03  0.00000E+00  0.13802E+03  0.13802E+03  0.29992E+03
 0.41908E+01  0.00000E+00  0.00000E+00  0.00000E+00  0.40683E+02  0.00000E+00  0.29815E+03  0.00000E+00  0.00000E+00  0.00000E+00  0.00000E+00  0.00000E+00  0.00000E+00  0.00000E+00  0.33600E+03  0.00000E+00  0.00000E+00  0.00000E+00  0.00000E+00  0.00000E+00  0.00000E+00  0.12344E+06  0.00000E+00  0.16190E+03  0.00000E+00  0.16190E+03  0.00000E+00  0.13802E+03  0.13802E+03  0.29992E+03
 0.41892E+01  0.00000E+00  0.00000E+00  0.00000E+00  0.40698E+02  0.00000E+00  0.29815E+03  0.00000E+00  0.00000E+00  0.00000E+00  0.00000E+00  0.00000E+00  0.00000E+00  0.00000E+00  0.33600E+03  0.00000E+00  0.00000E+00  0.00000E+00  0.00000E+00  0.00000E+00  0.00000E+00  0.12344E+06  0.00000E+00  0.16190E+03  0.00000E+00  0.16190E+03  0.00000E+00  0.13802E+03  0.13802E+03  0.29992E+03
 0.42308E+01  0.00000E+00  0.00000E+00  0.00000E+00  0.40698E+02  0.00000E+00  0.29815E+03  0.00000E+00  0.00000E+00  0.00000E+00  0.00000E+00  0.00000E+00  0.00000E+00  0.00000E+00  0.33600E+03  0.00000E+00  0.00000E+00  0.00000E+00  0.00000E+00  0.00000E+00  0.00000E+00  0.12344E+06  0.00000E+00  0.16190E+03  0.00000E+00  0.16190E+03  0.00000E+00  0.13802E+03  0.13802E+03  0.29992E+03
 0.42292E+01  0.00000E+00  0.00000E+00  0.00000E+00  0.40712E+02  0.00000E+00  0.29815E+03  0.00000E+00  0.00000E+00  0.00000E+00  0.00000E+00  0.00000E+00  0.00000E+00  0.00000E+00  0.33600E+03  0.00000E+00  0.00000E+00  0.00000E+00  0.00000E+00  0.00000E+00  0.00000E+00  0.12344E+06  0.00000E+00  0.16190E+03  0.00000E+00  0.16190E+03  0.00000E+00  0.13802E+03  0.13802E+03  0.29992E+03
 0.42708E+01  0.00000E+00  0.00000E+00  0.00000E+00  0.40712E+02  0.00000E+00  0.29815E+03  0.00000E+00  0.00000E+00  0.00000E+00  0.00000E+00  0.00000E+00  0.00000E+00  0.00000E+00  0.33600E+03  0.00000E+00  0.00000E+00  0.00000E+00  0.00000E+00  0.00000E+00  0.00000E+00  0.12344E+06  0.00000E+00  0.16190E+03  0.00000E+00  0.16190E+03  0.00000E+00  0.13802E+03  0.13802E+03  0.29992E+03
 0.42792E+01  0.00000E+00  0.00000E+00  0.00000E+00  0.40724E+02  0.00000E+00  0.29815E+03  0.00000E+00  0.00000E+00  0.00000E+00  0.00000E+00  0.00000E+00  0.00000E+00  0.00000E+00  0.33600E+03  0.00000E+00  0.00000E+00  0.00000E+00  0.00000E+00  0.00000E+00  0.00000E+00  0.12344E+06  0.00000E+00  0.16190E+03  0.00000E+00  0.16190E+03  0.00000E+00  0.13802E+03  0.13802E+03  0.29992E+03
 0.43208E+01  0.00000E+00  0.00000E+00  0.00000E+00  0.40724E+02  0.00000E+00  0.29815E+03  0.00000E+00  0.00000E+00  0.00000E+00  0.00000E+00  0.00000E+00  0.00000E+00  0.00000E+00  0.33600E+03  0.00000E+00  0.00000E+00  0.00000E+00  0.00000E+00  0.00000E+00  0.00000E+00  0.12344E+06  0.00000E+00  0.16190E+03  0.00000E+00  0.16190E+03  0.00000E+00  0.13802E+03  0.13802E+03  0.29992E+03
 0.43192E+01  0.00000E+00  0.00000E+00  0.00000E+00  0.40736E+02  0.00000E+00  0.29815E+03  0.00000E+00  0.00000E+00  0.00000E+00  0.00000E+00  0.00000E+00  0.00000E+00  0.00000E+00  0.33600E+03  0.00000E+00  0.00000E+00  0.00000E+00  0.00000E+00  0.00000E+00  0.00000E+00  0.12344E+06  0.00000E+00  0.16190E+03  0.00000E+00  0.16190E+03  0.00000E+00  0.13802E+03  0.13802E+03  0.29992E+03
 0.43608E+01  0.00000E+00  0.00000E+00  0.00000E+00  0.40736E+02  0.00000E+00  0.29815E+03  0.00000E+00  0.00000E+00  0.00000E+00  0.00000E+00  0.00000E+00  0.00000E+00  0.00000E+00  0.33600E+03  0.00000E+00  0.00000E+00  0.00000E+00  0.00000E+00  0.00000E+00  0.00000E+00  0.12344E+06  0.00000E+00  0.16190E+03  0.00000E+00  0.16190E+03  0.00000E+00  0.13802E+03  0.13802E+03  0.29992E+03
 0.43592E+01  0.00000E+00  0.00000E+00  0.00000E+00  0.40746E+02  0.00000E+00  0.29815E+03  0.00000E+00  0.00000E+00  0.00000E+00  0.00000E+00  0.00000E+00  0.00000E+00  0.00000E+00  0.33600E+03  0.00000E+00  0.00000E+00  0.00000E+00  0.00000E+00  0.00000E+00  0.00000E+00  0.12344E+06  0.00000E+00  0.16190E+03  0.00000E+00  0.16190E+03  0.00000E+00  0.13802E+03  0.13802E+03  0.29992E+03
 0.44008E+01  0.00000E+00  0.00000E+00  0.00000E+00  0.40746E+02  0.00000E+00  0.29815E+03  0.00000E+00  0.00000E+00  0.00000E+00  0.00000E+00  0.00000E+00  0.00000E+00  0.00000E+00  0.33600E+03  0.00000E+00  0.00000E+00  0.00000E+00  0.00000E+00  0.00000E+00  0.00000E+00  0.12344E+06  0.00000E+00  0.16190E+03  0.00000E+00  0.16190E+03  0.00000E+00  0.13802E+03  0.13802E+03  0.29992E+03
 0.43992E+01  0.00000E+00  0.00000E+00  0.00000E+00  0.40755E+02  0.00000E+00  0.29815E+03  0.00000E+00  0.00000E+00  0.00000E+00  0.00000E+00  0.00000E+00  0.00000E+00  0.00000E+00  0.33600E+03  0.00000E+00  0.00000E+00  0.00000E+00  0.00000E+00  0.00000E+00  0.00000E+00  0.12344E+06  0.00000E+00  0.16190E+03  0.00000E+00  0.16190E+03  0.00000E+00  0.13802E+03  0.13802E+03  0.29992E+03
 0.44408E+01  0.00000E+00  0.00000E+00  0.00000E+00  0.40755E+02  0.00000E+00  0.29815E+03  0.00000E+00  0.00000E+00  0.00000E+00  0.00000E+00  0.00000E+00  0.00000E+00  0.00000E+00  0.33600E+03  0.00000E+00  0.00000E+00  0.00000E+00  0.00000E+00  0.00000E+00  0.00000E+00  0.12344E+06  0.00000E+00  0.16190E+03  0.00000E+00  0.16190E+03  0.00000E+00  0.13802E+03  0.13802E+03  0.29992E+03
 0.44392E+01  0.00000E+00  0.00000E+00  0.00000E+00  0.40763E+02  0.00000E+00  0.29815E+03  0.00000E+00  0.00000E+00  0.00000E+00  0.00000E+00  0.00000E+00  0.00000E+00  0.00000E+00  0.33600E+03  0.00000E+00  0.00000E+00  0.00000E+00  0.00000E+00  0.00000E+00  0.00000E+00  0.12344E+06  0.00000E+00  0.16190E+03  0.00000E+00  0.16190E+03  0.00000E+00  0.13802E+03  0.13802E+03  0.29992E+03
 0.44808E+01  0.00000E+00  0.00000E+00  0.00000E+00  0.40763E+02  0.00000E+00  0.29815E+03  0.00000E+00  0.00000E+00  0.00000E+00  0.00000E+00  0.00000E+00  0.00000E+00  0.00000E+00  0.33600E+03  0.00000E+00  0.00000E+00  0.00000E+00  0.00000E+00  0.00000E+00  0.00000E+00  0.12344E+06  0.00000E+00  0.16190E+03  0.00000E+00  0.16190E+03  0.00000E+00  0.13802E+03  0.13802E+03  0.29992E+03
 0.44792E+01  0.00000E+00  0.00000E+00  0.00000E+00  0.40769E+02  0.00000E+00  0.29815E+03  0.00000E+00  0.00000E+00  0.00000E+00  0.00000E+00  0.00000E+00  0.00000E+00  0.00000E+00  0.33600E+03  0.00000E+00  0.00000E+00  0.00000E+00  0.00000E+00  0.00000E+00  0.00000E+00  0.12344E+06  0.00000E+00  0.16190E+03  0.00000E+00  0.16190E+03  0.00000E+00  0.13802E+03  0.13802E+03  0.29992E+03
 0.45208E+01  0.00000E+00  0.00000E+00  0.00000E+00  0.40769E+02  0.00000E+00  0.29815E+03  0.00000E+00  0.00000E+00  0.00000E+00  0.00000E+00  0.00000E+00  0.00000E+00  0.00000E+00  0.33600E+03  0.00000E+00  0.00000E+00  0.00000E+00  0.00000E+00  0.00000E+00  0.00000E+00  0.12344E+06  0.00000E+00  0.16190E+03  0.00000E+00  0.16190E+03  0.00000E+00  0.13802E+03  0.13802E+03  0.29992E+03
 0.45292E+01  0.00000E+00  0.00000E+00  0.00000E+00  0.40775E+02  0.00000E+00  0.29815E+03  0.00000E+00  0.00000E+00  0.00000E+00  0.00000E+00  0.00000E+00  0.00000E+00  0.00000E+00  0.33600E+03  0.00000E+00  0.00000E+00  0.00000E+00  0.00000E+00  0.00000E+00  0.00000E+00  0.12344E+06  0.00000E+00  0.16190E+03  0.00000E+00  0.16190E+03  0.00000E+00  0.13802E+03  0.13802E+03  0.29992E+03
 0.45708E+01  0.00000E+00  0.00000E+00  0.00000E+00  0.40775E+02  0.00000E+00  0.29815E+03  0.00000E+00  0.00000E+00  0.00000E+00  0.00000E+00  0.00000E+00  0.00000E+00  0.00000E+00  0.33600E+03  0.00000E+00  0.00000E+00  0.00000E+00  0.00000E+00  0.00000E+00  0.00000E+00  0.12344E+06  0.00000E+00  0.16190E+03  0.00000E+00  0.16190E+03  0.00000E+00  0.13802E+03  0.13802E+03  0.29992E+03
 0.45692E+01  0.00000E+00  0.00000E+00  0.00000E+00  0.40779E+02  0.00000E+00  0.29815E+03  0.00000E+00  0.00000E+00  0.00000E+00  0.00000E+00  0.00000E+00  0.00000E+00  0.00000E+00  0.33600E+03  0.00000E+00  0.00000E+00  0.00000E+00  0.00000E+00  0.00000E+00  0.00000E+00  0.12344E+06  0.00000E+00  0.16190E+03  0.00000E+00  0.16190E+03  0.00000E+00  0.13802E+03  0.13802E+03  0.29992E+03
 0.46108E+01  0.00000E+00  0.00000E+00  0.00000E+00  0.40779E+02  0.00000E+00  0.29815E+03  0.00000E+00  0.00000E+00  0.00000E+00  0.00000E+00  0.00000E+00  0.00000E+00  0.00000E+00  0.33600E+03  0.00000E+00  0.00000E+00  0.00000E+00  0.00000E+00  0.00000E+00  0.00000E+00  0.12344E+06  0.00000E+00  0.16190E+03  0.00000E+00  0.16190E+03  0.00000E+00  0.13802E+03  0.13802E+03  0.29992E+03
 0.46092E+01  0.00000E+00  0.00000E+00  0.00000E+00  0.40782E+02  0.00000E+00  0.29815E+03  0.00000E+00  0.00000E+00  0.00000E+00  0.00000E+00  0.00000E+00  0.00000E+00  0.00000E+00  0.33600E+03  0.00000E+00  0.00000E+00  0.00000E+00  0.00000E+00  0.00000E+00  0.00000E+00  0.12344E+06  0.00000E+00  0.16190E+03  0.00000E+00  0.16190E+03  0.00000E+00  0.13802E+03  0.13802E+03  0.29992E+03
 0.46508E+01  0.00000E+00  0.00000E+00  0.00000E+00  0.40782E+02  0.00000E+00  0.29815E+03  0.00000E+00  0.00000E+00  0.00000E+00  0.00000E+00  0.00000E+00  0.00000E+00  0.00000E+00  0.33600E+03  0.00000E+00  0.00000E+00  0.00000E+00  0.00000E+00  0.00000E+00  0.00000E+00  0.12344E+06  0.00000E+00  0.16190E+03  0.00000E+00  0.16190E+03  0.00000E+00  0.13802E+03  0.13802E+03  0.29992E+03
 0.46492E+01  0.00000E+00  0.00000E+00  0.00000E+00  0.40785E+02  0.00000E+00  0.29815E+03  0.00000E+00  0.00000E+00  0.00000E+00  0.00000E+00  0.00000E+00  0.00000E+00  0.00000E+00  0.33600E+03  0.00000E+00  0.00000E+00  0.00000E+00  0.00000E+00  0.00000E+00  0.00000E+00  0.12344E+06  0.00000E+00  0.16190E+03  0.00000E+00  0.16190E+03  0.00000E+00  0.13802E+03  0.13802E+03  0.29992E+03
 0.46908E+01  0.00000E+00  0.00000E+00  0.00000E+00  0.40785E+02  0.00000E+00  0.29815E+03  0.00000E+00  0.00000E+00  0.00000E+00  0.00000E+00  0.00000E+00  0.00000E+00  0.00000E+00  0.33600E+03  0.00000E+00  0.00000E+00  0.00000E+00  0.00000E+00  0.00000E+00  0.00000E+00  0.12344E+06  0.00000E+00  0.16190E+03  0.00000E+00  0.16190E+03  0.00000E+00  0.13802E+03  0.13802E+03  0.29992E+03
 0.46892E+01  0.00000E+00  0.00000E+00  0.00000E+00  0.40786E+02  0.00000E+00  0.29815E+03  0.00000E+00  0.00000E+00  0.00000E+00  0.00000E+00  0.00000E+00  0.00000E+00  0.00000E+00  0.33600E+03  0.00000E+00  0.00000E+00  0.00000E+00  0.00000E+00  0.00000E+00  0.00000E+00  0.12344E+06  0.00000E+00  0.16190E+03  0.00000E+00  0.16190E+03  0.00000E+00  0.13802E+03  0.13802E+03  0.29992E+03
 0.47308E+01  0.00000E+00  0.00000E+00  0.00000E+00  0.40786E+02  0.00000E+00  0.29815E+03  0.00000E+00  0.00000E+00  0.00000E+00  0.00000E+00  0.00000E+00  0.00000E+00  0.00000E+00  0.33600E+03  0.00000E+00  0.00000E+00  0.00000E+00  0.00000E+00  0.00000E+00  0.00000E+00  0.12344E+06  0.00000E+00  0.16190E+03  0.00000E+00  0.16190E+03  0.00000E+00  0.13802E+03  0.13802E+03  0.29992E+03
 0.47292E+01  0.00000E+00  0.00000E+00  0.00000E+00  0.40787E+02  0.00000E+00  0.29815E+03  0.00000E+00  0.00000E+00  0.00000E+00  0.00000E+00  0.00000E+00  0.00000E+00  0.00000E+00  0.33600E+03  0.00000E+00  0.00000E+00  0.00000E+00  0.00000E+00  0.00000E+00  0.00000E+00  0.12344E+06  0.00000E+00  0.16190E+03  0.00000E+00  0.16190E+03  0.00000E+00  0.13802E+03  0.13802E+03  0.29992E+03
 0.47708E+01  0.00000E+00  0.00000E+00  0.00000E+00  0.40787E+02  0.00000E+00  0.29815E+03  0.00000E+00  0.00000E+00  0.00000E+00  0.00000E+00  0.00000E+00  0.00000E+00  0.00000E+00  0.33600E+03  0.00000E+00  0.00000E+00  0.00000E+00  0.00000E+00  0.00000E+00  0.00000E+00  0.12344E+06  0.00000E+00  0.16190E+03  0.00000E+00  0.16190E+03  0.00000E+00  0.13802E+03  0.13802E+03  0.29992E+03
