   0.40000E+00   0.78179E+00   0.15625E+00   0.29815E+03
   0.80000E+00   0.94779E+00   0.19575E+00   0.29815E+03
   0.12000E+01   0.11108E+01   0.24005E+00   0.29815E+03
   0.16000E+01   0.13208E+01   0.30217E+00   0.29815E+03
   0.20000E+01   0.15308E+01   0.37178E+00   0.29815E+03
   0.24000E+01   0.17008E+01   0.43287E+00   0.29815E+03
   0.28000E+01   0.18608E+01   0.49876E+00   0.29815E+03
   0.32000E+01   0.20308E+01   0.56944E+00   0.29815E+03
   0.36000E+01   0.21508E+01   0.62560E+00   0.29815E+03
   0.40000E+01   0.21908E+01   0.64492E+00   0.29815E+03
   0.44000E+01   0.21908E+01   0.64492E+00   0.29815E+03
   0.48000E+01   0.22408E+01   0.66454E+00   0.29815E+03
   0.52000E+01   0.22408E+01   0.66454E+00   0.29815E+03
   0.56000E+01   0.22408E+01   0.66454E+00   0.29815E+03
   0.60000E+01   0.22408E+01   0.66454E+00   0.29815E+03
   0.64000E+01   0.22408E+01   0.66454E+00   0.29815E+03
   0.68000E+01   0.22408E+01   0.66454E+00   0.29815E+03
   0.72000E+01   0.22408E+01   0.66454E+00   0.29815E+03
   0.76000E+01   0.22408E+01   0.66454E+00   0.29815E+03
   0.80000E+01   0.22408E+01   0.66454E+00   0.29815E+03
   0.84000E+01   0.22408E+01   0.66454E+00   0.29815E+03
   0.88000E+01   0.22408E+01   0.66454E+00   0.29815E+03
   0.92000E+01   0.22408E+01   0.66454E+00   0.29815E+03
   0.96000E+01   0.22408E+01   0.66454E+00   0.29815E+03
   0.10000E+02   0.22408E+01   0.66454E+00   0.29815E+03
   0.10400E+02   0.47708E+01   0.24283E+01   0.29815E+03
   0.10800E+02   0.47708E+01   0.24283E+01   0.29815E+03
   0.11200E+02   0.47708E+01   0.24283E+01   0.29815E+03
   0.11600E+02   0.47708E+01   0.24283E+01   0.29815E+03
   0.12000E+02   0.47708E+01   0.24283E+01   0.29815E+03
   0.12400E+02   0.47708E+01   0.24283E+01   0.29815E+03
   0.12800E+02   0.47708E+01   0.24283E+01   0.29815E+03
   0.13200E+02   0.47708E+01   0.24283E+01   0.29815E+03
   0.13600E+02   0.47708E+01   0.24283E+01   0.29815E+03
   0.14000E+02   0.47708E+01   0.24283E+01   0.29815E+03
   0.14400E+02   0.47708E+01   0.24283E+01   0.29815E+03
   0.14800E+02   0.47708E+01   0.24283E+01   0.29815E+03
   0.15200E+02   0.47708E+01   0.24283E+01   0.29815E+03
   0.15600E+02   0.47708E+01   0.24283E+01   0.29815E+03
   0.16000E+02   0.47708E+01   0.24283E+01   0.29815E+03
   0.16400E+02   0.47708E+01   0.24283E+01   0.29815E+03
   0.16800E+02   0.47708E+01   0.24283E+01   0.29815E+03
   0.17200E+02   0.47708E+01   0.24283E+01   0.29815E+03
   0.17600E+02   0.47708E+01   0.24283E+01   0.29815E+03
   0.18000E+02   0.47708E+01   0.24283E+01   0.29815E+03
   0.18400E+02   0.47708E+01   0.24283E+01   0.29815E+03
   0.18800E+02   0.47708E+01   0.24283E+01   0.29815E+03
   0.19200E+02   0.47708E+01   0.24283E+01   0.29815E+03
   0.19600E+02   0.47708E+01   0.24283E+01   0.29815E+03
   0.20000E+02   0.47708E+01   0.24283E+01   0.29815E+03
   0.20400E+02   0.47708E+01   0.24283E+01   0.29815E+03
   0.20800E+02   0.47708E+01   0.24283E+01   0.29815E+03
   0.21200E+02   0.47708E+01   0.24283E+01   0.29815E+03
   0.21600E+02   0.47708E+01   0.24283E+01   0.29815E+03
   0.22000E+02   0.47708E+01   0.24283E+01   0.29815E+03
   0.22400E+02   0.47708E+01   0.24283E+01   0.29815E+03
   0.22800E+02   0.47708E+01   0.24283E+01   0.29815E+03
   0.23200E+02   0.47708E+01   0.24283E+01   0.29815E+03
   0.23600E+02   0.47708E+01   0.24283E+01   0.29815E+03
   0.24000E+02   0.47708E+01   0.24283E+01   0.29815E+03
   0.24400E+02   0.47708E+01   0.24283E+01   0.29815E+03
   0.24800E+02   0.47708E+01   0.24283E+01   0.29815E+03
   0.25200E+02   0.47708E+01   0.24283E+01   0.29815E+03
   0.25600E+02   0.47708E+01   0.24283E+01   0.29815E+03
   0.26000E+02   0.47708E+01   0.24283E+01   0.29815E+03
   0.26400E+02   0.47708E+01   0.24283E+01   0.29815E+03
   0.26800E+02   0.47708E+01   0.24283E+01   0.29815E+03
   0.27200E+02   0.47708E+01   0.24283E+01   0.29815E+03
   0.27600E+02   0.47708E+01   0.24283E+01   0.29815E+03
   0.28000E+02   0.47708E+01   0.24283E+01   0.29815E+03
   0.28400E+02   0.47708E+01   0.24283E+01   0.29815E+03
   0.28800E+02   0.47708E+01   0.24283E+01   0.29815E+03
   0.29200E+02   0.47708E+01   0.24283E+01   0.29815E+03
   0.29600E+02   0.47708E+01   0.24283E+01   0.29815E+03
   0.30000E+02   0.47708E+01   0.24283E+01   0.29815E+03
   0.30400E+02   0.47708E+01   0.24283E+01   0.29815E+03
   0.30800E+02   0.47708E+01   0.24283E+01   0.29815E+03
   0.31200E+02   0.47708E+01   0.24283E+01   0.29815E+03
   0.31600E+02   0.47708E+01   0.24283E+01   0.29815E+03
   0.32000E+02   0.47708E+01   0.24283E+01   0.29815E+03
   0.32400E+02   0.47708E+01   0.24283E+01   0.29815E+03
   0.32800E+02   0.47708E+01   0.24283E+01   0.29815E+03
   0.33200E+02   0.47708E+01   0.24283E+01   0.29815E+03
   0.33600E+02   0.47708E+01   0.24283E+01   0.29815E+03
   0.34000E+02   0.47708E+01   0.24283E+01   0.29815E+03
   0.34400E+02   0.47708E+01   0.24283E+01   0.29815E+03
   0.34800E+02   0.47708E+01   0.24283E+01   0.29815E+03
   0.35200E+02   0.47708E+01   0.24283E+01   0.29815E+03
   0.35600E+02   0.47708E+01   0.24283E+01   0.29815E+03
   0.36000E+02   0.47708E+01   0.24283E+01   0.29815E+03
   0.36400E+02   0.47708E+01   0.24283E+01   0.29815E+03
   0.36800E+02   0.47708E+01   0.24283E+01   0.29815E+03
   0.37200E+02   0.47708E+01   0.24283E+01   0.29815E+03
   0.37600E+02   0.47708E+01   0.24283E+01   0.29815E+03
   0.38000E+02   0.47708E+01   0.24283E+01   0.29815E+03
   0.38400E+02   0.47708E+01   0.24283E+01   0.29815E+03
   0.38800E+02   0.47708E+01   0.24283E+01   0.29815E+03
   0.39200E+02   0.47708E+01   0.24283E+01   0.29815E+03
   0.39600E+02   0.47708E+01   0.24283E+01   0.29815E+03
   0.40000E+02   0.47708E+01   0.24283E+01   0.29815E+03
   0.40400E+02   0.47708E+01   0.24283E+01   0.29815E+03
   0.40800E+02   0.47708E+01   0.24283E+01   0.29815E+03
   0.41200E+02   0.47708E+01   0.24283E+01   0.29815E+03
   0.41600E+02   0.47708E+01   0.24283E+01   0.29815E+03
   0.42000E+02   0.47708E+01   0.24283E+01   0.29815E+03
   0.42400E+02   0.47708E+01   0.24283E+01   0.29815E+03
   0.42800E+02   0.47708E+01   0.24283E+01   0.29815E+03
   0.43200E+02   0.47708E+01   0.24283E+01   0.29815E+03
   0.43600E+02   0.47708E+01   0.24283E+01   0.29815E+03
   0.44000E+02   0.47708E+01   0.24283E+01   0.29815E+03
   0.44400E+02   0.47708E+01   0.24283E+01   0.29815E+03
   0.44800E+02   0.47708E+01   0.24283E+01   0.29815E+03
   0.45200E+02   0.47708E+01   0.24283E+01   0.29815E+03
   0.45600E+02   0.47708E+01   0.24283E+01   0.29815E+03
   0.46000E+02   0.47708E+01   0.24283E+01   0.29815E+03
   0.46400E+02   0.47708E+01   0.24283E+01   0.29815E+03
   0.46800E+02   0.47708E+01   0.24283E+01   0.29815E+03
   0.47200E+02   0.47708E+01   0.24283E+01   0.29815E+03
   0.47600E+02   0.47708E+01   0.24283E+01   0.29815E+03
   0.48000E+02   0.47708E+01   0.24283E+01   0.29815E+03
   0.48400E+02   0.47708E+01   0.24283E+01   0.29815E+03
   0.48800E+02   0.47708E+01   0.24283E+01   0.29815E+03
   0.49200E+02   0.47708E+01   0.24283E+01   0.29815E+03
   0.49600E+02   0.47708E+01   0.24283E+01   0.29815E+03
   0.50000E+02   0.47708E+01   0.24283E+01   0.29815E+03
   0.50400E+02   0.47708E+01   0.24283E+01   0.29815E+03
   0.50800E+02   0.47708E+01   0.24283E+01   0.29815E+03
   0.51200E+02   0.47708E+01   0.24283E+01   0.29815E+03
   0.51600E+02   0.47708E+01   0.24283E+01   0.29815E+03
   0.52000E+02   0.47708E+01   0.24283E+01   0.29815E+03
   0.52400E+02   0.47708E+01   0.24283E+01   0.29815E+03
   0.52800E+02   0.47708E+01   0.24283E+01   0.29815E+03
   0.53200E+02   0.47708E+01   0.24283E+01   0.29815E+03
   0.53600E+02   0.47708E+01   0.24283E+01   0.29815E+03
   0.54000E+02   0.47708E+01   0.24283E+01   0.29815E+03
   0.54400E+02   0.47708E+01   0.24283E+01   0.29815E+03
   0.54800E+02   0.47708E+01   0.24283E+01   0.29815E+03
   0.55200E+02   0.47708E+01   0.24283E+01   0.29815E+03
   0.55600E+02   0.47708E+01   0.24283E+01   0.29815E+03
   0.56000E+02   0.47708E+01   0.24283E+01   0.29815E+03
   0.56400E+02   0.47708E+01   0.24283E+01   0.29815E+03
   0.56800E+02   0.47708E+01   0.24283E+01   0.29815E+03
   0.57200E+02   0.47708E+01   0.24283E+01   0.29815E+03
   0.57600E+02   0.47708E+01   0.24283E+01   0.29815E+03
   0.58000E+02   0.47708E+01   0.24283E+01   0.29815E+03
   0.58400E+02   0.47708E+01   0.24283E+01   0.29815E+03
   0.58800E+02   0.47708E+01   0.24283E+01   0.29815E+03
   0.59200E+02   0.47708E+01   0.24283E+01   0.29815E+03
   0.59600E+02   0.47708E+01   0.24283E+01   0.29815E+03
   0.60000E+02   0.47708E+01   0.24283E+01   0.29815E+03
   0.60400E+02   0.47708E+01   0.24283E+01   0.29815E+03
   0.60800E+02   0.47708E+01   0.24283E+01   0.29815E+03
   0.61200E+02   0.47708E+01   0.24283E+01   0.29815E+03
   0.61600E+02   0.47708E+01   0.24283E+01   0.29815E+03
   0.62000E+02   0.47708E+01   0.24283E+01   0.29815E+03
   0.62400E+02   0.47708E+01   0.24283E+01   0.29815E+03
   0.62800E+02   0.47708E+01   0.24283E+01   0.29815E+03
   0.63200E+02   0.47708E+01   0.24283E+01   0.29815E+03
   0.63600E+02   0.47708E+01   0.24283E+01   0.29815E+03
   0.64000E+02   0.47708E+01   0.24283E+01   0.29815E+03
   0.64400E+02   0.47708E+01   0.24283E+01   0.29815E+03
   0.64800E+02   0.47708E+01   0.24283E+01   0.29815E+03
   0.65200E+02   0.47708E+01   0.24283E+01   0.29815E+03
   0.65600E+02   0.47708E+01   0.24283E+01   0.29815E+03
   0.66000E+02   0.47708E+01   0.24283E+01   0.29815E+03
   0.66400E+02   0.47708E+01   0.24283E+01   0.29815E+03
   0.66800E+02   0.47708E+01   0.24283E+01   0.29815E+03
   0.67200E+02   0.47708E+01   0.24283E+01   0.29815E+03
   0.67600E+02   0.47708E+01   0.24283E+01   0.29815E+03
   0.68000E+02   0.47708E+01   0.24283E+01   0.29815E+03
   0.68400E+02   0.47708E+01   0.24283E+01   0.29815E+03
   0.68800E+02   0.47708E+01   0.24283E+01   0.29815E+03
   0.69200E+02   0.47708E+01   0.24283E+01   0.29815E+03
   0.69600E+02   0.47708E+01   0.24283E+01   0.29815E+03
   0.70000E+02   0.47708E+01   0.24283E+01   0.29815E+03
   0.70400E+02   0.47708E+01   0.24283E+01   0.29815E+03
   0.70800E+02   0.47708E+01   0.24283E+01   0.29815E+03
   0.71200E+02   0.47708E+01   0.24283E+01   0.29815E+03
   0.71600E+02   0.47708E+01   0.24283E+01   0.29815E+03
   0.72000E+02   0.47708E+01   0.24283E+01   0.29815E+03
   0.72400E+02   0.47708E+01   0.24283E+01   0.29815E+03
   0.72800E+02   0.47708E+01   0.24283E+01   0.29815E+03
   0.73200E+02   0.47708E+01   0.24283E+01   0.29815E+03
   0.73600E+02   0.47708E+01   0.24283E+01   0.29815E+03
   0.74000E+02   0.47708E+01   0.24283E+01   0.29815E+03
   0.74400E+02   0.47708E+01   0.24283E+01   0.29815E+03
   0.74800E+02   0.47708E+01   0.24283E+01   0.29815E+03
   0.75200E+02   0.47708E+01   0.24283E+01   0.29815E+03
   0.75600E+02   0.47708E+01   0.24283E+01   0.29815E+03
   0.76000E+02   0.47708E+01   0.24283E+01   0.29815E+03
   0.76400E+02   0.47708E+01   0.24283E+01   0.29815E+03
   0.76800E+02   0.47708E+01   0.24283E+01   0.29815E+03
   0.77200E+02   0.47708E+01   0.24283E+01   0.29815E+03
   0.77600E+02   0.47708E+01   0.24283E+01   0.29815E+03
   0.78000E+02   0.47708E+01   0.24283E+01   0.29815E+03
   0.78400E+02   0.47708E+01   0.24283E+01   0.29815E+03
   0.78800E+02   0.47708E+01   0.24283E+01   0.29815E+03
   0.79200E+02   0.47708E+01   0.24283E+01   0.29815E+03
   0.79600E+02   0.47708E+01   0.24283E+01   0.29815E+03
   0.80000E+02   0.47708E+01   0.24283E+01   0.29815E+03
   0.80400E+02   0.47708E+01   0.24283E+01   0.29815E+03
   0.80800E+02   0.47708E+01   0.24283E+01   0.29815E+03
   0.81200E+02   0.47708E+01   0.24283E+01   0.29815E+03
   0.81600E+02   0.47708E+01   0.24283E+01   0.29815E+03
   0.82000E+02   0.47708E+01   0.24283E+01   0.29815E+03
   0.82400E+02   0.47708E+01   0.24283E+01   0.29815E+03
   0.82800E+02   0.47708E+01   0.24283E+01   0.29815E+03
   0.83200E+02   0.47708E+01   0.24283E+01   0.29815E+03
   0.83600E+02   0.47708E+01   0.24283E+01   0.29815E+03
   0.84000E+02   0.47708E+01   0.24283E+01   0.29815E+03
   0.84400E+02   0.47708E+01   0.24283E+01   0.29815E+03
   0.84800E+02   0.47708E+01   0.24283E+01   0.29815E+03
   0.85200E+02   0.47708E+01   0.24283E+01   0.29815E+03
   0.85600E+02   0.47708E+01   0.24283E+01   0.29815E+03
   0.86000E+02   0.47708E+01   0.24283E+01   0.29815E+03
   0.86400E+02   0.47708E+01   0.24283E+01   0.29815E+03
   0.86800E+02   0.47708E+01   0.24283E+01   0.29815E+03
   0.87200E+02   0.47708E+01   0.24283E+01   0.29815E+03
   0.87600E+02   0.47708E+01   0.24283E+01   0.29815E+03
   0.88000E+02   0.47708E+01   0.24283E+01   0.29815E+03
   0.88400E+02   0.47708E+01   0.24283E+01   0.29815E+03
   0.88800E+02   0.47708E+01   0.24283E+01   0.29815E+03
   0.89200E+02   0.47708E+01   0.24283E+01   0.29815E+03
   0.89600E+02   0.47708E+01   0.24283E+01   0.29815E+03
   0.90000E+02   0.47708E+01   0.24283E+01   0.29815E+03
   0.90400E+02   0.47708E+01   0.24283E+01   0.29815E+03
   0.90800E+02   0.47708E+01   0.24283E+01   0.29815E+03
   0.91200E+02   0.47708E+01   0.24283E+01   0.29815E+03
   0.91600E+02   0.47708E+01   0.24283E+01   0.29815E+03
   0.92000E+02   0.47708E+01   0.24283E+01   0.29815E+03
   0.92400E+02   0.47708E+01   0.24283E+01   0.29815E+03
   0.92800E+02   0.47708E+01   0.24283E+01   0.29815E+03
   0.93200E+02   0.47708E+01   0.24283E+01   0.29815E+03
   0.93600E+02   0.47708E+01   0.24283E+01   0.29815E+03
   0.94000E+02   0.47708E+01   0.24283E+01   0.29815E+03
   0.94400E+02   0.47708E+01   0.24283E+01   0.29815E+03
   0.94800E+02   0.47708E+01   0.24283E+01   0.29815E+03
   0.95200E+02   0.47708E+01   0.24283E+01   0.29815E+03
   0.95600E+02   0.47708E+01   0.24283E+01   0.29815E+03
   0.96000E+02   0.47708E+01   0.24283E+01   0.29815E+03
   0.96400E+02   0.47708E+01   0.24283E+01   0.29815E+03
   0.96800E+02   0.47708E+01   0.24283E+01   0.29815E+03
   0.97200E+02   0.47708E+01   0.24283E+01   0.29815E+03
   0.97600E+02   0.47708E+01   0.24283E+01   0.29815E+03
   0.98000E+02   0.47708E+01   0.24283E+01   0.29815E+03
   0.98400E+02   0.47708E+01   0.24283E+01   0.29815E+03
   0.98800E+02   0.47708E+01   0.24283E+01   0.29815E+03
   0.99200E+02   0.47708E+01   0.24283E+01   0.29815E+03
   0.99600E+02   0.47708E+01   0.24283E+01   0.29815E+03
   0.10000E+03   0.47708E+01   0.24283E+01   0.29815E+03
