   TIME(S)     FINJ(KG/S)     FDC(KG/S)    FSTM(KG/S)     TINJ(KG)       TDC(KG)      TSTM(KG)     TWATFLR(KG)    WBAL(KG)    FSTMJT(KG/S)   TSTMJT(KG)
 0.40000E+00   0.00000E+00   0.00000E+00   0.00000E+00   0.00000E+00   0.00000E+00   0.00000E+00   0.93118E+03   0.00000E+00   0.00000E+00   0.00000E+00
 0.80000E+00   0.00000E+00   0.00000E+00   0.00000E+00   0.00000E+00   0.00000E+00   0.00000E+00   0.93118E+03  -0.11369E-12   0.00000E+00   0.00000E+00
 0.12000E+01   0.00000E+00   0.00000E+00   0.00000E+00   0.00000E+00   0.00000E+00   0.00000E+00   0.93118E+03   0.00000E+00   0.00000E+00   0.00000E+00
 0.16000E+01   0.00000E+00   0.00000E+00   0.00000E+00   0.00000E+00   0.00000E+00   0.00000E+00   0.93118E+03   0.00000E+00   0.00000E+00   0.00000E+00
 0.20000E+01   0.00000E+00   0.00000E+00   0.00000E+00   0.00000E+00   0.00000E+00   0.00000E+00   0.93118E+03   0.00000E+00   0.00000E+00   0.00000E+00
 0.24000E+01   0.00000E+00   0.00000E+00   0.00000E+00   0.00000E+00   0.00000E+00   0.00000E+00   0.93118E+03   0.34106E-12   0.00000E+00   0.00000E+00
 0.28000E+01   0.00000E+00   0.00000E+00   0.00000E+00   0.00000E+00   0.00000E+00   0.00000E+00   0.93118E+03   0.11369E-12   0.00000E+00   0.00000E+00
 0.32000E+01   0.00000E+00   0.00000E+00   0.00000E+00   0.00000E+00   0.00000E+00   0.00000E+00   0.93118E+03   0.11369E-12   0.00000E+00   0.00000E+00
 0.36000E+01   0.00000E+00   0.00000E+00   0.00000E+00   0.00000E+00   0.00000E+00   0.00000E+00   0.93118E+03   0.11369E-12   0.00000E+00   0.00000E+00
 0.40000E+01   0.00000E+00   0.00000E+00   0.00000E+00   0.00000E+00   0.00000E+00   0.00000E+00   0.93118E+03   0.11369E-12   0.00000E+00   0.00000E+00
 0.44000E+01   0.00000E+00   0.00000E+00   0.00000E+00   0.00000E+00   0.00000E+00   0.00000E+00   0.93118E+03   0.00000E+00   0.00000E+00   0.00000E+00
 0.48000E+01   0.00000E+00   0.00000E+00   0.00000E+00   0.00000E+00   0.00000E+00   0.00000E+00   0.93118E+03   0.00000E+00   0.00000E+00   0.00000E+00
 0.52000E+01   0.00000E+00   0.00000E+00   0.00000E+00   0.00000E+00   0.00000E+00   0.00000E+00   0.93118E+03   0.45475E-12   0.00000E+00   0.00000E+00
 0.56000E+01   0.00000E+00   0.00000E+00   0.00000E+00   0.00000E+00   0.00000E+00   0.00000E+00   0.93118E+03  -0.22737E-12   0.00000E+00   0.00000E+00
 0.60000E+01   0.00000E+00   0.00000E+00   0.00000E+00   0.00000E+00   0.00000E+00   0.00000E+00   0.93118E+03   0.22737E-12   0.00000E+00   0.00000E+00
 0.64000E+01   0.00000E+00   0.00000E+00   0.00000E+00   0.00000E+00   0.00000E+00   0.00000E+00   0.93118E+03   0.68212E-12   0.00000E+00   0.00000E+00
 0.68000E+01   0.00000E+00   0.00000E+00   0.00000E+00   0.00000E+00   0.00000E+00   0.00000E+00   0.93118E+03   0.34106E-12   0.00000E+00   0.00000E+00
 0.72000E+01   0.00000E+00   0.00000E+00   0.54163E-01   0.00000E+00   0.00000E+00   0.37063E-02   0.93117E+03  -0.12301E-03   0.00000E+00   0.00000E+00
 0.76000E+01   0.00000E+00   0.00000E+00   0.15750E+00   0.00000E+00   0.00000E+00   0.59178E-01   0.93112E+03  -0.30333E-03   0.00000E+00   0.00000E+00
 0.80000E+01   0.00000E+00   0.00000E+00   0.16943E+00   0.00000E+00   0.00000E+00   0.12529E+00   0.93105E+03  -0.37499E-03   0.00000E+00   0.00000E+00
 0.84000E+01   0.00000E+00   0.00000E+00   0.57758E-01   0.00000E+00   0.00000E+00   0.17361E+00   0.93100E+03  -0.19661E-03   0.00000E+00   0.00000E+00
 0.88000E+01   0.00000E+00   0.00000E+00   0.59977E-01   0.00000E+00   0.00000E+00   0.19605E+00   0.93098E+03  -0.13716E-03   0.00000E+00   0.00000E+00
 0.92000E+01   0.00000E+00   0.00000E+00   0.10222E+00   0.00000E+00   0.00000E+00   0.22073E+00   0.93096E+03  -0.17985E-03   0.00000E+00   0.00000E+00
 0.96000E+01   0.00000E+00   0.00000E+00   0.36900E-01   0.00000E+00   0.00000E+00   0.23888E+00   0.93094E+03  -0.18897E-03   0.00000E+00   0.00000E+00
 0.10000E+02   0.00000E+00   0.00000E+00   0.50425E-01   0.00000E+00   0.00000E+00   0.25885E+00   0.93092E+03  -0.22147E-03   0.00000E+00   0.00000E+00
 0.10400E+02   0.00000E+00   0.00000E+00   0.11796E+00   0.00000E+00   0.00000E+00   0.27889E+00   0.93090E+03  -0.20653E-03   0.00000E+00   0.00000E+00
 0.10800E+02   0.00000E+00   0.00000E+00   0.83594E-01   0.00000E+00   0.00000E+00   0.31835E+00   0.93086E+03  -0.20201E-03   0.00000E+00   0.00000E+00
 0.11200E+02   0.00000E+00   0.00000E+00   0.72969E-01   0.00000E+00   0.00000E+00   0.34965E+00   0.93083E+03  -0.20447E-03   0.00000E+00   0.00000E+00
 0.11600E+02   0.00000E+00   0.00000E+00   0.69042E-01   0.00000E+00   0.00000E+00   0.37805E+00   0.93080E+03  -0.19400E-03   0.00000E+00   0.00000E+00
 0.12000E+02   0.00000E+00   0.00000E+00   0.65607E-01   0.00000E+00   0.00000E+00   0.40446E+00   0.93077E+03  -0.98675E-04   0.00000E+00   0.00000E+00
 0.12400E+02   0.00000E+00   0.00000E+00   0.78494E-01   0.00000E+00   0.00000E+00   0.43345E+00   0.93074E+03  -0.16541E-03   0.00000E+00   0.00000E+00
 0.12800E+02   0.00000E+00   0.00000E+00   0.51355E-01   0.00000E+00   0.00000E+00   0.45833E+00   0.93072E+03  -0.45164E-04   0.00000E+00   0.00000E+00
 0.13200E+02   0.00000E+00   0.00000E+00   0.50043E-01   0.00000E+00   0.00000E+00   0.47847E+00   0.93070E+03  -0.38896E-04   0.00000E+00   0.00000E+00
 0.13600E+02   0.00000E+00   0.00000E+00   0.38605E-01   0.00000E+00   0.00000E+00   0.49593E+00   0.93068E+03   0.24312E-04   0.00000E+00   0.00000E+00
 0.14000E+02   0.00000E+00   0.00000E+00   0.58275E-01   0.00000E+00   0.00000E+00   0.51710E+00   0.93066E+03   0.13295E-03   0.00000E+00   0.00000E+00
 0.14400E+02   0.00000E+00   0.00000E+00   0.73491E-01   0.00000E+00   0.00000E+00   0.54277E+00   0.93063E+03   0.11217E-03   0.00000E+00   0.00000E+00
 0.14800E+02   0.00000E+00   0.00000E+00   0.55401E-01   0.00000E+00   0.00000E+00   0.56730E+00   0.93061E+03   0.20248E-03   0.00000E+00   0.00000E+00
 0.15200E+02   0.00000E+00   0.00000E+00   0.41982E-01   0.00000E+00   0.00000E+00   0.58736E+00   0.93059E+03   0.27132E-03   0.00000E+00   0.00000E+00
 0.15600E+02   0.00000E+00   0.00000E+00   0.33952E-01   0.00000E+00   0.00000E+00   0.60288E+00   0.93057E+03   0.31382E-03   0.00000E+00   0.00000E+00
 0.16000E+02   0.00000E+00   0.00000E+00   0.44211E-01   0.00000E+00   0.00000E+00   0.61789E+00   0.93056E+03   0.27726E-03   0.00000E+00   0.00000E+00
 0.16400E+02   0.00000E+00   0.00000E+00   0.45162E-01   0.00000E+00   0.00000E+00   0.63571E+00   0.93054E+03   0.27393E-03   0.00000E+00   0.00000E+00
 0.16800E+02   0.00000E+00   0.00000E+00   0.51703E-01   0.00000E+00   0.00000E+00   0.65583E+00   0.93052E+03   0.24264E-03   0.00000E+00   0.00000E+00
 0.17200E+02   0.00000E+00   0.00000E+00   0.49836E-01   0.00000E+00   0.00000E+00   0.67627E+00   0.93050E+03   0.25338E-03   0.00000E+00   0.00000E+00
 0.17600E+02   0.00000E+00   0.00000E+00   0.58396E-01   0.00000E+00   0.00000E+00   0.69804E+00   0.93048E+03   0.22383E-03   0.00000E+00   0.00000E+00
 0.18000E+02   0.00000E+00   0.00000E+00   0.62319E-01   0.00000E+00   0.00000E+00   0.72228E+00   0.93045E+03   0.20528E-03   0.00000E+00   0.00000E+00
 0.18400E+02   0.00000E+00   0.00000E+00   0.61794E-01   0.00000E+00   0.00000E+00   0.74721E+00   0.93043E+03   0.20891E-03   0.00000E+00   0.00000E+00
 0.18800E+02   0.00000E+00   0.00000E+00   0.64057E-01   0.00000E+00   0.00000E+00   0.77201E+00   0.93040E+03   0.19858E-03   0.00000E+00   0.00000E+00
 0.19200E+02   0.00000E+00   0.00000E+00   0.14145E+00   0.00000E+00   0.00000E+00   0.81734E+00   0.93036E+03  -0.35237E-05   0.00000E+00   0.00000E+00
 0.19600E+02   0.00000E+00   0.00000E+00   0.13934E+00   0.00000E+00   0.00000E+00   0.87317E+00   0.93030E+03   0.49686E-04   0.00000E+00   0.00000E+00
 0.20000E+02   0.00000E+00   0.00000E+00   0.16360E+00   0.00000E+00   0.00000E+00   0.93118E+00   0.93025E+03   0.62445E-04   0.00000E+00   0.00000E+00
 0.20400E+02   0.00000E+00   0.00000E+00   0.18130E+00   0.00000E+00   0.00000E+00   0.10015E+01   0.93018E+03  -0.20900E-04   0.00000E+00   0.00000E+00
 0.20800E+02   0.00000E+00   0.00000E+00   0.19867E+00   0.00000E+00   0.00000E+00   0.10750E+01   0.93010E+03  -0.85727E-04   0.00000E+00   0.00000E+00
 0.21200E+02   0.00000E+00   0.00000E+00   0.23230E+00   0.00000E+00   0.00000E+00   0.11614E+01   0.93002E+03  -0.18109E-03   0.00000E+00   0.00000E+00
 0.21600E+02   0.00000E+00   0.00000E+00   0.22685E+00   0.00000E+00   0.00000E+00   0.12518E+01   0.92992E+03  -0.11003E-03   0.00000E+00   0.00000E+00
 0.22000E+02   0.00000E+00   0.00000E+00   0.23268E+00   0.00000E+00   0.00000E+00   0.13460E+01   0.92983E+03  -0.11476E-03   0.00000E+00   0.00000E+00
 0.22400E+02   0.00000E+00   0.00000E+00   0.23785E+00   0.00000E+00   0.00000E+00   0.14398E+01   0.92974E+03  -0.65610E-04   0.00000E+00   0.00000E+00
 0.22800E+02   0.00000E+00   0.00000E+00   0.27004E+00   0.00000E+00   0.00000E+00   0.15397E+01   0.92964E+03  -0.12169E-03   0.00000E+00   0.00000E+00
 0.23200E+02   0.00000E+00   0.00000E+00   0.30062E+00   0.00000E+00   0.00000E+00   0.16509E+01   0.92953E+03  -0.23398E-03   0.00000E+00   0.00000E+00
 0.23600E+02   0.00000E+00   0.00000E+00   0.33761E+00   0.00000E+00   0.00000E+00   0.17774E+01   0.92940E+03  -0.30366E-03   0.00000E+00   0.00000E+00
 0.24000E+02   0.00000E+00   0.00000E+00   0.34810E+00   0.00000E+00   0.00000E+00   0.19151E+01   0.92926E+03  -0.31034E-03   0.00000E+00   0.00000E+00
 0.24400E+02   0.00000E+00   0.00000E+00   0.34828E+00   0.00000E+00   0.00000E+00   0.20544E+01   0.92912E+03  -0.32045E-03   0.00000E+00   0.00000E+00
 0.24800E+02   0.00000E+00   0.00000E+00   0.34848E+00   0.00000E+00   0.00000E+00   0.21937E+01   0.92898E+03  -0.33030E-03   0.00000E+00   0.00000E+00
 0.25200E+02   0.00000E+00   0.00000E+00   0.37430E+00   0.00000E+00   0.00000E+00   0.23378E+01   0.92884E+03  -0.33594E-03   0.00000E+00   0.00000E+00
 0.25600E+02   0.00000E+00   0.00000E+00   0.37938E+00   0.00000E+00   0.00000E+00   0.24886E+01   0.92869E+03  -0.37031E-03   0.00000E+00   0.00000E+00
 0.26000E+02   0.00000E+00   0.00000E+00   0.39345E+00   0.00000E+00   0.00000E+00   0.26408E+01   0.92854E+03  -0.42044E-03   0.00000E+00   0.00000E+00
 0.26400E+02   0.00000E+00   0.00000E+00   0.37124E+00   0.00000E+00   0.00000E+00   0.27928E+01   0.92838E+03  -0.31844E-03   0.00000E+00   0.00000E+00
 0.26800E+02   0.00000E+00   0.00000E+00   0.37357E+00   0.00000E+00   0.00000E+00   0.29394E+01   0.92824E+03  -0.29185E-03   0.00000E+00   0.00000E+00
 0.27200E+02   0.00000E+00   0.00000E+00   0.37399E+00   0.00000E+00   0.00000E+00   0.30879E+01   0.92809E+03  -0.23388E-03   0.00000E+00   0.00000E+00
 0.27600E+02   0.00000E+00   0.00000E+00   0.38185E+00   0.00000E+00   0.00000E+00   0.32392E+01   0.92794E+03  -0.35398E-04   0.00000E+00   0.00000E+00
 0.28000E+02   0.00000E+00   0.00000E+00   0.39029E+00   0.00000E+00   0.00000E+00   0.33932E+01   0.92778E+03  -0.57422E-04   0.00000E+00   0.00000E+00
 0.28400E+02   0.00000E+00   0.00000E+00   0.38835E+00   0.00000E+00   0.00000E+00   0.35489E+01   0.92763E+03  -0.56544E-04   0.00000E+00   0.00000E+00
 0.28800E+02   0.00000E+00   0.00000E+00   0.38655E+00   0.00000E+00   0.00000E+00   0.37039E+01   0.92747E+03  -0.55914E-04   0.00000E+00   0.00000E+00
 0.29200E+02   0.00000E+00   0.00000E+00   0.36979E+00   0.00000E+00   0.00000E+00   0.38549E+01   0.92732E+03   0.32711E-03   0.00000E+00   0.00000E+00
 0.29600E+02   0.00000E+00   0.00000E+00   0.37524E+00   0.00000E+00   0.00000E+00   0.40053E+01   0.92717E+03   0.50330E-03   0.00000E+00   0.00000E+00
 0.30000E+02   0.00000E+00   0.00000E+00   0.37174E+00   0.00000E+00   0.00000E+00   0.41548E+01   0.92702E+03   0.51212E-03   0.00000E+00   0.00000E+00
 0.30400E+02   0.00000E+00   0.00000E+00   0.37405E+00   0.00000E+00   0.00000E+00   0.43041E+01   0.92687E+03   0.49161E-03   0.00000E+00   0.00000E+00
 0.30800E+02   0.00000E+00   0.00000E+00   0.33767E+00   0.00000E+00   0.00000E+00   0.44496E+01   0.92673E+03   0.99357E-03   0.00000E+00   0.00000E+00
 0.31200E+02   0.00000E+00   0.00000E+00   0.37904E+00   0.00000E+00   0.00000E+00   0.45953E+01   0.92658E+03   0.12736E-02   0.00000E+00   0.00000E+00
 0.31600E+02   0.00000E+00   0.00000E+00   0.37598E+00   0.00000E+00   0.00000E+00   0.47463E+01   0.92643E+03   0.12808E-02   0.00000E+00   0.00000E+00
 0.32000E+02   0.00000E+00   0.00000E+00   0.37228E+00   0.00000E+00   0.00000E+00   0.48959E+01   0.92628E+03   0.12914E-02   0.00000E+00   0.00000E+00
 0.32400E+02   0.00000E+00   0.00000E+00   0.35187E+00   0.00000E+00   0.00000E+00   0.50407E+01   0.92613E+03   0.19736E-02   0.00000E+00   0.00000E+00
 0.32800E+02   0.00000E+00   0.00000E+00   0.36589E+00   0.00000E+00   0.00000E+00   0.51881E+01   0.92599E+03   0.19988E-02   0.00000E+00   0.00000E+00
 0.33200E+02   0.00000E+00   0.00000E+00   0.34701E+00   0.00000E+00   0.00000E+00   0.53297E+01   0.92584E+03   0.20854E-02   0.00000E+00   0.00000E+00
 0.33600E+02   0.00000E+00   0.00000E+00   0.34351E+00   0.00000E+00   0.00000E+00   0.54687E+01   0.92571E+03   0.21200E-02   0.00000E+00   0.00000E+00
 0.34000E+02   0.00000E+00   0.00000E+00   0.32581E+00   0.00000E+00   0.00000E+00   0.56002E+01   0.92557E+03   0.28623E-02   0.00000E+00   0.00000E+00
 0.34400E+02   0.00000E+00   0.00000E+00   0.33270E+00   0.00000E+00   0.00000E+00   0.57330E+01   0.92544E+03   0.29744E-02   0.00000E+00   0.00000E+00
 0.34800E+02   0.00000E+00   0.00000E+00   0.34525E+00   0.00000E+00   0.00000E+00   0.58700E+01   0.92530E+03   0.29387E-02   0.00000E+00   0.00000E+00
 0.35200E+02   0.00000E+00   0.00000E+00   0.34366E+00   0.00000E+00   0.00000E+00   0.60078E+01   0.92517E+03   0.29387E-02   0.00000E+00   0.00000E+00
 0.35600E+02   0.00000E+00   0.00000E+00   0.34608E+00   0.00000E+00   0.00000E+00   0.61460E+01   0.92503E+03   0.29198E-02   0.00000E+00   0.00000E+00
 0.36000E+02   0.00000E+00   0.00000E+00   0.34398E+00   0.00000E+00   0.00000E+00   0.62838E+01   0.92489E+03   0.29298E-02   0.00000E+00   0.00000E+00
 0.36400E+02   0.00000E+00   0.00000E+00   0.35481E+00   0.00000E+00   0.00000E+00   0.64262E+01   0.92475E+03   0.29244E-02   0.00000E+00   0.00000E+00
 0.36800E+02   0.00000E+00   0.00000E+00   0.34850E+00   0.00000E+00   0.00000E+00   0.65608E+01   0.92461E+03   0.40815E-02   0.00000E+00   0.00000E+00
 0.37200E+02   0.00000E+00   0.00000E+00   0.33880E+00   0.00000E+00   0.00000E+00   0.66983E+01   0.92447E+03   0.41226E-02   0.00000E+00   0.00000E+00
 0.37600E+02   0.00000E+00   0.00000E+00   0.34796E+00   0.00000E+00   0.00000E+00   0.68360E+01   0.92434E+03   0.40694E-02   0.00000E+00   0.00000E+00
 0.38000E+02   0.00000E+00   0.00000E+00   0.34489E+00   0.00000E+00   0.00000E+00   0.69744E+01   0.92420E+03   0.40776E-02   0.00000E+00   0.00000E+00
 0.38400E+02   0.00000E+00   0.00000E+00   0.34329E+00   0.00000E+00   0.00000E+00   0.71121E+01   0.92406E+03   0.40790E-02   0.00000E+00   0.00000E+00
 0.38800E+02   0.00000E+00   0.00000E+00   0.34166E+00   0.00000E+00   0.00000E+00   0.72490E+01   0.92392E+03   0.40808E-02   0.00000E+00   0.00000E+00
 0.39200E+02   0.00000E+00   0.00000E+00   0.33666E+00   0.00000E+00   0.00000E+00   0.73850E+01   0.92379E+03   0.40995E-02   0.00000E+00   0.00000E+00
 0.39600E+02   0.00000E+00   0.00000E+00   0.33587E+00   0.00000E+00   0.00000E+00   0.75194E+01   0.92365E+03   0.40977E-02   0.00000E+00   0.00000E+00
 0.40000E+02   0.00000E+00   0.00000E+00   0.32439E+00   0.00000E+00   0.00000E+00   0.76510E+01   0.92352E+03   0.41487E-02   0.00000E+00   0.00000E+00
 0.40400E+02   0.00000E+00   0.00000E+00   0.31612E+00   0.00000E+00   0.00000E+00   0.77793E+01   0.92339E+03   0.41837E-02   0.00000E+00   0.00000E+00
 0.40800E+02   0.00000E+00   0.00000E+00   0.30792E+00   0.00000E+00   0.00000E+00   0.79036E+01   0.92327E+03   0.42184E-02   0.00000E+00   0.00000E+00
 0.41200E+02   0.00000E+00   0.00000E+00   0.30564E+00   0.00000E+00   0.00000E+00   0.80263E+01   0.92315E+03   0.42237E-02   0.00000E+00   0.00000E+00
 0.41600E+02   0.00000E+00   0.00000E+00   0.31892E+00   0.00000E+00   0.00000E+00   0.81486E+01   0.92302E+03   0.41715E-02   0.00000E+00   0.00000E+00
 0.42000E+02   0.00000E+00   0.00000E+00   0.32259E+00   0.00000E+00   0.00000E+00   0.82778E+01   0.92289E+03   0.41581E-02   0.00000E+00   0.00000E+00
 0.42400E+02   0.00000E+00   0.00000E+00   0.31744E+00   0.00000E+00   0.00000E+00   0.84057E+01   0.92277E+03   0.41777E-02   0.00000E+00   0.00000E+00
 0.42800E+02   0.00000E+00   0.00000E+00   0.31885E+00   0.00000E+00   0.00000E+00   0.85332E+01   0.92264E+03   0.41800E-02   0.00000E+00   0.00000E+00
 0.43200E+02   0.00000E+00   0.00000E+00   0.33661E+00   0.00000E+00   0.00000E+00   0.86637E+01   0.92251E+03   0.41040E-02   0.00000E+00   0.00000E+00
 0.43600E+02   0.00000E+00   0.00000E+00   0.33472E+00   0.00000E+00   0.00000E+00   0.87980E+01   0.92237E+03   0.41080E-02   0.00000E+00   0.00000E+00
 0.44000E+02   0.00000E+00   0.00000E+00   0.32583E+00   0.00000E+00   0.00000E+00   0.89307E+01   0.92224E+03   0.41470E-02   0.00000E+00   0.00000E+00
 0.44400E+02   0.00000E+00   0.00000E+00   0.31761E+00   0.00000E+00   0.00000E+00   0.90586E+01   0.92211E+03   0.42336E-02   0.00000E+00   0.00000E+00
 0.44800E+02   0.00000E+00   0.00000E+00   0.32852E+00   0.00000E+00   0.00000E+00   0.91885E+01   0.92198E+03   0.41741E-02   0.00000E+00   0.00000E+00
 0.45200E+02   0.00000E+00   0.00000E+00   0.34662E+00   0.00000E+00   0.00000E+00   0.93211E+01   0.92185E+03   0.41845E-02   0.00000E+00   0.00000E+00
 0.45600E+02   0.00000E+00   0.00000E+00   0.34659E+00   0.00000E+00   0.00000E+00   0.94597E+01   0.92171E+03   0.41758E-02   0.00000E+00   0.00000E+00
 0.46000E+02   0.00000E+00   0.00000E+00   0.33803E+00   0.00000E+00   0.00000E+00   0.95974E+01   0.92157E+03   0.42100E-02   0.00000E+00   0.00000E+00
 0.46400E+02   0.00000E+00   0.00000E+00   0.32982E+00   0.00000E+00   0.00000E+00   0.97308E+01   0.92144E+03   0.42427E-02   0.00000E+00   0.00000E+00
 0.46800E+02   0.00000E+00   0.00000E+00   0.32897E+00   0.00000E+00   0.00000E+00   0.98631E+01   0.92131E+03   0.42989E-02   0.00000E+00   0.00000E+00
 0.47200E+02   0.00000E+00   0.00000E+00   0.32245E+00   0.00000E+00   0.00000E+00   0.99918E+01   0.92118E+03   0.43424E-02   0.00000E+00   0.00000E+00
 0.47600E+02   0.00000E+00   0.00000E+00   0.31058E+00   0.00000E+00   0.00000E+00   0.10111E+02   0.92106E+03   0.52158E-02   0.00000E+00   0.00000E+00
 0.48000E+02   0.00000E+00   0.00000E+00   0.30450E+00   0.00000E+00   0.00000E+00   0.10234E+02   0.92094E+03   0.52380E-02   0.00000E+00   0.00000E+00
 0.48400E+02   0.00000E+00   0.00000E+00   0.31213E+00   0.00000E+00   0.00000E+00   0.10357E+02   0.92081E+03   0.52089E-02   0.00000E+00   0.00000E+00
 0.48800E+02   0.00000E+00   0.00000E+00   0.31062E+00   0.00000E+00   0.00000E+00   0.10482E+02   0.92069E+03   0.52087E-02   0.00000E+00   0.00000E+00
 0.49200E+02   0.00000E+00   0.00000E+00   0.33935E+00   0.00000E+00   0.00000E+00   0.10612E+02   0.92056E+03   0.51330E-02   0.00000E+00   0.00000E+00
 0.49600E+02   0.00000E+00   0.00000E+00   0.33565E+00   0.00000E+00   0.00000E+00   0.10747E+02   0.92042E+03   0.51422E-02   0.00000E+00   0.00000E+00
 0.50000E+02   0.00000E+00   0.00000E+00   0.33186E+00   0.00000E+00   0.00000E+00   0.10880E+02   0.92029E+03   0.51523E-02   0.00000E+00   0.00000E+00
 0.50400E+02   0.00000E+00   0.00000E+00   0.32998E+00   0.00000E+00   0.00000E+00   0.11013E+02   0.92016E+03   0.51533E-02   0.00000E+00   0.00000E+00
 0.50800E+02   0.00000E+00   0.00000E+00   0.32582E+00   0.00000E+00   0.00000E+00   0.11144E+02   0.92003E+03   0.51660E-02   0.00000E+00   0.00000E+00
 0.51200E+02   0.00000E+00   0.00000E+00   0.31051E+00   0.00000E+00   0.00000E+00   0.11271E+02   0.91990E+03   0.52346E-02   0.00000E+00   0.00000E+00
 0.51600E+02   0.00000E+00   0.00000E+00   0.31007E+00   0.00000E+00   0.00000E+00   0.11394E+02   0.91978E+03   0.52292E-02   0.00000E+00   0.00000E+00
 0.52000E+02   0.00000E+00   0.00000E+00   0.32400E+00   0.00000E+00   0.00000E+00   0.11523E+02   0.91965E+03   0.51521E-02   0.00000E+00   0.00000E+00
 0.52400E+02   0.00000E+00   0.00000E+00   0.32653E+00   0.00000E+00   0.00000E+00   0.11654E+02   0.91952E+03   0.51453E-02   0.00000E+00   0.00000E+00
 0.52800E+02   0.00000E+00   0.00000E+00   0.31502E+00   0.00000E+00   0.00000E+00   0.11783E+02   0.91939E+03   0.51957E-02   0.00000E+00   0.00000E+00
 0.53200E+02   0.00000E+00   0.00000E+00   0.30820E+00   0.00000E+00   0.00000E+00   0.11907E+02   0.91926E+03   0.52228E-02   0.00000E+00   0.00000E+00
 0.53600E+02   0.00000E+00   0.00000E+00   0.30302E+00   0.00000E+00   0.00000E+00   0.12030E+02   0.91914E+03   0.52420E-02   0.00000E+00   0.00000E+00
 0.54000E+02   0.00000E+00   0.00000E+00   0.29489E+00   0.00000E+00   0.00000E+00   0.12149E+02   0.91902E+03   0.52764E-02   0.00000E+00   0.00000E+00
 0.54400E+02   0.00000E+00   0.00000E+00   0.30423E+00   0.00000E+00   0.00000E+00   0.12268E+02   0.91890E+03   0.52802E-02   0.00000E+00   0.00000E+00
 0.54800E+02   0.00000E+00   0.00000E+00   0.30210E+00   0.00000E+00   0.00000E+00   0.12389E+02   0.91878E+03   0.52845E-02   0.00000E+00   0.00000E+00
 0.55200E+02   0.00000E+00   0.00000E+00   0.30191E+00   0.00000E+00   0.00000E+00   0.12510E+02   0.91866E+03   0.52894E-02   0.00000E+00   0.00000E+00
 0.55600E+02   0.00000E+00   0.00000E+00   0.30095E+00   0.00000E+00   0.00000E+00   0.12630E+02   0.91854E+03   0.53043E-02   0.00000E+00   0.00000E+00
 0.56000E+02   0.00000E+00   0.00000E+00   0.32273E+00   0.00000E+00   0.00000E+00   0.12759E+02   0.91841E+03   0.52847E-02   0.00000E+00   0.00000E+00
 0.56400E+02   0.00000E+00   0.00000E+00   0.31979E+00   0.00000E+00   0.00000E+00   0.12888E+02   0.91828E+03   0.53107E-02   0.00000E+00   0.00000E+00
 0.56800E+02   0.00000E+00   0.00000E+00   0.31767E+00   0.00000E+00   0.00000E+00   0.13015E+02   0.91816E+03   0.53148E-02   0.00000E+00   0.00000E+00
 0.57200E+02   0.00000E+00   0.00000E+00   0.31578E+00   0.00000E+00   0.00000E+00   0.13142E+02   0.91803E+03   0.53179E-02   0.00000E+00   0.00000E+00
 0.57600E+02   0.00000E+00   0.00000E+00   0.31380E+00   0.00000E+00   0.00000E+00   0.13268E+02   0.91790E+03   0.53216E-02   0.00000E+00   0.00000E+00
 0.58000E+02   0.00000E+00   0.00000E+00   0.29799E+00   0.00000E+00   0.00000E+00   0.13390E+02   0.91778E+03   0.53947E-02   0.00000E+00   0.00000E+00
 0.58400E+02   0.00000E+00   0.00000E+00   0.28983E+00   0.00000E+00   0.00000E+00   0.13507E+02   0.91766E+03   0.54303E-02   0.00000E+00   0.00000E+00
 0.58800E+02   0.00000E+00   0.00000E+00   0.28902E+00   0.00000E+00   0.00000E+00   0.13623E+02   0.91755E+03   0.54298E-02   0.00000E+00   0.00000E+00
 0.59200E+02   0.00000E+00   0.00000E+00   0.31155E+00   0.00000E+00   0.00000E+00   0.13745E+02   0.91743E+03   0.54095E-02   0.00000E+00   0.00000E+00
 0.59600E+02   0.00000E+00   0.00000E+00   0.30735E+00   0.00000E+00   0.00000E+00   0.13870E+02   0.91730E+03   0.54309E-02   0.00000E+00   0.00000E+00
 0.60000E+02   0.00000E+00   0.00000E+00   0.29954E+00   0.00000E+00   0.00000E+00   0.13990E+02   0.91718E+03   0.54724E-02   0.00000E+00   0.00000E+00
 0.60400E+02   0.00000E+00   0.00000E+00   0.31015E+00   0.00000E+00   0.00000E+00   0.14111E+02   0.91706E+03   0.54615E-02   0.00000E+00   0.00000E+00
 0.60800E+02   0.00000E+00   0.00000E+00   0.30751E+00   0.00000E+00   0.00000E+00   0.14235E+02   0.91694E+03   0.54687E-02   0.00000E+00   0.00000E+00
 0.61200E+02   0.00000E+00   0.00000E+00   0.30976E+00   0.00000E+00   0.00000E+00   0.14358E+02   0.91681E+03   0.54663E-02   0.00000E+00   0.00000E+00
 0.61600E+02   0.00000E+00   0.00000E+00   0.31051E+00   0.00000E+00   0.00000E+00   0.14482E+02   0.91669E+03   0.54566E-02   0.00000E+00   0.00000E+00
 0.62000E+02   0.00000E+00   0.00000E+00   0.32071E+00   0.00000E+00   0.00000E+00   0.14610E+02   0.91656E+03   0.54461E-02   0.00000E+00   0.00000E+00
 0.62400E+02   0.00000E+00   0.00000E+00   0.32312E+00   0.00000E+00   0.00000E+00   0.14738E+02   0.91643E+03   0.54274E-02   0.00000E+00   0.00000E+00
 0.62800E+02   0.00000E+00   0.00000E+00   0.32434E+00   0.00000E+00   0.00000E+00   0.14868E+02   0.91630E+03   0.54306E-02   0.00000E+00   0.00000E+00
 0.63200E+02   0.00000E+00   0.00000E+00   0.32210E+00   0.00000E+00   0.00000E+00   0.14997E+02   0.91617E+03   0.54357E-02   0.00000E+00   0.00000E+00
 0.63600E+02   0.00000E+00   0.00000E+00   0.31981E+00   0.00000E+00   0.00000E+00   0.15126E+02   0.91605E+03   0.54412E-02   0.00000E+00   0.00000E+00
 0.64000E+02   0.00000E+00   0.00000E+00   0.31863E+00   0.00000E+00   0.00000E+00   0.15253E+02   0.91592E+03   0.54414E-02   0.00000E+00   0.00000E+00
 0.64400E+02   0.00000E+00   0.00000E+00   0.31837E+00   0.00000E+00   0.00000E+00   0.15381E+02   0.91579E+03   0.54371E-02   0.00000E+00   0.00000E+00
 0.64800E+02   0.00000E+00   0.00000E+00   0.30210E+00   0.00000E+00   0.00000E+00   0.15505E+02   0.91567E+03   0.55130E-02   0.00000E+00   0.00000E+00
 0.65200E+02   0.00000E+00   0.00000E+00   0.28890E+00   0.00000E+00   0.00000E+00   0.15626E+02   0.91554E+03   0.56249E-02   0.00000E+00   0.00000E+00
 0.65600E+02   0.00000E+00   0.00000E+00   0.29233E+00   0.00000E+00   0.00000E+00   0.15737E+02   0.91543E+03   0.66090E-02   0.00000E+00   0.00000E+00
 0.66000E+02   0.00000E+00   0.00000E+00   0.29605E+00   0.00000E+00   0.00000E+00   0.15855E+02   0.91531E+03   0.65970E-02   0.00000E+00   0.00000E+00
 0.66400E+02   0.00000E+00   0.00000E+00   0.30157E+00   0.00000E+00   0.00000E+00   0.15975E+02   0.91520E+03   0.65736E-02   0.00000E+00   0.00000E+00
 0.66800E+02   0.00000E+00   0.00000E+00   0.32061E+00   0.00000E+00   0.00000E+00   0.16097E+02   0.91507E+03   0.65358E-02   0.00000E+00   0.00000E+00
 0.67200E+02   0.00000E+00   0.00000E+00   0.31429E+00   0.00000E+00   0.00000E+00   0.16223E+02   0.91495E+03   0.65610E-02   0.00000E+00   0.00000E+00
 0.67600E+02   0.00000E+00   0.00000E+00   0.31769E+00   0.00000E+00   0.00000E+00   0.16350E+02   0.91482E+03   0.65379E-02   0.00000E+00   0.00000E+00
 0.68000E+02   0.00000E+00   0.00000E+00   0.31671E+00   0.00000E+00   0.00000E+00   0.16476E+02   0.91469E+03   0.65368E-02   0.00000E+00   0.00000E+00
 0.68400E+02   0.00000E+00   0.00000E+00   0.31533E+00   0.00000E+00   0.00000E+00   0.16603E+02   0.91457E+03   0.65379E-02   0.00000E+00   0.00000E+00
 0.68800E+02   0.00000E+00   0.00000E+00   0.31372E+00   0.00000E+00   0.00000E+00   0.16729E+02   0.91444E+03   0.65404E-02   0.00000E+00   0.00000E+00
 0.69200E+02   0.00000E+00   0.00000E+00   0.32030E+00   0.00000E+00   0.00000E+00   0.16854E+02   0.91432E+03   0.65499E-02   0.00000E+00   0.00000E+00
 0.69600E+02   0.00000E+00   0.00000E+00   0.31824E+00   0.00000E+00   0.00000E+00   0.16982E+02   0.91419E+03   0.65536E-02   0.00000E+00   0.00000E+00
 0.70000E+02   0.00000E+00   0.00000E+00   0.31545E+00   0.00000E+00   0.00000E+00   0.17109E+02   0.91406E+03   0.65612E-02   0.00000E+00   0.00000E+00
 0.70400E+02   0.00000E+00   0.00000E+00   0.31376E+00   0.00000E+00   0.00000E+00   0.17235E+02   0.91394E+03   0.65634E-02   0.00000E+00   0.00000E+00
 0.70800E+02   0.00000E+00   0.00000E+00   0.31369E+00   0.00000E+00   0.00000E+00   0.17360E+02   0.91381E+03   0.65578E-02   0.00000E+00   0.00000E+00
 0.71200E+02   0.00000E+00   0.00000E+00   0.31397E+00   0.00000E+00   0.00000E+00   0.17486E+02   0.91368E+03   0.65505E-02   0.00000E+00   0.00000E+00
 0.71600E+02   0.00000E+00   0.00000E+00   0.29764E+00   0.00000E+00   0.00000E+00   0.17609E+02   0.91356E+03   0.66265E-02   0.00000E+00   0.00000E+00
 0.72000E+02   0.00000E+00   0.00000E+00   0.30090E+00   0.00000E+00   0.00000E+00   0.17728E+02   0.91344E+03   0.66520E-02   0.00000E+00   0.00000E+00
 0.72400E+02   0.00000E+00   0.00000E+00   0.29390E+00   0.00000E+00   0.00000E+00   0.17847E+02   0.91332E+03   0.66808E-02   0.00000E+00   0.00000E+00
 0.72800E+02   0.00000E+00   0.00000E+00   0.30058E+00   0.00000E+00   0.00000E+00   0.17965E+02   0.91321E+03   0.66916E-02   0.00000E+00   0.00000E+00
 0.73200E+02   0.00000E+00   0.00000E+00   0.30826E+00   0.00000E+00   0.00000E+00   0.18086E+02   0.91308E+03   0.66565E-02   0.00000E+00   0.00000E+00
 0.73600E+02   0.00000E+00   0.00000E+00   0.30977E+00   0.00000E+00   0.00000E+00   0.18210E+02   0.91296E+03   0.66418E-02   0.00000E+00   0.00000E+00
 0.74000E+02   0.00000E+00   0.00000E+00   0.31043E+00   0.00000E+00   0.00000E+00   0.18334E+02   0.91284E+03   0.66442E-02   0.00000E+00   0.00000E+00
 0.74400E+02   0.00000E+00   0.00000E+00   0.32565E+00   0.00000E+00   0.00000E+00   0.18461E+02   0.91271E+03   0.66017E-02   0.00000E+00   0.00000E+00
 0.74800E+02   0.00000E+00   0.00000E+00   0.32532E+00   0.00000E+00   0.00000E+00   0.18591E+02   0.91258E+03   0.66040E-02   0.00000E+00   0.00000E+00
 0.75200E+02   0.00000E+00   0.00000E+00   0.32375E+00   0.00000E+00   0.00000E+00   0.18721E+02   0.91245E+03   0.66049E-02   0.00000E+00   0.00000E+00
 0.75600E+02   0.00000E+00   0.00000E+00   0.32229E+00   0.00000E+00   0.00000E+00   0.18850E+02   0.91232E+03   0.66054E-02   0.00000E+00   0.00000E+00
 0.76000E+02   0.00000E+00   0.00000E+00   0.32069E+00   0.00000E+00   0.00000E+00   0.18978E+02   0.91219E+03   0.66067E-02   0.00000E+00   0.00000E+00
 0.76400E+02   0.00000E+00   0.00000E+00   0.31613E+00   0.00000E+00   0.00000E+00   0.19106E+02   0.91206E+03   0.66230E-02   0.00000E+00   0.00000E+00
 0.76800E+02   0.00000E+00   0.00000E+00   0.31281E+00   0.00000E+00   0.00000E+00   0.19231E+02   0.91194E+03   0.66469E-02   0.00000E+00   0.00000E+00
 0.77200E+02   0.00000E+00   0.00000E+00   0.34306E+00   0.00000E+00   0.00000E+00   0.19360E+02   0.91181E+03   0.77464E-02   0.00000E+00   0.00000E+00
 0.77600E+02   0.00000E+00   0.00000E+00   0.30395E+00   0.00000E+00   0.00000E+00   0.19484E+02   0.91168E+03   0.95689E-02   0.00000E+00   0.00000E+00
 0.78000E+02   0.00000E+00   0.00000E+00   0.30299E+00   0.00000E+00   0.00000E+00   0.19605E+02   0.91156E+03   0.96683E-02   0.00000E+00   0.00000E+00
 0.78400E+02   0.00000E+00   0.00000E+00   0.30113E+00   0.00000E+00   0.00000E+00   0.19726E+02   0.91144E+03   0.99613E-02   0.00000E+00   0.00000E+00
 0.78800E+02   0.00000E+00   0.00000E+00   0.29241E+00   0.00000E+00   0.00000E+00   0.19844E+02   0.91132E+03   0.99983E-02   0.00000E+00   0.00000E+00
 0.79200E+02   0.00000E+00   0.00000E+00   0.28725E+00   0.00000E+00   0.00000E+00   0.19960E+02   0.91121E+03   0.10018E-01   0.00000E+00   0.00000E+00
 0.79600E+02   0.00000E+00   0.00000E+00   0.28140E+00   0.00000E+00   0.00000E+00   0.20074E+02   0.91109E+03   0.10041E-01   0.00000E+00   0.00000E+00
 0.80000E+02   0.00000E+00   0.00000E+00   0.28228E+00   0.00000E+00   0.00000E+00   0.20186E+02   0.91098E+03   0.10030E-01   0.00000E+00   0.00000E+00
 0.80400E+02   0.00000E+00   0.00000E+00   0.29056E+00   0.00000E+00   0.00000E+00   0.20301E+02   0.91087E+03   0.99886E-02   0.00000E+00   0.00000E+00
 0.80800E+02   0.00000E+00   0.00000E+00   0.26087E+00   0.00000E+00   0.00000E+00   0.20415E+02   0.91075E+03   0.10215E-01   0.00000E+00   0.00000E+00
 0.81200E+02   0.00000E+00   0.00000E+00   0.26043E+00   0.00000E+00   0.00000E+00   0.20513E+02   0.91065E+03   0.12056E-01   0.00000E+00   0.00000E+00
 0.81600E+02   0.00000E+00   0.00000E+00   0.28488E+00   0.00000E+00   0.00000E+00   0.20625E+02   0.91054E+03   0.12226E-01   0.00000E+00   0.00000E+00
 0.82000E+02   0.00000E+00   0.00000E+00   0.28338E+00   0.00000E+00   0.00000E+00   0.20738E+02   0.91043E+03   0.12233E-01   0.00000E+00   0.00000E+00
 0.82400E+02   0.00000E+00   0.00000E+00   0.28310E+00   0.00000E+00   0.00000E+00   0.20852E+02   0.91031E+03   0.12233E-01   0.00000E+00   0.00000E+00
 0.82800E+02   0.00000E+00   0.00000E+00   0.28271E+00   0.00000E+00   0.00000E+00   0.20965E+02   0.91020E+03   0.12233E-01   0.00000E+00   0.00000E+00
 0.83200E+02   0.00000E+00   0.00000E+00   0.27581E+00   0.00000E+00   0.00000E+00   0.21077E+02   0.91009E+03   0.12265E-01   0.00000E+00   0.00000E+00
 0.83600E+02   0.00000E+00   0.00000E+00   0.26999E+00   0.00000E+00   0.00000E+00   0.21186E+02   0.90998E+03   0.12291E-01   0.00000E+00   0.00000E+00
 0.84000E+02   0.00000E+00   0.00000E+00   0.28015E+00   0.00000E+00   0.00000E+00   0.21296E+02   0.90987E+03   0.12247E-01   0.00000E+00   0.00000E+00
 0.84400E+02   0.00000E+00   0.00000E+00   0.29391E+00   0.00000E+00   0.00000E+00   0.21411E+02   0.90975E+03   0.12232E-01   0.00000E+00   0.00000E+00
 0.84800E+02   0.00000E+00   0.00000E+00   0.26512E+00   0.00000E+00   0.00000E+00   0.21525E+02   0.90964E+03   0.12495E-01   0.00000E+00   0.00000E+00
 0.85200E+02   0.00000E+00   0.00000E+00   0.28315E+00   0.00000E+00   0.00000E+00   0.21637E+02   0.90953E+03   0.13039E-01   0.00000E+00   0.00000E+00
 0.85600E+02   0.00000E+00   0.00000E+00   0.27176E+00   0.00000E+00   0.00000E+00   0.21749E+02   0.90941E+03   0.13176E-01   0.00000E+00   0.00000E+00
 0.86000E+02   0.00000E+00   0.00000E+00   0.27434E+00   0.00000E+00   0.00000E+00   0.21858E+02   0.90930E+03   0.13405E-01   0.00000E+00   0.00000E+00
 0.86400E+02   0.00000E+00   0.00000E+00   0.26830E+00   0.00000E+00   0.00000E+00   0.21967E+02   0.90920E+03   0.13430E-01   0.00000E+00   0.00000E+00
 0.86800E+02   0.00000E+00   0.00000E+00   0.26651E+00   0.00000E+00   0.00000E+00   0.22074E+02   0.90909E+03   0.13433E-01   0.00000E+00   0.00000E+00
 0.87200E+02   0.00000E+00   0.00000E+00   0.27078E+00   0.00000E+00   0.00000E+00   0.22181E+02   0.90898E+03   0.13406E-01   0.00000E+00   0.00000E+00
 0.87600E+02   0.00000E+00   0.00000E+00   0.27289E+00   0.00000E+00   0.00000E+00   0.22291E+02   0.90887E+03   0.13391E-01   0.00000E+00   0.00000E+00
 0.88000E+02   0.00000E+00   0.00000E+00   0.27682E+00   0.00000E+00   0.00000E+00   0.22415E+02   0.90875E+03   0.14237E-01   0.00000E+00   0.00000E+00
 0.88400E+02   0.00000E+00   0.00000E+00   0.27942E+00   0.00000E+00   0.00000E+00   0.22526E+02   0.90864E+03   0.14539E-01   0.00000E+00   0.00000E+00
 0.88800E+02   0.00000E+00   0.00000E+00   0.27549E+00   0.00000E+00   0.00000E+00   0.22638E+02   0.90852E+03   0.14563E-01   0.00000E+00   0.00000E+00
 0.89200E+02   0.00000E+00   0.00000E+00   0.27538E+00   0.00000E+00   0.00000E+00   0.22748E+02   0.90841E+03   0.14631E-01   0.00000E+00   0.00000E+00
 0.89600E+02   0.00000E+00   0.00000E+00   0.28411E+00   0.00000E+00   0.00000E+00   0.22858E+02   0.90830E+03   0.14630E-01   0.00000E+00   0.00000E+00
 0.90000E+02   0.00000E+00   0.00000E+00   0.28497E+00   0.00000E+00   0.00000E+00   0.22973E+02   0.90819E+03   0.14633E-01   0.00000E+00   0.00000E+00
 0.90400E+02   0.00000E+00   0.00000E+00   0.28103E+00   0.00000E+00   0.00000E+00   0.23086E+02   0.90808E+03   0.14645E-01   0.00000E+00   0.00000E+00
 0.90800E+02   0.00000E+00   0.00000E+00   0.27992E+00   0.00000E+00   0.00000E+00   0.23198E+02   0.90796E+03   0.14660E-01   0.00000E+00   0.00000E+00
 0.91200E+02   0.00000E+00   0.00000E+00   0.28242E+00   0.00000E+00   0.00000E+00   0.23310E+02   0.90785E+03   0.14651E-01   0.00000E+00   0.00000E+00
 0.91600E+02   0.00000E+00   0.00000E+00   0.23125E+00   0.00000E+00   0.00000E+00   0.23419E+02   0.90774E+03   0.14730E-01   0.00000E+00   0.00000E+00
 0.92000E+02   0.00000E+00   0.00000E+00   0.24439E+00   0.00000E+00   0.00000E+00   0.23515E+02   0.90765E+03   0.15060E-01   0.00000E+00   0.00000E+00
 0.92400E+02   0.00000E+00   0.00000E+00   0.24286E+00   0.00000E+00   0.00000E+00   0.23612E+02   0.90755E+03   0.15061E-01   0.00000E+00   0.00000E+00
 0.92800E+02   0.00000E+00   0.00000E+00   0.19190E+00   0.00000E+00   0.00000E+00   0.23703E+02   0.90746E+03   0.15664E-01   0.00000E+00   0.00000E+00
 0.93200E+02   0.00000E+00   0.00000E+00   0.23251E+00   0.00000E+00   0.00000E+00   0.23791E+02   0.90737E+03   0.16453E-01   0.00000E+00   0.00000E+00
 0.93600E+02   0.00000E+00   0.00000E+00   0.23108E+00   0.00000E+00   0.00000E+00   0.23884E+02   0.90728E+03   0.16454E-01   0.00000E+00   0.00000E+00
 0.94000E+02   0.00000E+00   0.00000E+00   0.23897E+00   0.00000E+00   0.00000E+00   0.23979E+02   0.90718E+03   0.16454E-01   0.00000E+00   0.00000E+00
 0.94400E+02   0.00000E+00   0.00000E+00   0.24121E+00   0.00000E+00   0.00000E+00   0.24075E+02   0.90709E+03   0.16453E-01   0.00000E+00   0.00000E+00
 0.94800E+02   0.00000E+00   0.00000E+00   0.24027E+00   0.00000E+00   0.00000E+00   0.24171E+02   0.90699E+03   0.16459E-01   0.00000E+00   0.00000E+00
 0.95200E+02   0.00000E+00   0.00000E+00   0.23925E+00   0.00000E+00   0.00000E+00   0.24267E+02   0.90689E+03   0.16475E-01   0.00000E+00   0.00000E+00
 0.95600E+02   0.00000E+00   0.00000E+00   0.24033E+00   0.00000E+00   0.00000E+00   0.24363E+02   0.90680E+03   0.16480E-01   0.00000E+00   0.00000E+00
 0.96000E+02   0.00000E+00   0.00000E+00   0.23783E+00   0.00000E+00   0.00000E+00   0.24459E+02   0.90670E+03   0.16485E-01   0.00000E+00   0.00000E+00
 0.96400E+02   0.00000E+00   0.00000E+00   0.23752E+00   0.00000E+00   0.00000E+00   0.24554E+02   0.90661E+03   0.16479E-01   0.00000E+00   0.00000E+00
 0.96800E+02   0.00000E+00   0.00000E+00   0.23805E+00   0.00000E+00   0.00000E+00   0.24650E+02   0.90651E+03   0.16495E-01   0.00000E+00   0.00000E+00
 0.97200E+02   0.00000E+00   0.00000E+00   0.24631E+00   0.00000E+00   0.00000E+00   0.24749E+02   0.90641E+03   0.16504E-01   0.00000E+00   0.00000E+00
 0.97600E+02   0.00000E+00   0.00000E+00   0.24341E+00   0.00000E+00   0.00000E+00   0.24847E+02   0.90631E+03   0.16519E-01   0.00000E+00   0.00000E+00
 0.98000E+02   0.00000E+00   0.00000E+00   0.24408E+00   0.00000E+00   0.00000E+00   0.24944E+02   0.90622E+03   0.16525E-01   0.00000E+00   0.00000E+00
 0.98400E+02   0.00000E+00   0.00000E+00   0.24513E+00   0.00000E+00   0.00000E+00   0.25042E+02   0.90612E+03   0.16520E-01   0.00000E+00   0.00000E+00
 0.98800E+02   0.00000E+00   0.00000E+00   0.24445E+00   0.00000E+00   0.00000E+00   0.25139E+02   0.90602E+03   0.16516E-01   0.00000E+00   0.00000E+00
 0.99200E+02   0.00000E+00   0.00000E+00   0.26391E+00   0.00000E+00   0.00000E+00   0.25242E+02   0.90592E+03   0.16516E-01   0.00000E+00   0.00000E+00
 0.99600E+02   0.00000E+00   0.00000E+00   0.26567E+00   0.00000E+00   0.00000E+00   0.25349E+02   0.90581E+03   0.16515E-01   0.00000E+00   0.00000E+00
 0.10000E+03   0.00000E+00   0.00000E+00   0.27266E+00   0.00000E+00   0.00000E+00   0.25455E+02   0.90570E+03   0.16521E-01   0.00000E+00   0.00000E+00
